564,91,686,628
575,73,685,646
590,56,679,659
600,37,674,680
608,20,668,690
611,14,665,701
616,7,662,708
621,0,658,713
620,0,657,717
625,0,649,718
622,0,657,720
638,0,638,719
636,0,643,718
628,0,649,716
618,3,659,714
617,5,648,714
596,20,671,698
598,18,675,694
588,33,669,686
581,47,671,665
582,54,652,665
582,53,667,667
584,50,664,669
584,46,669,670
589,35,668,685
598,20,656,699
593,10,659,708
588,4,656,711
571,3,656,716
570,1,657,713
544,9,645,710
527,8,641,697
506,8,644,699
491,13,640,707
471,21,648,693
473,20,645,700
460,27,649,693
457,35,643,685
450,45,651,669
451,51,651,658
456,64,651,655
452,60,657,660
455,67,665,652
462,72,669,648
469,87,671,633
477,95,671,625
485,98,669,622
486,96,669,618
495,92,668,628
508,79,669,637
524,91,663,628
532,65,667,648
540,47,671,673
540,41,679,669
548,23,674,692
551,8,679,712
551,6,676,703
551,4,683,707
554,14,679,706
549,13,689,707
547,41,693,678
547,36,714,675
542,55,721,657
540,76,725,644
536,95,732,625
535,94,730,626
538,106,729,606
537,106,737,603
539,102,729,618
523,91,746,629
517,87,738,632
514,85,744,635
528,79,751,640
530,82,740,637
528,63,727,656
518,67,728,653
499,79,737,640
488,89,746,630
490,87,740,632
525,88,698,631
524,98,693,621
502,104,700,614
481,111,707,608
478,115,713,602
454,121,720,596
430,128,727,589
406,134,733,583
382,141,740,577
358,147,747,570
343,153,754,564
309,160,760,558
321,165,764,546
333,170,767,535
345,186,771,513
320,189,811,503
309,197,820,493
339,201,815,483
378,203,794,475
422,208,794,465
425,208,795,454
428,208,796,444
442,207,793,445
421,199,789,445
454,180,730,484
425,159,769,530
411,134,805,565
384,122,802,597
386,123,802,596
356,115,797,605
303,123,778,528
249,131,794,452
206,137,811,480
192,153,782,458
191,159,788,448
139,171,794,475
114,185,795,456
97,195,783,446
89,199,781,457
108,193,772,456
121,193,775,458
135,193,778,460
168,182,762,462
197,174,763,484
228,166,764,484
255,159,750,490
260,154,754,496
261,147,745,508
254,130,758,528
244,126,762,533
224,119,772,536
197,113,790,550
198,115,784,544
