458,87,371,471
471,110,339,461
461,141,378,463
474,138,358,452
469,161,375,469
476,180,370,467
472,192,374,464
480,195,375,464
474,203,389,455
474,201,384,465
472,204,396,465
482,195,390,462
478,185,404,468
482,174,403,474
476,171,413,481
482,173,405,472
473,164,415,487
470,160,421,493
467,156,406,496
452,158,443,496
449,158,446,506
446,155,446,506
441,149,453,532
437,145,459,518
436,144,466,527
435,141,469,535
427,152,478,539
433,150,473,542
433,156,473,548
422,172,489,548
415,202,489,517
410,210,497,508
406,218,505,500
401,227,513,491
397,235,521,483
392,244,529,474
391,237,535,481
389,229,541,489
388,222,547,496
387,215,553,503
386,208,560,511
383,193,568,526
379,189,576,530
374,185,584,534
370,180,592,538
365,176,601,542
361,172,609,547
356,167,617,551
352,163,625,555
347,159,633,559
343,155,642,564
342,153,642,566
