1,1,1152,717
3,0,1133,713
0,12,1150,694
0,14,1098,683
8,10,1095,700
0,9,1090,693
3,9,1102,696
9,6,1058,699
3,5,1076,699
8,0,1067,704
1,1,1112,717
0,0,1114,720
6,0,1110,720
237,0,739,640
352,16,532,560
412,62,415,477
455,105,336,411
457,107,333,407
487,147,277,349
515,191,226,280
527,203,204,268
538,222,184,246
550,241,158,222
554,248,154,211
558,256,145,200
566,263,128,188
569,271,121,177
572,278,114,163
574,286,107,154
577,288,100,150
580,295,93,142
580,299,89,136
581,303,85,130
582,307,81,123
583,311,77,117
583,315,73,111
584,319,69,106
585,321,65,101
585,327,61,94
586,331,56,88
587,335,52,82
586,337,50,79
586,339,48,76
586,341,46,74
586,343,44,71
586,345,42,69
586,347,40,66
586,349,39,62
586,351,38,60
587,351,37,58
587,353,36,58
588,358,33,51
588,359,32,49
588,359,32,49
589,359,31,48
589,362,30,45
589,363,29,44
589,365,29,42
589,365,28,40
589,367,28,40
591,366,27,42
590,368,28,38
591,368,26,36
591,369,26,36
592,370,25,35
592,371,25,34
593,371,25,34
594,371,24,33
595,372,24,32
596,372,23,32
598,374,22,29
598,373,21,29
599,374,20,28
601,376,19,28
602,376,19,27
603,377,19,26
604,377,18,25
604,377,18,25
604,378,18,24
605,380,18,23
608,380,16,21
350,160,144,241
353,165,145,242
356,171,147,243
359,177,148,244
362,183,150,246
365,189,152,247
368,195,153,248
371,199,155,248
373,203,156,248
375,207,157,248
378,211,159,249
379,212,160,248
381,214,161,247
383,216,162,246
384,218,163,246
386,217,164,245
387,216,165,244
388,216,166,244
390,215,167,243
391,214,168,242
393,214,170,242
388,212,172,242
383,211,174,242
378,210,176,242
373,208,178,243
368,207,180,243
364,206,182,243
358,204,185,244
352,203,188,244
346,202,191,244
340,201,195,245
338,203,198,243
336,205,201,242
334,207,204,241
332,209,208,241
330,212,213,241
329,214,217,242
327,216,221,242
325,218,225,242
323,220,230,243
331,218,228,248
330,220,231,248
330,222,235,248
330,224,238,248
330,227,241,247
327,226,245,250
325,225,249,252
323,224,254,254
320,223,258,256
318,222,262,258
316,221,267,261
311,223,274,261
306,225,281,262
302,228,288,263
297,230,295,264
293,233,303,265
288,235,310,266
284,237,317,267
284,239,326,267
284,241,335,268
285,243,345,269
285,248,356,268
287,243,365,269
275,238,370,274
287,248,382,270
287,255,391,271
286,262,399,272
278,273,408,272
274,275,416,273
278,283,425,274
282,291,434,274
276,287,447,282
275,286,482,289
274,285,494,293
273,284,504,295
268,277,523,304
246,264,552,321
251,240,571,347
251,201,576,387
257,172,592,426
268,170,580,429
263,145,594,466
273,117,591,510
205,126,642,485
193,146,642,403
184,166,628,355
177,174,631,340
170,183,623,330
177,204,601,311
188,223,590,322
216,243,575,308
239,252,564,301
247,254,567,304
283,262,557,307
332,281,531,290
365,287,537,284
416,303,489,270
322,294,87,83
321,293,87,81
330,288,86,84
334,283,89,84
339,278,93,85
343,273,96,86
348,268,95,88
346,265,99,88
344,262,102,89
343,259,105,90
341,257,108,91
338,251,113,95
336,249,115,94
334,247,118,94
331,242,120,94
327,237,122,94
317,227,124,97
313,221,126,97
308,216,128,97
304,210,131,96
299,205,133,96
295,200,135,96
291,194,137,96
288,188,141,96
286,181,144,97
285,176,147,98
284,170,151,99
283,165,154,100
282,159,158,101
281,154,161,102
280,149,165,103
284,148,157,107
283,148,162,108
282,147,168,108
282,147,174,108
281,147,180,108
281,147,186,108
285,147,182,106
289,148,178,104
284,152,196,106
288,160,198,103
295,161,201,104
298,168,202,101
299,167,201,101
301,170,213,105
304,174,225,102
308,175,214,101
308,178,236,103
309,178,239,103
311,178,242,102
315,178,247,103
317,178,256,103
318,177,257,104
320,178,266,102
322,180,267,106
322,181,270,103
321,184,275,106
323,188,274,107
319,194,283,104
318,199,290,100
320,203,287,103
317,202,292,105
316,204,298,105
314,207,304,104
312,210,310,104
310,213,316,102
311,212,321,100
311,211,326,98
311,210,331,96
312,210,337,94
320,207,330,93
326,205,330,89
321,204,338,87
324,205,334,87
333,204,329,80
338,204,327,77
343,203,319,77
350,204,312,76
352,204,310,74
352,205,309,72
358,209,298,69
359,217,293,71
364,219,282,74
366,225,276,73
373,231,260,71
368,229,264,72
378,234,252,70
389,233,234,69
386,236,233,69
388,238,228,65
395,239,215,64
390,238,222,63
393,240,210,61
393,242,206,60
397,242,200,61
401,243,194,59
404,244,190,58
405,243,189,59
413,247,179,57
420,250,174,55
427,252,171,53
432,252,161,51
441,252,154,51
441,252,154,52
448,254,148,51
453,253,143,54
459,254,134,51
462,255,134,50
464,253,128,50
465,253,129,50
467,252,131,53
463,248,114,56
462,248,111,55
459,247,110,57
456,243,106,59
456,243,106,59
456,246,100,55
453,249,101,55
450,249,105,59
453,257,98,58
450,261,101,61
448,258,100,64
447,263,101,61
447,268,98,63
449,275,96,62
447,281,97,62
450,296,85,60
448,295,87,59
452,302,83,61
456,313,81,58
460,325,79,61
462,335,74,60
467,345,73,61
465,349,72,60
474,357,64,55
477,365,65,55
489,371,54,52
494,377,56,54
496,383,58,51
495,383,59,52
502,389,58,51
508,394,54,48
513,398,53,48
518,401,54,49
527,406,54,48
528,406,53,49
535,410,53,48
541,414,53,48
550,418,53,48
558,422,53,47
567,425,52,49
567,424,51,48
575,426,49,48
582,430,49,46
591,430,48,48
596,431,47,48
602,432,46,47
602,431,46,48
608,432,44,48
614,431,42,49
619,432,42,49
622,429,42,50
627,425,43,54
627,426,43,53
632,424,43,53
636,423,41,53
641,421,41,52
644,418,41,52
647,416,40,52
647,416,40,52
650,413,39,52
291,110,372,609
289,117,372,593
290,119,378,601
299,118,374,602
300,119,369,601
300,124,377,591
306,125,383,584
303,117,390,603
294,137,412,583
293,151,425,569
291,146,425,573
291,169,433,545
306,198,416,521
310,222,414,497
314,243,406,475
316,263,393,456
318,259,392,459
323,281,377,438
330,289,363,431
336,291,354,429
351,296,336,424
366,282,331,434
367,282,328,435
377,252,319,464
382,215,316,504
382,178,322,538
377,140,335,576
367,113,350,597
370,111,352,603
361,99,370,611
361,92,374,627
