532,0,537,718
536,0,534,720
543,0,537,720
551,2,531,712
546,12,539,700
553,0,519,720
556,2,529,712
558,0,529,720
557,5,533,705
546,10,573,710
532,30,595,687
529,33,607,687
522,49,616,671
521,79,592,641
519,110,568,610
511,131,560,589
509,154,545,566
508,153,551,567
503,177,556,543
503,179,564,541
492,198,590,522
483,207,611,513
482,207,637,513
480,206,638,514
472,205,642,512
464,205,647,510
457,204,644,512
449,204,641,514
442,204,639,516
443,204,637,516
447,198,631,522
445,196,641,524
435,182,650,538
440,181,649,539
437,179,648,541
435,177,647,543
432,168,644,544
429,181,636,539
428,187,631,532
