675,177,208,149
671,175,212,148
667,173,216,147
657,171,224,146
653,169,229,145
651,167,230,143
639,165,241,142
641,163,238,141
640,161,239,140
636,159,243,139
631,157,247,137
632,154,242,131
629,156,252,133
622,159,256,132
615,161,261,131
608,164,266,130
601,166,270,129
594,167,276,129
586,169,283,128
579,170,289,128
571,172,295,127
566,172,299,127
562,172,303,127
552,170,309,122
543,168,316,117
535,168,322,118
533,167,322,116
522,167,324,114
511,167,326,111
500,167,327,109
490,167,329,104
488,164,330,102
487,162,331,101
486,160,331,98
485,158,332,95
484,156,333,93
483,154,333,90
491,154,331,88
491,155,331,87
492,156,331,86
493,157,331,85
499,162,327,84
501,166,315,85
502,166,315,85
503,167,316,85
511,167,310,85
519,168,304,85
527,169,299,85
536,166,297,86
541,163,292,82
541,164,294,83
545,165,293,83
548,166,289,84
551,167,285,85
551,168,281,86
552,170,277,87
551,172,279,88
551,176,272,90
552,181,266,91
552,186,263,92
553,191,259,93
555,193,255,93
558,195,251,93
561,197,247,92
565,198,243,91
570,200,239,89
574,201,235,87
578,202,231,85
581,203,227,83
585,204,223,81
587,208,223,80
593,204,218,88
596,209,215,85
602,213,210,83
608,217,205,82
613,221,200,81
619,225,195,80
621,227,194,83
623,230,193,86
625,233,192,88
628,235,188,87
632,237,183,85
636,239,179,83
640,241,174,82
644,243,170,85
649,246,167,88
649,247,163,85
649,249,160,88
649,251,157,90
651,257,146,91
654,264,136,92
656,270,132,97
657,270,129,97
654,276,126,102
651,283,122,107
648,289,118,113
646,296,115,103
643,303,115,98
643,303,113,99
638,309,114,97
627,311,112,96
626,312,104,100
621,314,104,100
615,315,103,106
610,318,102,106
605,321,102,105
599,324,101,103
593,327,101,102
587,330,100,100
581,333,100,99
579,333,103,99
573,332,101,99
568,331,99,99
563,330,97,97
558,330,95,95
553,329,93,93
556,330,89,93
552,327,85,91
548,321,83,92
542,316,83,94
