574,165,342,425
574,162,342,426
574,159,342,428
574,156,342,429
574,153,342,431
574,150,342,432
574,146,342,434
574,143,342,435
574,140,342,437
574,137,342,438
574,134,345,441
574,131,348,444
574,129,351,448
574,122,354,447
574,120,357,450
574,117,360,451
579,115,358,448
577,109,362,459
576,108,367,463
575,107,371,468
573,106,375,473
567,104,384,476
565,99,399,488
544,103,426,500
524,100,454,520
503,96,481,540
484,98,506,563
477,93,517,571
451,91,550,591
425,85,584,616
399,79,618,640
395,60,649,659
391,10,702,709
386,9,712,710
382,0,760,720
378,0,822,720
374,0,872,720
370,0,909,720
388,0,890,720
397,0,880,720
357,0,922,720
327,2,952,717
269,0,1010,720
206,3,1073,716
160,6,1119,713
167,0,1112,720
175,5,1104,714
101,0,1178,720
136,0,1010,664
170,2,837,605
205,26,691,525
210,42,689,509
241,60,569,472
258,83,491,429
283,117,405,380
307,143,335,344
323,170,288,317
330,177,279,306
344,199,241,275
359,223,211,245
374,247,181,214
383,262,159,197
393,278,137,180
397,282,134,175
408,288,122,167
421,298,102,154
428,308,92,143
436,316,81,134
438,322,77,125
438,322,77,125
443,329,74,118
449,336,66,108
452,341,61,104
452,347,58,96
452,351,54,92
452,351,54,91
451,354,51,87
449,356,47,84
449,358,46,79
449,360,45,76
449,363,45,72
448,363,46,71
448,364,45,68
449,365,43,66
450,367,41,64
450,368,39,62
451,370,37,60
452,371,36,58
452,372,35,56
453,373,34,54
454,375,34,53
457,377,32,48
459,379,32,46
459,379,32,46
461,380,30,44
463,380,29,42
466,380,29,41
469,380,29,39
472,381,29,37
473,381,28,37
477,381,28,37
931,206,19,34
931,206,20,35
931,207,20,36
931,208,21,37
931,208,21,38
931,209,22,39
932,210,22,39
932,211,22,40
932,211,23,41
932,213,23,42
933,214,23,43
933,215,23,44
933,217,24,45
934,218,24,46
934,220,24,47
934,221,24,48
934,222,24,49
933,224,24,49
933,226,25,50
933,228,25,51
933,230,26,51
933,232,27,52
934,232,27,53
932,235,29,53
932,236,30,55
932,236,31,57
932,237,33,59
933,237,33,60
933,238,34,61
933,239,34,62
933,239,35,63
932,239,36,65
932,239,37,66
931,239,39,68
930,239,40,69
930,239,42,71
930,237,44,73
930,234,47,75
930,232,49,78
930,230,52,80
931,227,55,83
927,221,64,91
924,215,67,98
918,211,73,101
910,200,83,110
905,186,94,118
905,189,94,117
896,174,108,127
886,159,117,139
876,147,130,150
865,136,144,166
843,123,171,184
845,122,174,185
824,102,208,211
802,77,246,249
773,57,306,292
718,41,407,348
650,28,569,422
658,6,557,452
522,7,757,557
298,6,981,697
0,32,1280,687
0,119,1280,600
0,215,1048,504
0,222,1062,497
0,252,781,467
0,255,561,463
0,252,467,418
2,266,472,336
142,274,382,295
150,274,366,291
268,291,305,259
363,298,257,237
428,296,241,229
482,293,215,227
526,278,202,242
531,281,198,242
565,264,189,265
582,242,186,291
603,213,189,331
600,204,210,350
613,188,200,371
614,191,200,366
609,186,211,360
605,181,207,396
600,176,203,406
575,169,213,407
550,163,223,408
548,157,226,420
516,155,253,406
498,162,286,387
483,166,324,391
468,170,345,378
454,174,366,365
443,178,379,362
429,177,373,357
416,176,367,351
402,175,361,351
388,174,355,351
393,187,339,329
400,185,332,329
413,193,319,318
427,201,306,289
441,197,295,279
448,191,287,276
517,173,214,152
513,171,218,151
493,164,222,154
474,157,227,156
459,152,231,156
445,147,234,156
431,142,238,155
424,140,241,155
418,138,245,155
411,136,248,154
409,134,243,151
398,131,252,151
390,128,257,151
387,126,257,148
380,127,259,146
369,125,264,145
360,124,271,143
352,122,273,141
344,122,280,138
343,121,281,137
340,120,284,140
333,116,289,143
335,115,291,141
337,115,293,138
339,115,296,135
341,115,298,132
344,115,301,130
355,114,301,129
366,113,301,128
370,113,304,127
376,116,304,126
374,116,306,123
376,121,308,121
378,127,305,117
377,135,306,112
374,144,306,111
369,153,309,108
370,153,306,108
367,162,309,106
367,169,309,101
375,174,300,103
383,177,299,99
391,180,299,96
399,184,298,93
407,187,298,90
415,190,298,87
429,193,295,84
443,195,292,82
458,198,282,77
460,198,285,77
471,199,288,78
484,197,285,76
498,196,283,75
503,191,284,74
509,187,280,73
508,189,281,71
511,184,277,72
512,179,272,71
514,174,272,70
519,169,268,67
529,162,255,68
527,164,262,67
532,160,256,64
551,155,244,65
557,152,239,63
559,153,246,61
567,153,242,63
566,153,245,63
576,157,235,61
586,162,225,59
587,166,227,61
588,163,227,69
599,170,221,65
601,170,221,66
604,167,223,70
620,172,217,69
636,173,212,67
647,177,212,64
664,176,206,65
663,177,209,64
677,178,208,64
692,179,204,66
702,180,198,66
705,184,196,69
709,188,195,69
713,192,194,69
717,196,193,68
718,199,190,69
719,203,188,71
720,207,185,72
721,211,182,73
722,214,180,72
724,218,178,72
726,221,175,71
728,225,173,70
729,228,171,70
731,232,166,67
733,234,164,66
734,235,162,66
735,236,160,65
737,238,159,65
738,236,156,65
739,235,154,65
741,233,152,66
742,232,149,66
743,230,147,67
744,232,145,66
745,233,143,66
745,235,141,65
746,237,139,65
747,238,137,65
748,247,133,65
750,255,130,65
752,263,126,65
754,271,123,66
752,272,125,64
752,284,123,65
752,296,121,65
753,309,119,66
753,322,116,65
754,336,113,65
755,339,112,61
755,351,110,61
755,363,107,61
755,375,105,61
753,386,101,63
748,398,102,62
746,399,101,63
739,410,100,64
734,419,99,65
726,427,96,65
717,432,89,68
712,436,89,66
707,439,89,64
701,443,90,62
693,445,86,59
685,446,83,56
680,447,80,56
673,448,78,54
666,450,79,52
660,452,80,51
651,454,83,50
645,456,79,49
640,457,76,49
636,460,72,47
637,460,70,48
630,463,71,46
624,465,67,46
618,469,68,44
612,474,64,44
609,478,60,42
608,479,61,42
602,485,61,42
597,489,62,42
592,492,63,42
590,154,275,565
559,165,306,555
560,160,309,560
539,161,331,559
583,166,279,554
593,160,255,560
571,157,265,563
543,164,276,556
544,161,274,559
513,170,291,550
489,189,290,530
482,207,276,506
473,235,281,481
465,260,266,456
468,257,262,457
464,282,261,434
466,297,268,415
464,312,276,401
464,324,277,387
461,330,278,384
468,330,273,389
444,326,300,388
432,316,309,397
429,311,306,404
421,300,302,416
409,290,303,422
413,290,302,425
388,288,309,428
369,270,326,444
356,250,344,468
336,225,364,491
319,193,399,517
318,190,399,517
256,136,466,564
225,87,494,595
193,33,534,620
182,6,547,626
179,0,552,613
179,0,563,613
