636,195,187,149
629,195,186,148
629,195,185,147
622,196,189,143
615,196,194,144
613,195,196,146
613,195,199,143
612,196,203,143
612,196,203,142
610,195,210,140
609,195,217,139
607,193,223,141
611,191,226,139
613,187,230,140
613,187,231,139
616,183,234,138
617,181,240,137
615,178,248,137
618,176,252,135
622,173,250,134
622,175,253,134
625,175,256,130
628,176,259,127
633,176,260,126
633,180,272,123
638,185,277,123
638,184,274,125
642,189,281,118
650,194,284,118
655,198,290,114
660,200,297,114
666,198,299,110
667,198,298,110
669,195,305,110
677,192,308,108
684,188,313,107
691,185,320,105
699,179,324,105
699,179,323,105
708,175,332,106
724,174,329,107
735,174,337,105
747,176,338,105
752,181,343,108
754,181,339,108
759,189,345,107
766,197,350,106
765,202,354,108
761,207,355,107
757,213,357,107
757,217,360,105
750,215,361,114
743,215,369,116
730,213,374,120
726,208,373,126
720,202,376,127
723,203,374,125
707,199,380,127
695,199,383,124
684,204,379,126
666,212,383,127
647,215,390,127
647,215,389,128
629,216,389,130
614,221,387,128
600,225,387,130
593,229,384,127
583,231,385,132
581,232,385,129
585,230,379,125
586,229,383,126
582,226,384,127
578,224,385,128
575,222,386,130
571,220,388,131
557,221,390,128
543,223,388,130
530,225,385,132
516,227,383,134
506,235,381,138
504,235,383,136
497,241,383,135
491,244,382,139
486,247,383,142
489,248,379,143
493,250,376,144
497,251,373,145
500,253,370,146
511,252,367,144
522,251,364,142
534,246,362,140
554,246,361,141
553,247,360,142
568,246,359,143
590,243,358,143
613,224,358,148
625,216,357,148
631,215,356,148
637,217,353,148
644,219,349,148
641,222,353,148
647,229,336,145
642,240,345,142
642,249,337,143
643,250,333,143
638,263,329,146
634,277,325,149
634,291,315,151
639,301,312,149
644,312,310,147
645,314,311,148
660,321,303,147
675,328,295,147
691,335,287,147
703,340,278,145
707,343,275,146
707,344,277,147
709,345,270,151
712,350,257,160
713,358,251,160
712,366,249,172
712,377,242,173
714,378,240,176
715,386,232,174
710,402,230,163
708,416,227,161
710,431,214,162
723,445,197,157
721,446,195,155
720,454,194,139
717,453,186,128
710,453,185,122
700,448,195,119
704,442,193,122
706,443,192,123
704,436,193,132
703,430,192,124
697,423,194,125
694,417,195,129
694,414,190,130
692,416,194,129
688,412,188,128
685,409,184,128
680,410,184,129
678,408,180,128
677,407,177,128
675,406,173,128
674,404,170,128
673,403,166,127
673,399,162,129
669,394,161,132
669,388,154,131
668,388,155,132
665,383,149,131
660,380,147,131
657,379,146,130
651,377,144,130
646,377,139,125
646,377,139,126
640,377,140,124
632,378,141,124
626,377,138,120
624,378,137,119
620,381,137,119
619,380,138,120
616,382,134,117
611,385,135,121
