909,292,192,172
905,292,192,171
906,285,197,169
906,277,203,170
910,272,207,168
911,264,215,168
918,259,215,166
920,258,215,166
928,254,216,158
927,247,223,161
938,241,225,159
939,235,229,155
941,230,234,152
942,227,237,151
942,223,240,150
943,220,243,149
939,218,246,146
935,216,248,142
931,214,251,138
927,212,254,138
924,211,256,138
911,214,258,131
901,215,259,129
891,217,260,125
888,218,256,128
889,217,255,130
878,220,258,121
874,221,260,122
866,221,267,122
859,224,268,117
856,227,264,119
858,231,263,115
851,234,262,110
844,238,262,106
838,243,257,103
825,247,264,106
812,252,266,99
811,255,269,99
811,259,261,99
799,262,268,98
795,267,271,100
793,268,272,96
791,270,274,91
798,268,266,95
802,268,262,91
798,269,264,91
795,270,266,90
791,271,268,89
788,272,270,88
789,273,269,87
792,274,265,84
787,271,264,83
785,268,262,84
783,266,261,85
782,263,259,86
780,261,258,87
777,259,257,85
775,256,257,82
772,254,257,80
776,252,246,77
772,253,255,72
774,251,248,73
769,250,248,69
761,251,245,70
754,252,242,72
748,252,246,68
748,255,235,62
746,255,235,60
742,255,235,58
745,253,229,61
747,254,228,58
750,255,220,58
753,255,218,57
756,256,216,57
759,256,215,56
762,257,213,55
765,258,211,54
768,261,210,53
773,266,203,47
773,262,203,52
773,270,198,52
768,276,204,48
767,277,204,57
765,286,205,53
762,288,204,55
759,287,206,53
758,292,203,53
758,296,201,55
757,300,202,53
757,303,203,56
754,304,194,55
756,304,193,54
756,307,191,50
756,309,184,54
748,311,189,56
744,315,187,55
741,319,186,55
740,318,187,56
735,325,194,54
734,328,183,60
731,335,186,59
735,336,178,66
724,341,181,65
723,338,185,69
721,347,175,66
719,348,180,71
723,352,174,72
718,352,186,77
727,354,170,75
725,354,169,76
729,357,170,70
735,355,166,71
741,353,162,71
747,351,158,72
754,349,154,73
760,347,150,74
766,345,146,75
772,343,143,76
778,341,139,77
774,340,144,78
787,338,133,79
788,342,132,79
791,346,129,79
794,344,123,83
804,349,114,80
816,352,103,85
815,357,104,86
817,360,102,83
824,365,94,81
822,377,99,74
830,381,92,79
832,386,88,72
831,388,86,69
830,390,85,67
830,392,84,65
830,392,81,65
830,393,79,65
830,393,77,65
831,394,75,65
833,394,73,64
831,396,79,69
831,396,78,68
832,397,79,68
835,396,80,69
838,397,80,69
838,397,78,69
840,395,80,70
844,393,80,70
847,392,79,70
850,392,78,69
854,392,79,70
853,391,79,69
856,389,79,69
857,389,78,72
859,388,77,74
859,387,74,71
858,386,73,73
857,386,72,72
857,387,70,70
854,386,70,70
854,386,67,73
851,387,63,73
848,390,62,71
848,390,61,68
845,392,60,72
841,397,58,68
838,399,57,72
835,402,54,73
833,405,53,74
832,405,55,72
830,409,53,69
