528,276,157,313
530,284,149,301
530,292,151,292
529,298,151,284
528,301,153,281
529,302,152,280
529,305,153,276
529,308,154,270
530,308,153,269
529,309,152,268
520,311,161,260
516,309,160,259
513,306,160,261
510,303,160,262
506,299,160,264
503,296,160,266
500,292,160,268
496,289,160,269
492,286,159,268
488,283,158,267
485,280,158,267
483,272,156,266
481,264,158,268
481,269,157,264
482,257,157,273
482,254,159,271
485,251,159,271
486,247,163,268
491,245,161,269
491,244,163,270
494,245,166,271
493,245,166,271
492,245,166,272
492,245,167,273
491,246,167,274
491,246,167,275
490,246,168,276
490,247,168,277
489,247,169,278
489,247,169,279
488,247,169,280
489,245,171,284
489,246,171,284
489,248,171,283
489,250,171,283
489,252,171,282
489,254,171,281
490,256,171,281
490,257,171,280
490,259,171,280
490,261,171,279
493,261,165,276
495,260,165,278
492,260,168,278
490,261,169,279
489,262,169,279
488,263,170,279
486,263,170,279
485,264,171,279
484,265,171,280
482,266,171,280
480,263,170,279
477,261,169,279
474,259,168,278
471,256,167,278
473,257,167,277
473,249,167,276
473,241,166,275
474,233,166,274
474,225,166,274
475,218,167,272
475,216,163,277
475,210,163,276
476,209,163,275
476,208,163,274
477,206,163,273
477,205,162,272
478,208,162,271
478,211,162,270
479,214,162,269
479,218,162,269
479,224,161,267
480,231,160,266
480,237,159,264
480,244,158,263
480,251,158,261
480,257,157,260
478,262,156,255
475,266,155,250
473,271,154,245
471,276,154,240
470,276,146,236
468,274,143,234
463,275,142,226
459,273,143,226
456,273,146,225
449,270,145,221
442,268,145,218
435,265,145,214
429,263,145,210
423,262,143,205
423,255,137,211
418,251,135,207
415,250,135,204
412,249,135,201
409,248,135,198
407,248,135,196
404,247,135,193
401,246,135,190
398,245,135,187
396,245,136,185
391,243,132,180
380,240,133,179
380,241,134,179
365,236,138,179
351,231,139,178
338,228,139,176
328,227,138,176
317,224,140,172
316,225,142,171
307,225,147,171
299,223,149,171
291,221,152,172
284,219,154,173
280,218,157,173
277,217,159,174
273,216,162,175
272,218,169,177
271,219,175,180
270,220,182,182
269,221,189,185
275,222,193,187
273,231,200,191
277,239,212,194
280,253,221,194
287,266,240,201
289,272,267,215
291,278,252,208
308,293,288,229
325,318,312,232
330,338,335,235
326,363,351,238
324,387,366,258
321,385,365,258
311,408,414,269
325,417,454,286
327,441,537,278
361,455,535,264
372,448,543,271
383,441,552,278
487,429,530,290
563,396,492,315
621,322,437,336
664,293,383,325
692,270,311,301
690,269,324,306
720,267,250,236
710,254,229,231
710,249,206,204
696,251,183,192
678,260,171,172
678,263,166,170
660,273,154,160
642,283,142,151
623,293,130,142
611,307,127,136
