611,90,269,192
610,95,272,190
610,99,275,189
610,104,279,188
610,109,282,187
610,113,285,186
609,118,288,184
609,123,291,183
609,128,295,182
609,132,298,181
609,137,301,180
606,140,307,178
603,143,313,176
601,147,319,174
598,150,325,172
596,153,331,170
593,156,336,168
590,159,342,166
588,163,348,164
585,166,354,163
583,169,360,161
581,171,367,161
579,173,373,161
577,174,380,161
576,176,386,157
574,178,393,153
572,180,400,149
571,181,406,145
569,183,413,141
567,185,419,138
566,187,426,134
559,195,431,133
552,204,436,131
545,213,440,130
539,221,445,129
532,230,450,128
525,238,455,127
518,247,460,126
520,256,456,122
521,264,453,118
523,273,450,115
526,274,453,122
528,275,456,129
537,277,457,129
545,278,459,129
554,279,461,129
562,281,463,129
571,282,465,129
580,283,466,129
588,284,468,129
597,286,470,129
601,289,469,130
594,292,483,121
587,294,480,124
580,297,477,126
573,299,474,129
566,302,471,131
559,304,468,133
552,307,465,136
546,309,462,138
539,312,459,141
538,314,457,144
537,316,456,148
537,318,455,151
544,318,451,152
551,318,447,152
558,317,443,152
565,316,441,150
572,314,438,147
580,312,436,144
587,311,433,141
583,310,425,142
580,309,418,142
577,308,410,143
576,308,410,143
570,306,405,144
563,305,401,146
557,304,396,147
550,303,391,148
543,302,387,149
537,301,382,151
547,304,376,150
556,308,369,150
571,312,365,148
586,315,361,147
601,319,357,145
603,318,353,143
620,324,347,139
637,329,342,136
654,335,336,132
671,341,331,128
674,348,326,127
676,355,320,125
679,362,315,124
681,370,309,123
683,377,304,122
686,384,298,121
688,391,293,119
691,398,287,118
693,409,277,117
695,420,267,116
699,425,260,115
703,430,254,113
707,435,247,112
711,440,240,111
715,445,234,109
719,450,227,108
723,455,220,107
727,460,214,105
731,465,207,104
735,470,200,103
737,476,193,101
738,482,185,99
741,488,174,97
744,494,163,95
748,500,153,94
746,503,147,92
745,507,141,89
744,510,135,87
743,513,129,85
742,516,123,83
739,519,117,80
735,521,119,76
732,523,112,73
728,525,105,70
729,529,88,63
725,533,81,59
720,534,74,57
717,538,72,52
712,538,68,51
707,538,64,50
702,537,63,49
694,538,61,44
687,538,52,43
686,537,51,43
679,535,50,42
674,532,50,42
667,530,48,41
663,527,48,41
656,526,44,42
655,521,47,42
650,521,46,41
645,521,44,40
639,520,43,40
635,520,41,39
631,519,39,38
627,518,38,38
623,517,36,37
619,516,35,36
615,516,33,36
611,515,31,35
607,515,31,34
603,515,30,34
599,515,29,33
596,515,28,32
592,515,27,31
588,515,27,31
585,515,26,30
585,514,25,29
581,515,24,29
576,515,23,28
573,514,23,28
570,514,23,28
566,514,23,27
563,513,23,27
558,512,23,27
552,512,23,27
547,511,23,27
542,510,23,27
537,510,23,27
537,509,23,27
533,508,21,26
530,507,20,26
