753,145,238,280
742,153,248,280
740,156,246,282
737,159,251,283
736,160,251,282
734,164,253,286
732,168,259,288
730,176,256,287
730,181,258,289
730,187,259,289
736,185,251,298
721,191,258,299
721,197,259,300
721,201,262,302
722,207,263,301
722,212,265,300
723,214,267,300
725,219,269,304
729,225,272,306
733,232,275,306
739,238,276,314
741,243,275,315
740,244,278,314
743,250,278,318
746,257,280,322
748,263,281,321
750,270,283,320
752,276,284,320
754,283,286,319
757,289,287,318
759,296,289,317
761,303,291,311
761,308,296,311
757,307,297,309
758,308,296,309
759,311,296,305
757,314,301,306
760,318,304,306
758,317,311,305
757,316,314,297
760,314,311,306
754,318,319,306
757,313,323,306
758,313,328,304
758,312,332,303
759,311,337,302
758,311,340,301
756,312,344,300
755,312,348,299
754,312,352,298
747,315,353,297
740,315,356,295
734,316,360,294
728,317,359,292
722,318,357,291
716,319,355,290
700,321,366,289
684,323,377,288
677,325,379,284
671,327,381,281
652,329,395,278
653,329,392,275
635,330,407,274
614,330,425,268
606,330,430,267
598,330,435,266
590,331,440,266
582,331,445,265
576,332,448,264
577,333,446,262
581,333,439,259
575,326,448,266
569,324,456,268
571,320,466,262
572,317,467,264
564,309,477,273
564,311,478,272
555,307,489,272
546,290,498,287
537,274,509,309
526,258,522,332
522,241,530,343
523,238,528,353
490,224,566,372
473,196,581,421
464,178,606,454
478,162,597,441
463,145,621,387
470,144,610,387
467,138,622,385
485,132,604,394
486,133,615,390
508,127,604,407
533,130,594,404
528,131,600,399
534,126,607,406
549,120,610,409
556,110,617,411
548,106,626,414
541,108,632,411
546,115,628,407
527,110,638,413
516,108,639,415
495,105,661,414
486,98,661,411
481,93,671,409
479,90,674,409
473,89,690,405
490,76,675,402
481,79,691,387
480,77,684,380
464,71,686,375
466,76,679,375
442,82,675,373
415,85,684,374
396,94,670,376
376,102,664,378
357,110,658,379
352,109,658,381
340,110,648,379
331,122,629,386
328,128,618,375
311,131,616,388
307,132,611,390
303,133,606,392
300,135,601,394
