766,184,56,99
767,184,56,99
767,183,56,98
767,182,55,98
767,182,55,97
767,181,55,97
768,181,55,96
768,180,54,96
768,182,54,94
768,183,54,93
768,184,53,91
769,183,55,93
770,182,57,94
770,183,58,93
770,183,59,92
769,184,60,91
770,184,61,91
770,184,62,91
770,184,62,91
770,184,63,91
770,184,63,91
770,183,63,91
770,182,64,91
770,181,64,91
770,180,64,91
770,179,64,91
770,178,64,91
770,177,64,91
770,175,64,91
770,174,64,91
770,173,64,91
771,173,64,92
771,173,65,92
771,173,65,93
771,173,65,93
772,173,65,93
772,173,65,94
772,172,65,94
772,171,65,95
771,170,65,95
770,169,65,95
770,168,66,96
769,166,67,97
769,165,68,98
768,163,69,99
768,162,70,100
767,160,71,101
767,159,72,102
766,157,73,103
766,156,74,103
765,154,75,104
767,153,76,105
768,151,76,106
769,149,77,107
770,148,77,108
771,146,78,109
773,145,78,110
774,143,79,111
775,141,79,112
776,140,80,113
777,138,80,113
776,140,80,114
775,141,80,115
775,143,80,116
775,146,80,117
776,148,80,118
776,151,80,119
776,154,80,120
776,156,80,121
776,159,80,122
776,161,80,123
778,162,81,124
779,162,82,125
780,162,83,126
782,163,83,127
783,163,84,127
784,164,85,128
785,164,86,129
787,164,87,130
788,165,87,131
789,165,88,131
793,169,88,131
796,172,88,130
799,176,87,129
803,179,87,129
806,183,87,128
809,186,86,127
812,190,86,127
816,193,86,126
819,197,86,125
822,200,85,124
826,202,85,124
830,204,86,123
834,206,86,123
838,207,86,122
842,209,86,122
846,211,86,121
850,213,87,120
853,214,87,120
857,216,87,119
861,218,87,119
862,222,87,117
863,226,87,115
864,229,87,113
864,234,87,111
864,238,87,109
865,242,87,107
865,247,87,105
865,251,87,103
865,255,87,101
866,257,87,100
863,261,88,99
860,264,89,99
857,268,90,99
854,272,91,99
851,276,92,99
848,278,94,99
845,281,97,99
843,284,99,99
840,287,101,99
837,290,103,99
825,292,108,102
822,293,112,105
812,299,120,106
803,302,118,110
784,305,133,116
773,308,139,122
747,311,161,132
748,310,162,137
719,313,187,150
685,315,229,175
630,319,303,217
533,322,428,285
336,326,649,341
334,330,650,334
115,331,843,329
8,305,851,339
38,309,630,318
110,309,439,267
193,307,296,205
193,308,290,209
258,300,215,175
323,292,160,152
374,284,128,142
426,275,102,129
470,267,89,125
470,266,86,126
497,263,78,123
526,259,65,126
540,268,57,107
558,264,52,106
569,267,52,105
570,265,52,104
576,266,53,100
582,266,53,97
585,267,57,94
588,267,60,92
591,268,63,90
592,266,62,89
592,265,68,85
593,264,70,82
595,262,68,81
597,261,67,79
