473,1,490,716
471,1,489,716
469,1,488,715
468,2,487,715
466,2,486,715
464,2,485,715
463,3,484,715
461,3,483,715
460,4,482,715
461,2,487,717
463,0,491,720
464,0,495,719
466,19,500,700
473,62,488,657
477,101,488,618
495,141,473,579
506,179,471,541
509,175,461,545
515,210,463,510
525,233,472,486
536,243,482,476
546,233,486,484
557,201,489,518
555,209,492,510
565,148,494,570
560,92,546,627
582,56,529,663
557,0,561,719
565,0,546,720
557,0,559,718
579,0,536,720
571,0,547,720
563,0,548,720
555,0,549,720
547,0,550,720
539,0,551,720
531,0,552,720
523,0,553,720
515,0,546,720
506,0,549,720
494,0,555,720
499,0,548,720
493,0,554,720
481,0,557,720
463,10,567,709
448,29,573,690
437,38,580,681
426,48,587,671
415,57,594,662
399,73,593,646
392,84,597,635
382,91,605,627
372,98,614,620
371,96,614,623
371,94,614,625
370,92,614,627
370,90,614,629
369,87,613,631
369,85,613,633
368,83,613,636
368,81,613,638
371,70,602,648
377,65,597,653
383,61,592,658
389,56,587,663
395,54,580,665
402,51,573,667
408,49,565,668
414,41,558,677
420,32,551,685
427,24,544,694
422,16,540,702
418,8,536,710
414,0,533,718
409,0,529,719
405,0,526,719
401,0,522,719
397,0,519,720
395,0,522,720
397,0,507,720
396,0,499,720
400,0,506,719
403,0,507,719
407,0,507,719
410,0,507,720
423,0,508,719
436,0,509,719
449,0,510,719
463,0,510,719
472,0,508,719
482,0,506,719
490,0,511,719
498,0,516,719
507,0,521,719
515,0,526,719
520,0,527,719
525,0,528,720
528,0,535,720
532,0,541,720
535,0,548,720
538,0,555,720
541,0,561,720
548,0,570,720
555,0,578,720
562,0,586,720
569,0,595,720
576,0,603,720
583,0,611,720
590,0,620,720
600,0,631,720
611,0,643,720
621,0,659,720
628,0,651,719
636,0,643,719
644,0,635,719
652,0,627,718
660,0,619,718
668,0,611,718
686,1,592,718
685,0,591,717
707,0,572,720
735,0,543,719
764,0,514,718
792,0,486,717
821,0,457,716
817,0,461,718
843,0,436,720
852,0,427,719
856,0,423,719
859,0,419,719
863,0,416,719
856,0,422,718
850,0,428,718
844,0,434,718
838,0,440,719
832,0,446,719
827,0,453,720
826,4,454,716
822,0,458,719
810,0,464,716
791,0,488,720
784,0,496,720
772,0,507,720
761,0,518,720
749,0,530,720
738,0,541,720
736,0,543,720
734,0,545,720
732,0,546,720
730,0,548,720
729,0,550,720
714,0,559,720
689,3,588,716
656,0,620,718
611,6,666,711
612,0,668,716
560,0,720,720
508,1,771,719
452,0,827,720
430,0,850,719
424,0,855,720
416,0,863,720
459,0,820,720
549,0,730,720
678,0,601,714
807,0,472,651
915,0,364,535
915,0,364,511
981,0,298,426
1041,0,238,262
1012,0,267,338
929,0,350,403
719,32,560,687
699,35,580,684
521,148,758,571
355,231,892,488
341,270,813,449
318,299,788,420
299,295,786,423
299,297,783,423
282,290,781,429
261,263,828,456
250,230,812,489
248,203,830,516
348,198,712,521
339,204,719,514
336,251,788,468
382,299,708,420
432,353,629,366
481,377,550,341
531,402,471,317
522,398,498,322
582,396,464,323
612,383,440,336
621,365,443,354
642,363,466,356
671,366,455,346
671,362,484,357
706,378,456,342
713,386,449,334
689,372,484,347
694,362,478,357
699,330,472,389
698,329,476,389
703,302,477,385
708,275,478,380
712,247,447,384
435,244,199,181
419,242,203,182
414,241,207,183
401,237,211,184
391,232,215,185
382,232,219,186
377,230,222,187
376,230,226,187
375,230,230,188
374,231,234,189
373,231,238,190
384,228,237,189
394,225,236,188
405,222,235,187
410,225,234,186
422,221,239,187
434,217,237,185
447,213,238,184
459,209,238,180
472,205,239,180
480,200,236,179
488,195,233,178
496,190,230,178
498,184,231,175
500,179,233,173
501,174,234,170
503,168,236,168
507,160,234,171
508,158,234,164
509,157,234,158
515,152,227,154
513,150,227,152
512,148,227,150
511,147,227,149
510,145,227,147
508,144,228,145
514,145,221,140
511,147,227,137
512,147,226,138
505,149,235,134
510,149,232,136
512,148,235,134
515,148,239,132
522,148,239,133
523,148,237,129
524,150,242,126
531,150,241,123
539,151,241,120
544,152,243,118
553,149,242,122
551,148,246,122
560,148,245,122
569,148,243,122
578,148,241,123
582,146,247,124
586,146,247,123
590,146,248,122
593,145,248,121
597,145,248,120
600,144,249,119
604,144,249,118
604,144,250,115
604,143,250,113
605,143,250,108
605,142,250,104
605,142,250,100
606,142,251,95
608,139,253,96
612,139,252,99
616,138,252,94
621,138,253,89
623,134,253,92
626,135,254,91
628,136,254,90
627,137,253,89
625,142,251,88
622,147,250,87
619,152,248,86
617,156,246,86
614,161,245,86
612,165,243,87
607,171,241,88
603,178,240,88
603,182,235,90
603,186,231,92
605,186,226,94
607,189,220,92
610,190,222,98
614,188,216,104
620,188,215,108
629,191,213,107
636,197,212,108
643,200,211,108
649,203,210,109
659,207,207,108
668,210,205,107
678,214,202,106
688,218,200,105
685,220,202,104
699,225,200,107
713,230,198,110
730,236,189,107
743,240,182,113
756,244,175,118
761,247,176,117
765,251,177,117
770,254,178,116
775,258,178,116
799,261,158,122
798,261,162,118
795,258,165,120
797,255,161,117
799,252,157,114
800,249,153,111
801,241,149,110
801,239,148,112
801,237,147,113
802,230,147,114
805,222,142,121
804,221,141,127
804,227,150,128
807,229,142,132
810,232,135,136
817,242,128,134
816,253,138,137
820,262,135,139
819,270,134,137
817,276,130,134
815,282,127,132
813,289,124,140
462,52,378,575
456,68,368,570
449,84,369,572
445,93,367,566
444,88,370,571
440,98,372,572
430,100,385,575
429,107,390,575
427,111,395,578
429,115,400,569
429,121,408,558
432,121,411,570
433,125,416,568
428,127,430,567
435,128,427,574
442,129,428,567
443,131,428,569
445,122,434,583
449,121,433,588
453,117,431,592
452,123,434,597
459,133,428,587
457,132,433,588
456,147,434,573
452,162,436,558
450,178,437,542
452,192,437,528
453,204,435,516
454,207,438,513
453,218,442,502
451,233,436,487
448,230,458,485
452,217,465,497
454,204,472,516
457,203,472,517
454,195,479,524
450,182,489,538
447,167,494,553
441,161,501,559
428,156,528,564
433,157,517,563
426,158,517,561
