273,148,170,183
275,144,169,183
277,140,173,184
280,136,176,185
282,132,180,186
285,128,184,187
294,124,184,181
293,123,185,182
299,120,185,178
305,117,186,174
311,114,186,173
317,111,186,173
323,109,186,172
323,108,184,170
324,107,182,167
324,106,181,165
325,105,179,162
325,104,178,160
327,106,176,156
329,108,174,153
332,111,172,150
335,110,173,151
338,112,171,148
341,115,169,147
345,117,167,145
348,120,165,143
351,122,166,141
355,125,167,139
358,127,167,137
362,130,168,135
370,135,168,133
370,136,171,131
378,139,169,133
386,142,167,135
395,145,166,137
399,144,170,136
402,146,174,126
402,148,173,124
409,145,166,128
415,143,167,127
413,142,168,126
420,142,165,120
420,140,165,119
421,138,166,118
422,136,166,117
423,134,167,116
424,132,168,115
421,129,169,114
418,126,171,113
416,123,173,112
412,121,171,111
405,118,169,107
398,115,167,102
392,113,159,99
380,113,170,93
381,112,167,96
372,109,175,94
364,105,168,96
358,104,166,88
348,102,168,90
338,105,171,87
340,103,171,87
334,101,171,91
334,104,162,84
325,108,173,81
323,109,171,79
322,111,170,77
321,112,168,75
320,114,167,73
316,118,177,70
317,124,171,72
322,132,165,61
322,134,165,62
323,136,166,64
325,143,167,64
327,150,167,63
329,157,168,63
331,164,168,56
333,174,165,55
336,176,163,53
340,179,160,53
343,182,158,54
344,189,166,48
348,193,164,45
351,196,160,45
350,196,160,44
352,201,155,42
352,207,154,41
352,213,153,41
352,219,153,40
352,225,152,40
351,229,151,39
350,234,151,38
349,242,149,40
349,250,147,43
349,258,145,46
352,267,144,44
349,269,143,43
350,278,143,41
350,286,142,40
350,294,141,39
353,299,139,40
357,305,138,42
360,305,136,44
365,312,135,46
369,318,133,47
373,324,132,49
376,327,132,50
379,330,132,51
382,333,132,52
384,340,130,49
388,344,131,49
390,348,132,46
395,352,131,49
395,359,131,50
395,359,130,48
397,364,129,48
396,368,130,50
399,372,129,50
399,377,127,50
402,377,125,55
400,377,126,55
405,380,121,54
403,381,126,55
411,382,119,55
415,382,117,57
419,382,114,57
421,382,117,57
425,382,113,55
429,379,111,56
442,375,105,55
448,374,103,55
452,370,103,55
452,370,104,55
456,368,102,56
459,366,100,55
464,365,99,52
469,362,95,52
475,360,92,52
474,360,94,52
479,360,90,51
484,359,86,51
487,359,86,49
489,358,87,50
494,362,82,47
494,361,83,49
496,362,81,48
499,364,80,49
500,367,77,50
504,371,76,50
508,377,74,47
505,375,73,47
506,379,73,48
508,382,71,47
512,386,68,47
514,387,66,48
516,389,66,48
515,388,66,48
519,391,63,49
523,393,62,48
526,397,63,47
534,397,59,49
539,402,57,48
540,401,56,49
544,404,57,49
549,408,56,45
554,411,55,43
561,414,52,44
564,418,53,45
563,418,53,46
571,423,51,45
578,425,50,44
586,428,49,44
594,431,48,43
601,433,47,43
602,434,46,43
610,437,44,42
620,440,44,43
630,443,43,43
639,442,43,44
647,446,49,45
647,446,49,42
656,451,48,44
665,454,48,44
674,458,48,44
683,461,48,44
693,462,49,44
695,462,47,44
706,465,47,45
717,470,47,44
726,476,47,43
734,481,47,42
748,489,42,41
748,486,42,41
757,490,41,40
766,496,40,42
776,499,39,42
785,502,37,42
794,509,38,40
793,507,39,42
803,513,38,40
812,517,38,40
820,520,38,39
828,523,37,39
836,526,36,36
836,527,37,38
843,528,37,38
849,529,37,37
856,529,36,37
862,530,36,36
869,531,36,36
869,530,36,36
873,528,36,36
877,526,36,36
880,526,39,32
888,522,36,32
892,518,37,33
893,517,36,36
