376,43,903,675
347,68,932,651
318,92,960,627
289,116,989,603
259,140,1017,579
230,165,1046,554
201,189,1074,530
172,213,1103,506
146,241,1103,478
119,269,1103,450
119,267,1103,452
108,283,1061,436
97,299,1020,420
103,301,976,418
109,304,932,415
113,300,885,419
118,295,839,424
139,281,812,438
161,266,786,453
194,248,719,471
226,229,653,490
259,209,584,510
262,209,585,510
301,198,516,521
340,188,446,531
363,188,396,512
401,174,331,493
417,177,301,460
423,180,288,452
441,184,257,424
460,188,226,396
474,198,211,368
483,200,197,353
491,201,184,338
500,203,171,323
511,211,158,307
522,219,145,290
533,227,132,274
537,234,125,260
541,241,118,247
545,248,110,234
549,256,106,223
554,264,102,212
559,272,98,201
563,278,93,193
568,284,89,184
572,289,85,176
576,295,80,168
581,301,76,160
585,306,72,151
590,312,67,143
593,316,66,139
596,319,65,134
599,322,64,130
602,326,63,125
605,329,62,121
608,332,61,116
611,336,60,112
614,339,59,107
617,343,58,103
621,346,57,98
622,348,55,95
624,350,54,91
626,351,52,88
628,353,51,84
630,355,49,81
632,357,48,78
634,358,46,74
