571,66,493,649
569,69,509,646
567,72,526,643
566,76,543,641
564,81,546,636
563,86,549,631
561,97,552,621
559,108,555,610
558,119,558,600
556,129,555,589
555,140,553,579
552,165,534,553
550,193,509,526
548,223,484,491
546,255,459,443
544,254,455,450
541,268,432,421
539,290,405,384
537,304,381,364
535,315,359,333
533,325,308,276
532,326,301,278
529,331,293,264
533,328,283,271
532,338,270,253
532,337,258,244
531,337,245,234
531,337,243,227
531,337,226,216
530,336,210,205
530,336,193,194
529,336,181,189
528,334,174,184
526,334,175,183
525,333,164,174
525,333,153,166
525,332,143,158
524,332,133,150
524,331,124,142
524,331,120,142
524,331,113,139
523,330,109,131
523,330,106,126
523,330,103,121
523,330,100,115
523,330,97,116
523,330,93,111
523,330,88,106
523,330,84,102
523,330,79,97
524,331,75,94
523,329,72,94
522,328,70,94
520,327,67,90
519,327,64,87
518,326,61,83
517,326,58,80
518,326,58,79
517,325,56,78
517,324,55,76
515,324,54,75
515,322,50,72
515,320,47,69
515,320,47,69
513,320,46,67
512,319,45,66
509,319,44,65
506,318,43,63
504,319,43,62
504,318,43,61
500,319,44,59
496,316,43,58
493,315,42,58
489,314,41,57
487,313,41,57
487,314,40,56
486,312,39,57
485,311,38,55
483,312,37,54
482,312,37,53
480,314,39,50
481,313,36,51
480,311,36,53
479,314,36,49
