746,177,186,190
736,176,194,187
736,175,189,188
735,173,191,187
735,171,194,186
735,169,197,185
734,167,200,184
734,165,203,183
734,163,206,183
732,162,211,183
731,159,216,185
728,158,220,182
725,157,225,179
722,157,229,176
719,156,234,173
717,155,238,170
714,155,243,167
710,153,246,165
706,151,249,163
702,149,252,161
704,151,255,159
703,146,255,160
694,145,256,158
688,149,265,149
681,148,269,152
678,150,268,151
676,152,268,150
673,154,267,149
671,156,267,148
668,158,266,147
666,161,266,147
661,161,268,145
656,162,270,142
652,163,273,141
649,165,272,138
651,164,273,142
650,165,272,141
650,166,271,139
650,167,270,139
650,168,269,138
650,170,269,137
650,173,269,134
651,177,270,132
651,181,271,130
652,185,272,128
652,191,272,123
653,197,273,118
657,202,275,116
658,207,274,113
658,214,274,110
657,211,278,112
657,217,279,109
653,225,273,101
652,233,273,99
648,236,277,103
645,240,278,99
645,240,278,99
637,240,282,103
639,240,281,102
634,236,277,104
634,232,278,105
632,234,281,96
634,235,280,94
632,234,275,90
630,232,281,84
630,229,275,81
632,225,275,80
634,222,268,78
634,222,269,78
634,219,271,76
637,214,273,80
640,216,267,75
642,216,268,75
639,217,267,77
638,218,270,76
644,221,266,79
644,225,269,77
646,230,260,78
645,235,266,72
646,243,262,68
646,244,260,69
647,252,260,64
650,260,255,62
651,266,249,60
646,272,253,62
646,275,251,64
645,277,252,63
643,279,248,62
641,282,248,61
643,285,244,59
642,286,241,62
643,286,240,59
643,285,239,60
645,287,234,63
643,288,235,59
644,286,231,59
642,284,226,58
639,284,224,59
638,284,225,59
632,286,227,58
626,286,222,60
623,288,218,60
616,290,217,57
612,290,211,57
612,290,210,57
605,292,210,57
603,293,204,57
596,298,202,57
588,300,204,57
582,303,201,57
585,302,197,60
576,302,202,65
573,305,198,66
572,310,195,65
570,313,192,67
570,319,187,67
568,320,186,67
571,326,183,66
575,332,180,65
578,338,177,65
582,344,174,64
587,347,171,64
590,351,170,64
593,355,169,64
596,359,168,64
600,363,167,65
611,366,161,66
613,370,157,64
615,374,154,63
623,380,151,66
631,387,147,69
639,393,144,72
645,400,139,71
652,407,135,71
655,409,136,74
658,411,137,78
661,413,138,82
667,431,138,74
674,438,134,75
683,442,128,78
682,446,131,77
688,453,127,75
691,455,121,79
697,462,124,80
703,469,113,90
714,474,105,87
713,475,106,85
716,481,103,75
724,486,94,67
727,491,88,63
733,495,84,56
730,496,85,54
727,498,87,52
725,500,89,51
723,501,89,50
721,503,89,50
719,505,90,50
716,506,88,54
716,507,88,52
709,512,89,54
707,514,90,54
705,516,89,54
704,517,88,53
703,519,88,53
702,521,87,52
701,523,87,52
699,527,86,48
696,527,85,44
693,526,84,46
690,525,84,48
687,524,84,51
686,522,78,50
682,521,76,51
679,519,75,52
676,518,73,53
673,517,72,55
672,518,73,55
666,516,79,57
659,516,78,57
655,515,78,57
650,517,78,57
