400,212,739,507
395,214,730,499
390,212,739,497
382,224,758,484
379,228,753,484
375,233,762,472
366,236,766,476
360,221,762,489
356,223,768,484
349,209,767,504
333,209,782,507
328,192,769,519
318,170,778,534
306,144,801,568
306,140,793,571
307,113,796,606
308,96,794,617
296,67,796,645
277,45,805,672
259,27,826,687
247,36,845,683
252,13,844,700
246,0,850,713
240,0,860,711
239,0,866,716
241,0,860,711
241,0,858,718
238,0,862,720
217,0,883,720
203,0,870,720
182,10,896,709
173,13,871,701
188,9,860,706
166,25,877,690
145,41,879,679
140,64,910,655
