475,244,250,172
471,242,252,170
468,240,255,168
464,238,257,166
461,237,260,165
452,238,271,165
446,239,279,159
447,237,278,160
447,240,287,159
449,241,293,157
457,238,291,162
456,235,303,154
468,231,304,153
469,229,305,159
478,229,310,152
477,227,319,148
476,226,324,149
477,227,320,146
472,228,326,145
467,230,332,144
463,232,339,144
457,232,346,143
451,232,354,142
445,232,362,142
441,234,365,139
441,233,367,138
442,238,360,135
427,244,370,135
414,253,374,132
401,262,379,125
394,268,379,133
390,270,387,130
383,282,386,128
376,294,385,125
369,306,384,122
362,318,383,121
355,330,382,119
356,331,380,118
350,343,383,116
344,354,386,114
338,365,390,112
343,377,392,109
350,382,387,105
353,381,387,106
362,385,386,105
370,389,377,103
378,389,375,103
391,382,371,104
401,372,370,102
400,371,372,100
412,355,361,109
420,341,359,107
426,332,356,107
432,323,353,107
438,314,350,106
438,310,345,113
446,307,339,112
454,303,333,111
461,300,331,110
469,297,328,109
484,294,322,109
484,290,323,115
492,290,320,113
506,288,311,111
519,286,302,109
533,285,294,107
540,287,287,112
544,289,285,106
548,291,283,106
558,292,279,107
569,295,266,103
576,295,265,102
591,295,251,102
590,294,251,104
598,292,245,104
609,288,236,105
615,284,232,101
626,273,222,108
628,273,221,100
633,274,217,99
635,273,216,97
652,272,202,91
667,271,194,92
674,268,192,93
681,265,191,94
683,265,189,93
695,263,185,92
708,262,181,91
720,263,177,91
732,264,173,92
745,267,166,91
745,266,166,91
756,268,161,88
769,269,154,89
779,272,150,91
790,274,146,93
800,279,139,90
800,281,139,87
804,285,142,91
814,292,137,89
822,304,132,81
827,310,124,81
832,317,125,81
832,321,124,76
838,329,121,74
844,337,117,73
843,341,115,72
842,346,113,71
841,350,111,70
842,350,107,71
843,351,103,73
842,354,102,70
842,355,102,70
841,357,99,70
841,360,96,70
841,360,93,70
842,362,92,69
843,363,90,68
844,364,88,67
845,365,86,66
846,367,85,66
846,366,83,69
844,367,81,67
841,372,82,63
838,376,81,64
834,379,81,63
832,385,80,61
832,385,82,61
829,390,81,60
826,393,82,61
