487,79,506,592
494,92,502,603
493,109,506,591
493,126,511,579
492,129,516,581
492,132,520,583
491,135,525,585
496,127,506,583
496,122,509,589
491,118,514,594
483,124,532,592
486,117,519,600
488,121,532,598
498,132,520,586
506,148,513,568
522,158,496,559
527,160,497,558
547,174,467,543
563,193,453,525
568,208,443,508
616,224,402,495
631,233,370,483
634,233,369,482
646,246,361,467
654,255,342,457
654,259,342,454
654,259,341,461
652,257,346,454
654,256,346,458
649,244,352,469
648,243,354,476
646,218,357,494
644,204,369,515
