734,182,144,332
735,182,143,331
736,182,143,331
737,183,143,330
738,183,143,330
740,183,142,329
741,185,142,322
742,187,142,315
743,189,142,307
745,191,142,300
746,189,147,302
741,189,150,300
739,195,147,287
745,200,135,277
748,203,135,271
749,205,135,268
746,205,133,260
747,206,133,260
747,208,132,254
749,208,133,254
743,207,141,253
747,206,132,248
747,206,133,244
744,207,136,240
747,205,136,241
747,203,135,241
748,202,135,238
752,200,131,237
753,197,129,235
754,198,129,232
751,198,139,235
752,197,135,233
754,197,131,231
754,194,132,232
752,190,136,234
751,190,139,233
751,190,136,230
749,188,137,229
749,188,136,227
748,187,139,223
755,192,135,222
755,190,133,220
754,188,132,220
756,186,130,216
758,186,128,216
759,184,126,216
760,185,125,215
759,185,126,214
759,186,125,216
759,185,125,216
756,186,131,216
757,185,127,214
756,185,127,215
756,186,127,214
755,185,127,212
754,184,127,210
752,186,127,210
749,184,129,213
746,186,130,209
745,185,133,209
749,181,133,214
742,183,137,209
740,184,137,207
736,182,140,207
736,186,139,205
737,184,139,205
736,187,139,202
734,186,139,206
735,190,137,204
735,192,135,201
736,194,132,201
735,194,134,198
735,196,132,197
736,198,127,195
737,200,125,194
737,201,123,192
734,203,122,191
734,200,121,195
730,201,120,192
727,196,122,194
722,191,128,197
720,186,125,198
718,183,125,195
717,183,128,197
716,182,127,196
716,181,127,195
715,181,127,194
715,180,126,194
714,180,126,193
714,179,126,192
714,179,126,192
715,178,125,191
717,177,125,191
718,176,124,191
720,175,124,190
722,174,124,190
723,173,123,190
725,172,123,189
726,171,122,189
728,170,122,189
730,170,122,189
730,169,122,188
730,169,123,187
730,169,124,187
730,169,125,186
730,169,126,185
730,169,127,185
732,169,126,185
734,169,125,185
736,169,124,185
738,169,124,186
735,167,130,187
737,169,131,185
737,166,131,187
738,168,133,186
744,170,131,186
745,171,133,189
748,174,133,187
753,177,132,188
755,177,129,191
762,183,128,185
762,185,129,184
762,188,131,184
762,190,132,183
762,193,134,183
762,195,136,182
762,196,137,183
762,197,139,184
762,198,140,185
762,199,142,186
763,201,144,188
764,203,146,187
766,205,148,187
767,207,150,187
769,209,152,187
771,212,154,187
772,214,156,187
774,216,158,187
775,218,160,187
778,216,160,194
782,223,164,184
783,220,169,188
783,221,164,189
781,220,174,190
781,225,177,184
781,225,182,185
781,225,186,187
782,225,190,189
782,225,195,191
782,225,199,193
783,226,204,195
781,228,211,193
779,231,218,194
770,231,225,197
769,227,229,204
766,234,238,201
770,231,221,208
742,238,252,200
731,240,259,206
719,242,265,207
707,244,272,209
698,242,279,211
689,240,285,213
675,236,292,215
656,229,298,220
647,224,305,222
628,222,323,223
625,222,327,224
622,222,331,225
619,223,335,226
615,226,339,227
580,219,380,258
535,220,436,275
526,218,439,284
504,212,469,303
497,181,484,340
486,150,506,399
479,139,506,437
452,122,588,464
449,128,577,460
457,114,596,443
432,112,629,378
414,119,638,345
424,122,631,371
422,118,629,378
421,121,630,374
381,140,654,391
355,158,660,377
338,166,663,368
323,178,646,369
323,183,636,354
326,184,630,351
327,189,620,346
332,195,613,344
342,196,620,332
374,194,596,336
412,196,574,336
400,194,586,333
433,193,568,333
456,192,552,333
489,186,526,331
506,185,512,322
523,180,503,323
525,179,502,323
549,177,481,318
570,171,468,330
576,172,454,322
568,179,463,311
582,187,436,305
583,188,432,304
584,190,429,304
580,189,426,304
596,229,226,172
592,223,233,177
586,219,235,175
581,215,236,173
576,212,238,171
571,208,239,169
568,205,237,169
558,200,249,171
557,198,247,174
556,197,245,177
551,198,261,173
548,196,265,174
546,195,269,175
543,194,273,176
541,193,278,177
538,191,282,178
536,190,286,179
533,189,290,180
531,188,295,182
532,189,297,176
531,193,305,178
531,194,308,178
531,194,313,177
531,194,318,177
531,195,323,177
531,195,328,177
531,196,332,176
531,196,337,176
532,197,347,177
534,197,353,175
537,197,359,173
539,195,365,178
538,193,369,177
538,191,373,176
537,189,377,175
536,189,384,176
535,189,391,176
534,189,398,176
533,189,405,177
532,189,412,177
532,190,419,178
532,190,422,177
532,191,426,176
533,192,430,175
533,193,434,174
534,194,438,173
534,195,442,173
534,202,444,169
533,208,446,165
533,214,448,161
533,221,451,157
537,218,443,162
531,222,447,154
523,224,458,148
518,224,467,139
516,222,470,141
517,220,469,131
518,219,468,130
520,218,468,129
525,218,461,126
519,222,478,121
531,224,467,114
540,231,467,112
536,231,471,112
542,239,466,109
547,244,459,109
559,252,453,106
557,259,450,103
555,262,448,103
556,262,450,105
547,264,444,110
549,269,434,106
548,269,428,101
549,262,422,97
551,254,417,98
552,253,416,98
552,249,407,99
555,245,398,101
552,246,386,102
550,254,380,101
547,264,368,100
548,261,362,105
549,273,346,105
556,281,340,110
564,288,333,109
575,289,324,109
580,285,316,109
585,281,309,109
590,277,301,109
595,273,294,109
600,270,287,109
605,271,277,104
619,268,260,103
619,268,261,103
624,267,252,104
632,264,240,104
631,261,233,106
623,258,231,110
626,256,220,108
624,257,220,108
624,259,216,109
626,256,206,109
634,255,194,110
642,256,185,114
647,263,175,112
655,264,170,112
663,266,165,112
671,268,160,112
686,277,150,106
696,282,143,105
703,290,127,111
701,288,128,110
722,292,128,106
735,296,113,98
742,297,111,94
755,299,109,94
769,299,108,88
769,298,103,89
778,298,102,85
786,301,98,83
795,305,94,82
805,309,84,75
807,313,83,75
807,314,82,76
809,318,79,72
810,321,79,76
811,326,77,72
810,329,77,71
810,330,74,72
810,331,75,72
808,332,74,73
807,334,70,70
805,334,70,71
804,335,70,71
801,336,67,70
802,336,67,70
799,336,66,70
795,337,65,69
791,340,64,68
786,342,66,69
781,347,64,69
782,345,62,72
779,349,58,70
776,352,56,68
772,354,57,68
518,153,271,425
525,143,254,428
524,142,255,431
536,123,239,447
547,111,228,455
556,104,226,457
569,99,218,462
574,97,220,467
573,96,222,468
578,93,226,473
585,99,224,483
586,108,229,486
581,123,236,492
586,147,234,489
586,146,232,490
584,167,235,485
574,194,244,480
570,207,244,494
562,210,249,493
559,196,241,523
561,191,243,526
556,197,244,520
551,203,246,515
547,210,248,509
544,207,253,509
540,204,259,509
537,201,264,509
534,199,270,509
530,196,275,509
527,193,281,509
524,191,287,510
523,187,293,505
521,185,298,509
523,186,303,516
525,196,292,506
523,201,292,504
522,206,293,502
520,211,293,500
518,215,293,498
521,212,290,506
526,217,287,502
