642,198,106,284
643,195,105,285
644,192,105,286
645,189,104,287
646,186,104,289
647,183,103,290
648,180,103,291
650,177,103,293
651,175,105,291
652,177,107,287
655,168,106,296
654,166,108,295
654,164,111,294
654,164,114,292
653,164,117,290
653,164,120,288
653,163,122,286
652,163,125,284
652,162,128,282
652,162,131,280
652,162,134,278
651,163,137,280
648,164,142,279
645,165,147,279
641,167,152,279
638,168,157,278
635,169,162,278
632,171,167,278
630,167,175,284
628,159,181,297
619,152,193,307
607,144,207,323
603,141,218,330
598,146,221,325
591,127,238,362
588,120,251,380
581,103,266,416
578,93,286,435
574,75,303,467
565,70,321,477
564,53,337,517
545,37,378,548
526,26,417,599
507,11,448,625
488,9,494,667
484,10,498,666
450,19,541,670
431,29,571,690
412,61,597,658
400,92,609,627
384,134,604,584
385,130,598,590
362,174,597,545
303,218,626,498
328,248,559,444
304,271,534,385
289,286,500,330
300,291,493,322
281,289,449,270
275,284,409,232
270,280,370,194
263,274,333,183
261,273,294,176
263,269,274,174
265,265,255,172
267,261,237,164
273,248,212,161
279,234,187,159
286,221,171,152
287,218,167,155
298,210,150,147
310,200,131,139
319,191,118,134
327,183,109,125
332,178,96,115
332,178,98,116
339,175,87,109
344,174,79,104
350,176,74,101
353,178,69,96
353,184,66,91
352,183,64,90
355,188,59,85
355,191,56,81
356,195,53,78
357,199,50,74
359,200,48,71
358,199,47,72
359,202,45,68
361,203,43,66
361,206,40,60
363,208,38,60
363,209,37,56
364,208,36,57
363,212,35,55
366,214,34,54
364,217,33,51
369,220,32,48
371,224,31,47
373,224,30,46
374,230,28,43
378,235,26,41
377,239,25,40
380,243,24,39
383,247,23,39
383,248,22,38
386,251,22,36
389,256,21,34
390,260,20,34
396,263,20,33
401,268,19,32
400,267,19,32
405,269,18,31
409,271,19,30
413,272,18,29
422,273,19,30
216,219,34,40
216,219,34,39
216,219,35,42
218,221,35,41
220,223,35,42
223,223,35,43
226,224,36,45
224,224,35,44
225,223,37,45
226,222,38,46
227,222,40,47
228,221,41,49
229,220,43,50
228,220,43,50
227,218,44,52
227,216,44,56
227,215,46,58
226,213,49,60
227,213,50,62
228,213,50,62
225,213,58,63
228,209,58,67
228,207,61,70
229,203,67,75
228,200,71,79
228,197,75,84
227,194,80,88
227,191,84,93
226,188,89,98
227,185,99,106
228,183,110,115
223,182,116,117
228,179,126,134
226,176,152,155
226,175,171,170
220,171,209,203
203,169,286,248
202,160,289,258
183,155,377,339
158,173,524,426
155,197,754,515
137,232,1021,487
206,278,1010,441
198,279,1048,440
459,326,821,392
642,335,638,382
716,312,561,407
721,306,414,320
688,312,304,251
693,314,297,250
650,312,242,216
629,323,191,186
617,331,166,166
623,336,142,151
636,337,128,143
635,336,127,143
643,330,117,141
648,322,109,142
646,313,102,148
642,308,102,157
644,308,97,164
642,304,92,166
644,299,100,185
648,292,101,201
652,286,106,202
658,280,106,204
657,274,109,228
658,273,108,225
656,267,118,235
650,264,128,237
649,263,143,246
638,253,161,258
634,247,174,264
631,242,187,270
628,237,207,277
633,228,225,287
639,219,243,297
648,210,264,306
656,196,276,317
658,199,280,315
671,186,288,323
669,168,308,339
667,151,329,355
522,158,307,259
520,161,308,257
518,164,309,256
510,167,311,254
502,170,312,253
485,176,320,250
468,182,334,246
451,188,347,243
447,194,346,236
431,199,350,230
416,204,354,225
403,205,360,217
390,207,367,210
383,209,369,200
382,210,367,198
374,209,370,209
378,207,368,205
382,205,366,202
378,204,378,202
392,201,375,197
394,204,371,197
402,200,366,191
406,199,362,184
407,197,373,183
404,196,373,190
401,197,388,193
404,198,385,196
393,196,390,199
386,198,396,200
379,201,402,201
374,204,407,197
372,203,407,196
370,202,408,196
368,201,408,196
362,200,412,192
356,199,417,188
347,198,425,181
338,197,432,174
330,197,434,171
323,197,436,168
316,197,438,165
306,196,443,155
286,195,458,153
280,192,450,150
276,193,454,150
259,195,460,137
240,200,464,127
220,201,472,126
197,202,481,123
193,204,471,128
191,207,468,124
191,211,464,122
186,218,468,116
184,217,467,115
188,222,470,116
202,221,466,119
204,220,467,124
218,226,468,125
235,226,467,121
258,227,452,132
270,234,447,127
290,240,439,130
284,240,441,129
303,246,424,133
308,250,418,133
313,255,412,133
318,259,411,132
324,264,410,132
329,268,408,132
334,273,407,132
340,278,410,127
370,284,389,129
374,283,389,128
379,282,390,128
384,282,384,128
388,281,379,127
393,280,373,127
385,281,371,127
378,281,369,127
371,282,367,127
367,282,366,127
357,283,359,129
347,283,352,131
341,289,337,123
332,295,328,119
321,296,321,120
317,294,326,120
313,296,319,116
310,299,312,112
307,302,305,108
304,305,299,105
304,302,292,102
305,300,285,100
306,298,279,98
306,295,272,96
307,293,265,94
310,291,259,92
313,289,253,91
314,288,251,92
315,287,243,92
319,291,241,89
319,290,234,90
319,290,227,92
319,290,220,94
320,293,214,92
321,296,209,91
322,299,204,89
323,302,198,88
321,305,197,93
329,309,191,94
330,308,191,95
339,314,184,94
348,321,177,93
357,328,171,92
367,334,164,91
376,341,157,90
377,339,156,90
390,344,144,93
400,352,141,92
413,360,135,91
421,370,131,85
432,372,129,88
434,372,128,90
445,378,122,89
457,385,116,88
469,391,110,88
479,396,108,84
490,399,100,87
491,401,102,83
499,404,102,86
509,413,99,83
520,415,91,85
532,419,84,86
538,421,81,84
544,423,77,82
551,426,74,81
559,430,73,78
568,433,66,77
577,435,64,71
584,437,67,67
584,439,71,66
591,440,68,61
603,439,60,57
613,439,57,55
623,439,56,51
629,435,58,52
630,435,57,50
640,431,54,51
651,428,52,51
661,424,50,49
670,416,54,53
681,410,56,58
681,410,55,58
694,406,54,61
703,401,55,61
715,395,53,61
726,391,53,59
737,385,52,60
736,385,53,59
747,379,53,58
757,373,54,58
768,366,50,55
779,359,50,56
791,353,48,55
789,353,50,55
800,346,50,55
812,338,48,54
822,331,49,54
835,324,47,53
846,316,43,57
846,315,43,58
856,307,44,53
867,298,41,53
876,286,41,56
885,281,42,51
893,270,42,53
894,270,44,51
331,0,594,553
330,0,577,589
331,14,580,610
330,47,578,604
329,81,576,599
334,99,575,594
339,117,573,589
339,130,576,578
347,124,560,589
345,118,569,593
344,103,578,586
341,107,579,586
350,80,575,600
354,69,584,617
358,58,593,608
362,47,602,599
372,46,617,614
376,44,616,636
381,42,614,658
382,51,618,649
384,67,615,629
