681,298,128,177
679,297,128,177
677,298,128,176
674,300,128,176
671,298,128,175
668,295,128,174
665,293,128,174
662,291,128,174
659,289,128,173
656,287,128,173
654,286,128,172
653,285,128,173
652,285,128,174
650,284,128,174
649,284,128,175
648,283,128,176
646,283,128,176
646,288,128,172
645,280,128,180
644,277,128,184
643,282,128,178
646,281,134,180
648,273,139,188
650,265,145,196
652,257,150,204
654,249,155,211
652,246,161,219
656,235,166,227
660,225,172,235
662,217,177,242
664,209,182,250
667,208,184,251
670,206,186,252
673,205,188,253
676,203,198,249
679,199,198,254
682,198,198,255
685,197,199,257
688,196,199,258
690,195,200,259
693,194,200,260
695,191,204,263
697,188,208,266
699,185,210,270
702,182,212,273
704,179,214,276
707,176,216,280
709,173,218,283
712,170,220,286
714,167,221,290
713,170,222,287
714,169,224,292
716,169,226,297
718,168,229,302
720,168,231,307
715,167,235,309
709,166,238,310
704,165,242,312
699,164,245,314
694,164,249,316
690,159,249,320
687,157,251,320
685,151,254,325
683,145,257,330
681,143,259,327
679,139,262,332
677,134,265,337
675,133,267,341
672,132,270,346
670,131,273,351
668,129,275,356
666,133,278,358
665,136,281,360
664,139,284,362
663,142,287,364
663,145,292,369
663,148,296,374
663,151,301,379
662,154,306,383
662,157,310,388
661,156,308,388
658,159,313,390
655,163,319,392
653,166,324,394
655,168,325,394
658,169,325,395
660,171,326,395
667,173,322,393
673,174,319,390
680,176,315,388
687,178,312,386
682,181,320,389
677,185,328,393
675,192,336,396
672,198,344,399
669,205,352,402
667,212,359,405
664,218,367,409
662,225,375,412
659,231,383,415
656,238,391,418
654,240,399,414
652,242,407,410
650,244,414,406
638,240,408,408
640,247,430,399
634,251,440,380
639,252,446,391
638,254,453,387
637,257,461,383
636,259,469,379
632,258,473,375
628,258,477,372
624,257,481,368
619,257,486,364
615,256,490,360
611,255,494,356
606,244,498,363
602,238,502,365
599,243,507,353
594,253,511,341
587,249,515,340
580,244,519,340
573,240,523,339
566,236,528,338
559,232,532,337
552,227,536,336
545,223,540,336
537,222,544,335
531,216,549,334
525,210,553,333
529,206,557,330
522,203,561,326
529,200,565,323
524,204,568,319
519,209,571,316
507,218,564,313
495,226,579,310
483,235,585,306
472,244,590,303
460,247,595,303
465,257,597,300
466,247,600,318
472,240,583,330
478,225,584,337
484,211,579,359
483,211,588,358
492,192,585,398
510,163,568,400
511,150,599,428
513,136,628,466
522,141,627,439
531,143,620,429
540,146,613,366
547,167,616,388
584,176,578,382
618,183,548,366
616,193,545,380
626,195,528,368
639,202,516,356
645,220,508,340
633,224,507,334
633,231,494,318
630,238,481,304
628,245,487,303
630,251,479,292
639,264,455,270
629,269,456,265
628,287,452,243
632,289,445,242
631,290,448,242
635,294,438,237
640,309,424,210
645,306,413,209
639,307,410,203
634,309,408,197
632,308,413,199
628,309,408,191
633,311,392,184
