517,173,214,152
513,171,218,151
493,164,222,154
474,157,227,156
459,152,231,156
445,147,234,156
431,142,238,155
424,140,241,155
418,138,245,155
411,136,248,154
409,134,243,151
398,131,252,151
390,128,257,151
387,126,257,148
380,127,259,146
369,125,264,145
360,124,271,143
352,122,273,141
344,122,280,138
343,121,281,137
340,120,284,140
333,116,289,143
335,115,291,141
337,115,293,138
339,115,296,135
341,115,298,132
344,115,301,130
355,114,301,129
366,113,301,128
370,113,304,127
376,116,304,126
374,116,306,123
376,121,308,121
378,127,305,117
377,135,306,112
374,144,306,111
369,153,309,108
370,153,306,108
367,162,309,106
367,169,309,101
375,174,300,103
383,177,299,99
391,180,299,96
399,184,298,93
407,187,298,90
415,190,298,87
429,193,295,84
443,195,292,82
458,198,282,77
460,198,285,77
471,199,288,78
484,197,285,76
498,196,283,75
503,191,284,74
509,187,280,73
508,189,281,71
511,184,277,72
512,179,272,71
514,174,272,70
519,169,268,67
529,162,255,68
527,164,262,67
532,160,256,64
551,155,244,65
557,152,239,63
559,153,246,61
567,153,242,63
566,153,245,63
576,157,235,61
586,162,225,59
587,166,227,61
588,163,227,69
599,170,221,65
601,170,221,66
604,167,223,70
620,172,217,69
636,173,212,67
647,177,212,64
664,176,206,65
663,177,209,64
677,178,208,64
692,179,204,66
702,180,198,66
705,184,196,69
709,188,195,69
713,192,194,69
717,196,193,68
718,199,190,69
719,203,188,71
720,207,185,72
721,211,182,73
722,214,180,72
724,218,178,72
726,221,175,71
728,225,173,70
729,228,171,70
731,232,166,67
733,234,164,66
734,235,162,66
735,236,160,65
737,238,159,65
738,236,156,65
739,235,154,65
741,233,152,66
742,232,149,66
743,230,147,67
744,232,145,66
745,233,143,66
745,235,141,65
746,237,139,65
747,238,137,65
748,247,133,65
750,255,130,65
752,263,126,65
754,271,123,66
752,272,125,64
752,284,123,65
752,296,121,65
753,309,119,66
753,322,116,65
754,336,113,65
755,339,112,61
755,351,110,61
755,363,107,61
755,375,105,61
753,386,101,63
748,398,102,62
746,399,101,63
739,410,100,64
734,419,99,65
726,427,96,65
717,432,89,68
712,436,89,66
707,439,89,64
701,443,90,62
693,445,86,59
685,446,83,56
680,447,80,56
673,448,78,54
666,450,79,52
660,452,80,51
651,454,83,50
645,456,79,49
640,457,76,49
636,460,72,47
637,460,70,48
630,463,71,46
624,465,67,46
618,469,68,44
612,474,64,44
609,478,60,42
608,479,61,42
602,485,61,42
597,489,62,42
592,492,63,42
