703,201,190,400
702,205,190,395
700,210,190,391
699,209,188,391
697,212,191,388
696,215,190,384
694,221,190,378
693,227,190,372
691,233,190,365
690,238,190,359
688,244,190,353
689,248,193,346
690,252,195,339
691,269,198,319
685,284,200,306
687,284,203,302
687,279,200,301
688,291,208,294
691,289,210,290
696,280,205,290
697,284,215,282
699,281,218,283
700,280,220,283
702,277,227,284
712,273,229,284
721,273,224,278
719,269,227,280
717,264,230,282
717,261,229,288
714,256,234,288
711,251,240,287
710,248,241,288
703,244,248,285
702,232,248,287
701,234,248,288
694,234,252,284
695,226,251,287
696,224,250,289
697,222,250,292
697,220,249,295
698,218,248,297
697,215,248,300
695,211,248,303
693,208,248,306
692,204,248,309
690,201,248,312
688,197,248,315
687,194,248,318
685,190,248,321
683,187,248,324
681,183,252,326
679,180,256,329
677,183,259,325
675,178,275,328
671,180,283,330
669,175,284,332
667,170,286,335
665,165,288,338
663,160,290,341
661,155,292,344
660,150,294,347
660,147,297,350
659,143,300,353
659,140,303,356
658,136,306,359
657,133,310,361
657,129,313,364
656,126,316,367
656,122,319,370
655,119,322,373
654,115,325,375
655,112,330,380
656,108,335,385
656,105,340,390
657,101,345,395
657,98,351,399
658,94,356,404
659,91,361,409
659,87,366,414
660,84,371,419
660,80,376,423
666,77,373,433
666,79,383,434
666,76,386,440
665,72,389,445
665,63,392,456
665,65,396,456
664,62,399,462
664,58,402,467
664,55,406,473
663,51,409,478
662,52,413,482
660,53,416,486
655,59,412,495
654,59,417,498
653,59,422,501
652,59,426,505
651,59,431,508
650,59,436,511
649,59,441,514
645,60,442,514
641,61,444,515
637,63,445,516
646,51,445,517
636,47,446,518
631,51,448,518
626,55,450,519
620,59,452,519
611,60,453,519
608,66,455,520
605,72,457,520
597,74,461,515
590,77,465,511
582,80,469,507
575,83,473,502
567,86,477,498
560,88,481,494
552,91,485,489
545,94,489,485
537,97,493,481
530,100,497,477
529,99,497,474
529,99,498,472
529,98,498,470
528,98,499,468
528,97,499,466
528,97,500,464
527,96,500,462
527,96,501,460
527,96,502,458
524,100,503,456
506,98,520,453
488,97,538,450
470,96,555,447
453,95,573,445
434,95,590,442
415,96,608,439
397,97,626,437
377,98,643,434
358,99,661,430
339,101,679,428
321,105,681,428
318,103,683,427
315,102,685,426
313,101,687,425
310,100,689,424
308,99,692,424
310,99,694,423
312,100,696,422
314,100,698,421
317,101,701,421
309,110,724,428
301,119,783,434
204,150,898,430
201,153,916,433
209,174,929,428
205,202,972,425
197,222,979,430
210,211,964,449
241,186,931,485
238,186,935,487
277,164,906,531
331,134,893,578
424,101,828,618
438,92,842,627
442,93,837,532
442,93,835,537
454,99,825,572
453,122,826,593
452,144,827,558
451,166,828,553
472,176,794,544
468,177,802,543
487,189,772,519
508,190,750,514
528,189,712,492
541,197,688,457
544,198,678,453
547,199,668,450
564,206,636,423
577,218,620,409
583,227,600,403
589,236,581,398
583,247,580,391
586,254,575,386
588,261,569,381
591,268,564,377
