435,244,199,181
419,242,203,182
414,241,207,183
401,237,211,184
391,232,215,185
382,232,219,186
377,230,222,187
376,230,226,187
375,230,230,188
374,231,234,189
373,231,238,190
384,228,237,189
394,225,236,188
405,222,235,187
410,225,234,186
422,221,239,187
434,217,237,185
447,213,238,184
459,209,238,180
472,205,239,180
480,200,236,179
488,195,233,178
496,190,230,178
498,184,231,175
500,179,233,173
501,174,234,170
503,168,236,168
507,160,234,171
508,158,234,164
509,157,234,158
515,152,227,154
513,150,227,152
512,148,227,150
511,147,227,149
510,145,227,147
508,144,228,145
514,145,221,140
511,147,227,137
512,147,226,138
505,149,235,134
510,149,232,136
512,148,235,134
515,148,239,132
522,148,239,133
523,148,237,129
524,150,242,126
531,150,241,123
539,151,241,120
544,152,243,118
553,149,242,122
551,148,246,122
560,148,245,122
569,148,243,122
578,148,241,123
582,146,247,124
586,146,247,123
590,146,248,122
593,145,248,121
597,145,248,120
600,144,249,119
604,144,249,118
604,144,250,115
604,143,250,113
605,143,250,108
605,142,250,104
605,142,250,100
606,142,251,95
608,139,253,96
612,139,252,99
616,138,252,94
621,138,253,89
623,134,253,92
626,135,254,91
628,136,254,90
627,137,253,89
625,142,251,88
622,147,250,87
619,152,248,86
617,156,246,86
614,161,245,86
612,165,243,87
607,171,241,88
603,178,240,88
603,182,235,90
603,186,231,92
605,186,226,94
607,189,220,92
610,190,222,98
614,188,216,104
620,188,215,108
629,191,213,107
636,197,212,108
643,200,211,108
649,203,210,109
659,207,207,108
668,210,205,107
678,214,202,106
688,218,200,105
685,220,202,104
699,225,200,107
713,230,198,110
730,236,189,107
743,240,182,113
756,244,175,118
761,247,176,117
765,251,177,117
770,254,178,116
775,258,178,116
799,261,158,122
798,261,162,118
795,258,165,120
797,255,161,117
799,252,157,114
800,249,153,111
801,241,149,110
801,239,148,112
801,237,147,113
802,230,147,114
805,222,142,121
804,221,141,127
804,227,150,128
807,229,142,132
810,232,135,136
817,242,128,134
816,253,138,137
820,262,135,139
819,270,134,137
817,276,130,134
815,282,127,132
813,289,124,140
