708,12,242,499
700,8,242,494
698,8,242,489
698,8,241,487
700,5,236,497
700,10,234,495
697,18,235,489
691,25,242,478
688,28,247,474
691,28,244,472
691,36,250,467
687,47,248,452
689,48,251,449
684,55,256,446
683,64,255,436
684,66,251,444
686,71,250,436
687,75,250,428
688,79,250,421
689,83,250,413
691,88,250,406
690,88,249,402
693,88,244,400
690,89,246,400
689,94,245,395
687,98,246,390
687,100,247,388
685,99,247,390
688,102,245,383
689,99,242,382
688,101,253,377
688,99,254,374
688,98,255,371
688,96,256,368
689,95,257,365
692,87,254,365
696,79,252,366
701,76,252,361
704,77,252,357
704,77,253,358
706,77,253,363
704,77,254,353
706,74,253,353
706,75,257,354
708,75,253,355
708,74,255,356
709,78,252,352
711,79,250,351
713,84,248,350
711,84,252,353
711,90,254,350
712,85,249,353
711,89,251,352
710,87,250,353
710,91,247,352
709,94,246,352
708,99,249,349
708,98,250,350
707,100,248,348
707,104,250,343
711,108,254,350
711,105,251,349
711,107,250,346
712,111,248,344
713,109,246,343
711,110,245,343
710,117,246,339
710,125,248,336
709,124,249,336
709,123,250,337
709,123,251,338
710,125,254,331
711,125,253,330
713,126,254,329
714,125,255,329
714,126,254,329
715,125,258,328
719,123,254,325
720,125,252,327
723,122,254,328
724,123,255,331
726,121,253,328
729,120,252,329
730,121,252,327
731,124,250,328
731,128,250,324
730,130,250,323
730,130,251,322
730,134,251,317
732,137,253,319
732,143,258,319
733,143,259,317
734,143,260,316
735,144,261,315
736,144,263,314
738,145,264,313
739,145,265,312
740,145,267,311
741,146,268,310
742,146,269,309
744,147,271,308
742,148,272,306
741,150,273,305
740,152,274,304
738,154,275,302
737,156,277,301
736,158,278,300
734,160,279,298
733,162,280,297
732,164,281,296
731,166,283,295
727,167,285,298
730,169,284,297
732,171,283,295
735,173,282,294
738,175,280,293
740,177,279,292
743,179,278,291
746,181,277,290
749,183,276,290
751,183,270,284
753,184,264,279
756,185,259,274
736,188,278,280
731,191,283,278
722,194,291,277
713,197,300,276
704,200,308,280
695,203,317,285
685,205,325,289
676,208,334,294
669,211,329,269
659,213,331,265
649,220,337,257
641,218,338,254
633,216,339,250
625,215,340,246
618,220,341,234
609,216,343,233
601,211,344,232
593,207,345,231
589,206,346,231
585,201,347,234
582,196,348,237
578,191,349,240
566,200,365,216
567,196,363,215
564,199,361,215
565,192,364,219
556,180,368,232
557,162,356,258
545,140,370,280
552,118,383,302
557,119,387,303
536,102,395,340
535,85,392,377
520,80,409,382
478,78,452,322
461,74,467,317
456,75,480,318
436,73,501,338
440,83,516,322
409,91,554,341
399,93,576,340
382,106,601,326
364,108,614,325
347,110,628,324
329,112,642,323
312,115,656,323
281,136,686,329
264,150,687,317
265,144,687,322
246,158,698,325
241,169,709,324
250,175,699,316
261,181,696,313
271,180,688,308
269,175,686,319
277,182,678,305
281,184,684,308
284,181,681,292
299,178,673,286
310,170,663,292
308,174,666,285
322,169,654,278
