833,103,139,309
835,99,140,310
837,95,141,312
839,96,143,309
841,97,144,306
843,98,145,303
842,100,146,298
841,105,147,291
838,114,155,284
834,121,161,288
827,133,171,281
824,136,177,281
821,139,183,281
812,149,186,282
808,154,191,287
803,150,195,298
799,159,199,300
795,168,204,303
794,165,207,306
788,168,224,317
783,173,234,335
775,180,251,348
770,175,281,373
759,182,297,385
762,182,289,392
751,183,309,415
742,194,328,425
732,205,347,451
723,216,371,459
707,227,402,473
704,233,405,469
689,251,436,468
683,264,469,455
666,277,490,442
633,296,534,424
619,322,556,397
625,320,554,399
607,345,564,374
588,371,553,348
570,396,541,323
552,422,530,297
525,441,517,268
526,449,521,260
507,452,490,223
490,453,445,220
481,453,403,215
474,441,368,218
474,426,325,219
468,426,328,222
470,411,294,215
473,396,261,207
474,379,224,204
474,363,203,194
474,352,181,186
474,350,172,179
476,336,154,171
477,326,143,162
478,309,130,157
479,301,120,147
483,288,107,135
485,288,101,135
485,276,96,130
485,271,91,124
485,266,81,109
488,254,73,108
488,246,69,103
490,249,65,102
489,244,60,96
489,238,56,90
486,234,51,84
484,230,47,78
481,228,45,73
480,225,46,76
476,224,45,72
471,222,45,67
468,219,43,65
465,216,42,66
462,215,39,61
461,215,40,61
460,215,37,57
459,216,33,52
456,214,32,49
455,213,31,48
452,212,31,47
452,212,31,46
451,212,29,45
450,211,28,43
450,211,27,40
450,211,25,39
450,213,24,37
451,214,24,38
450,214,24,38
507,49,396,609
512,31,398,612
520,25,399,615
516,20,400,618
511,23,402,621
506,32,403,623
501,41,404,626
496,50,405,629
491,59,407,632
485,72,409,635
484,71,410,638
484,88,411,631
489,109,406,611
491,129,401,590
497,148,397,571
502,168,392,551
501,176,387,532
533,197,366,522
525,225,367,494
544,246,368,473
566,261,368,458
578,260,368,459
591,264,368,455
605,268,368,451
626,265,370,454
647,260,370,459
668,255,369,464
673,254,369,465
677,253,370,465
682,252,370,466
687,252,371,467
685,261,380,458
686,263,382,456
687,266,384,453
688,268,386,451
688,271,389,448
688,267,396,452
688,263,404,456
687,258,411,461
694,244,405,471
687,252,422,467
683,245,435,472
679,233,453,484
674,219,464,498
643,217,504,500
626,212,512,503
627,212,520,505
595,210,564,507
612,210,560,509
628,207,557,512
641,208,553,511
634,208,560,511
627,208,568,511
614,205,579,506
601,203,591,501
590,203,603,495
579,203,614,489
568,203,626,484
557,204,638,479
546,204,650,474
535,205,662,469
539,221,662,458
543,237,664,447
548,253,665,437
549,256,676,433
534,274,722,421
529,293,711,408
503,310,711,408
485,336,697,383
456,359,687,360
458,363,685,356
447,377,670,342
435,386,654,333
497,385,580,334
491,377,569,341
485,356,560,362
487,352,554,367
479,339,549,379
471,319,558,399
489,312,520,407
456,329,532,387
395,339,556,332
390,341,559,327
385,343,527,331
382,347,471,316
380,347,439,301
381,347,397,298
387,347,364,283
387,346,364,286
395,350,335,268
404,354,310,243
415,353,292,230
441,352,266,216
458,347,250,202
461,347,247,200
481,343,238,191
507,335,217,181
526,326,211,175
550,321,195,168
569,317,186,164
571,316,186,164
589,311,174,162
604,307,166,158
616,306,167,156
539,349,147,113
524,346,156,107
525,346,154,106
514,339,152,106
500,334,158,104
492,332,160,105
484,330,161,106
476,329,163,107
473,327,164,108
464,325,166,108
456,324,169,108
447,323,179,107
446,323,176,106
435,319,183,109
435,317,184,109
436,315,186,110
431,318,190,101
428,315,200,101
429,314,199,104
426,312,204,100
427,313,203,102
427,309,203,104
434,305,199,103
437,304,203,101
441,303,207,100
444,303,211,99
447,302,215,98
451,302,219,97
456,302,224,97
462,302,231,93
468,302,237,90
474,301,251,90
475,300,249,92
480,299,253,90
486,296,258,91
486,296,265,90
493,294,266,89
496,293,270,87
494,292,272,88
500,296,275,82
510,292,274,85
508,294,285,81
515,293,288,82
523,292,291,84
520,292,296,81
526,290,301,82
532,285,306,81
539,281,311,81
546,277,316,80
547,274,320,76
550,275,316,77
550,273,326,70
549,272,329,67
541,270,339,67
547,270,334,67
546,268,335,69
544,268,336,69
539,267,341,72
533,265,343,77
523,265,352,78
524,265,347,83
510,271,356,80
513,269,352,83
509,275,350,81
508,285,345,75
507,293,343,70
506,298,344,68
510,297,341,69
511,295,339,70
510,291,344,72
511,290,347,74
528,285,337,77
530,281,340,89
535,281,342,91
540,281,345,92
548,287,334,87
556,292,323,82
565,297,312,77
570,303,307,69
571,308,305,69
570,310,308,70
577,314,303,67
587,317,298,71
597,320,294,76
608,323,290,81
618,326,285,86
626,325,281,88
633,324,277,90
641,323,272,92
649,322,268,94
658,324,264,90
673,322,255,92
671,323,258,90
681,327,250,89
685,334,244,85
687,341,239,78
687,344,232,80
685,348,226,81
684,350,227,81
684,354,220,81
684,363,217,82
690,366,204,78
695,370,198,77
700,374,193,74
702,373,191,74
707,378,183,74
712,383,177,74
717,389,169,74
729,392,160,72
735,399,158,70
732,401,161,72
742,405,150,73
751,410,145,68
759,415,140,70
768,421,136,73
775,428,133,73
775,428,132,72
777,435,127,71
780,442,123,69
783,448,120,71
785,457,116,71
787,463,115,68
789,464,113,67
792,470,106,66
791,478,103,64
802,485,88,66
803,491,84,65
802,495,80,64
801,495,80,62
800,497,74,59
799,500,74,56
801,495,68,59
808,495,68,54
805,495,65,53
804,496,62,51
801,496,59,51
794,495,57,47
792,495,54,47
788,494,51,47
785,495,47,46
785,494,44,47
780,495,45,42
774,496,43,42
767,496,42,41
760,496,43,40
753,498,42,39
753,498,43,39
747,500,41,39
743,502,39,38
738,503,37,38
731,503,39,43
725,507,40,38
725,507,39,38
526,134,314,391
535,143,311,399
540,151,314,402
551,160,310,398
558,174,316,396
558,171,312,397
567,184,309,404
574,198,314,392
582,208,311,394
586,219,316,392
586,221,323,391
585,218,325,404
586,218,333,407
582,216,349,405
586,211,358,409
590,203,360,418
590,202,362,418
589,204,365,416
589,209,371,422
580,214,381,424
577,210,389,438
564,211,398,438
556,203,407,447
558,199,406,451
545,199,416,453
537,198,425,457
527,196,429,460
508,195,441,482
480,193,471,502
477,192,475,509
478,192,476,513
463,183,486,530
446,184,503,529
431,179,518,532
417,176,522,536
411,175,530,540
393,169,541,549
371,171,558,544
352,174,567,544
328,192,584,525
