241,0,842,606
327,0,636,541
348,0,586,524
388,19,476,469
407,56,435,397
440,83,348,348
469,103,295,316
490,116,245,288
497,121,234,284
511,143,197,250
520,155,187,231
523,165,178,219
526,174,164,204
529,185,150,187
529,190,151,182
535,195,133,173
538,201,126,164
541,207,118,156
544,213,110,147
548,223,99,136
551,225,94,133
555,229,82,125
557,237,79,115
557,242,74,108
557,245,71,103
557,249,68,99
557,253,65,95
557,256,63,91
557,259,60,87
557,262,58,83
558,266,56,78
558,268,52,75
559,270,49,72
560,273,46,69
560,275,45,66
560,278,44,62
560,281,43,59
561,283,42,57
562,284,40,56
563,286,39,54
564,288,37,51
566,290,34,48
566,291,33,46
567,292,32,44
567,292,32,44
568,293,29,43
570,294,30,42
570,295,28,41
571,297,27,39
573,297,27,38
573,297,27,38
577,298,22,35
578,300,20,33
579,300,21,34
580,301,21,31
581,302,20,30
582,302,19,30
583,302,19,30
584,303,18,28
585,303,18,28
587,304,17,28
587,305,17,26
587,305,18,27
588,305,18,26
589,306,17,25
591,306,17,25
592,307,17,24
594,307,16,24
593,307,16,23
595,308,17,22
598,307,15,23
598,306,16,23
600,307,16,22
602,307,16,22
601,307,16,22
604,308,15,23
