403,144,269,162
401,141,271,161
400,138,273,160
399,135,275,159
398,132,277,159
396,132,279,158
393,132,281,157
391,132,289,156
389,133,296,155
386,133,303,154
381,133,311,154
384,132,310,155
378,131,317,154
371,134,317,152
366,137,317,151
358,136,329,152
349,140,339,152
349,138,338,152
346,141,338,150
339,142,340,153
339,146,340,151
340,147,347,150
341,149,355,149
342,150,355,148
346,152,356,147
348,159,363,139
348,161,376,137
347,163,389,135
347,165,396,133
346,167,402,131
362,170,395,129
371,176,392,126
367,183,400,124
362,191,408,122
358,199,416,120
356,204,419,120
354,208,422,121
352,213,425,121
350,222,426,121
348,231,427,121
332,237,437,121
331,237,440,121
335,238,437,127
329,243,440,131
323,249,444,136
325,249,444,134
326,249,445,132
327,248,445,131
328,248,445,129
334,245,444,124
340,242,442,119
346,240,439,113
354,235,435,116
352,235,438,115
361,229,431,118
366,225,428,123
366,221,423,124
367,218,418,125
368,215,412,126
368,212,410,127
363,208,407,131
352,206,406,133
342,209,398,134
333,213,389,135
324,216,380,137
321,219,383,134
316,227,374,134
311,236,365,135
307,244,356,136
302,253,346,137
304,262,340,130
308,265,331,128
313,269,322,126
318,273,313,124
330,275,304,122
342,277,295,120
348,277,289,116
354,278,282,113
369,278,274,109
384,279,266,106
400,280,258,103
412,280,251,101
420,279,245,100
429,279,239,98
438,278,233,96
447,277,227,95
456,277,221,93
464,276,215,91
471,274,211,87
475,272,205,86
478,271,200,85
481,269,194,84
485,268,189,83
488,266,184,82
489,265,181,81
490,263,178,80
491,262,175,80
492,261,170,79
493,259,165,79
492,258,160,78
492,257,154,78
492,255,151,77
492,254,149,77
490,256,145,78
487,257,142,78
484,259,138,79
481,264,134,80
481,263,132,79
479,271,129,79
476,280,126,78
473,289,124,78
469,299,122,81
465,309,121,84
465,311,119,83
463,320,118,82
462,331,116,81
461,342,111,81
460,353,106,81
461,357,105,79
462,361,104,77
460,366,104,76
459,372,105,75
462,377,103,74
465,382,101,73
468,386,99,71
470,388,97,70
474,392,98,69
477,397,99,68
484,402,98,67
491,408,96,67
497,413,95,67
498,413,93,66
506,418,92,66
514,423,92,64
522,428,92,64
531,432,90,65
543,437,88,65
543,436,87,65
552,440,87,64
563,443,85,63
575,445,83,65
583,446,82,63
593,447,81,63
595,448,81,64
604,449,79,63
613,450,78,63
622,451,78,62
632,451,77,62
638,451,77,61
640,451,75,61
649,452,74,60
656,451,72,60
664,450,72,60
671,449,72,60
676,448,71,60
676,448,71,60
682,448,69,59
688,447,69,58
694,446,67,57
699,444,67,57
704,445,66,57
703,445,67,56
