577,197,33,66
576,202,31,61
576,202,32,60
575,204,32,58
573,204,32,58
573,203,33,57
572,203,33,56
570,203,32,55
571,203,32,56
569,203,32,55
568,202,33,56
567,203,32,52
566,203,32,53
566,203,32,53
566,203,32,53
566,203,32,54
566,203,31,55
567,201,30,56
568,200,32,56
570,199,32,56
571,200,32,56
573,200,33,57
576,200,34,58
577,200,32,57
578,200,32,57
577,201,34,56
577,202,36,56
577,202,35,57
575,203,34,57
573,204,33,58
570,206,32,58
567,206,33,59
563,207,34,59
559,207,35,60
555,208,36,61
552,208,38,61
548,209,39,62
543,211,39,62
542,211,38,62
541,212,38,62
540,213,38,63
534,213,40,63
529,213,42,63
523,214,44,64
521,214,44,64
519,214,44,65
517,214,45,66
512,214,43,65
514,213,40,66
510,211,42,67
507,209,45,68
503,207,47,69
500,206,50,70
499,205,50,71
498,205,51,72
496,205,52,72
495,204,52,73
494,204,53,74
493,203,54,74
497,203,50,76
496,205,55,77
498,205,53,79
498,205,53,79
499,209,54,79
500,213,56,80
502,217,57,81
503,222,59,82
506,228,59,82
506,229,59,81
506,232,59,81
505,235,59,81
502,239,59,82
498,243,60,83
494,247,60,84
494,249,61,85
489,252,63,85
484,256,64,85
480,256,61,87
474,256,59,87
467,257,61,88
466,259,63,87
460,261,64,85
454,263,65,86
447,266,66,87
441,268,67,87
435,270,68,88
433,270,69,88
428,275,70,88
423,277,72,89
419,278,73,91
415,278,74,90
410,279,75,90
409,279,76,89
406,277,75,89
405,274,72,89
401,271,74,90
396,268,77,89
392,263,83,94
392,263,81,93
390,260,78,90
379,257,89,94
375,254,89,94
366,251,92,95
357,250,94,95
356,250,96,96
348,249,97,97
337,250,99,97
321,251,105,99
310,250,110,103
302,253,108,100
304,254,106,99
295,252,112,102
281,254,118,107
271,256,128,104
264,259,133,109
256,261,137,114
256,261,141,113
246,263,154,118
243,267,159,121
236,269,172,122
228,268,182,131
217,267,201,134
216,267,203,135
201,264,226,139
190,259,252,151
174,255,284,163
157,247,321,170
127,235,386,191
127,233,388,194
85,215,469,216
31,197,581,248
7,186,713,287
0,175,847,351
0,114,995,430
0,110,1032,442
0,107,1210,477
105,53,1174,513
252,62,1021,500
405,71,874,463
518,84,749,414
529,88,726,408
585,112,601,365
617,131,514,330
646,151,402,290
643,163,365,268
660,174,315,250
663,171,310,251
675,175,276,248
674,183,249,241
670,195,234,240
658,191,218,261
649,187,220,280
643,180,223,295
633,176,225,314
623,146,224,360
613,138,229,383
594,130,230,417
589,134,220,401
598,138,208,393
573,143,231,436
562,148,240,449
566,145,245,448
560,143,240,469
548,139,249,467
551,144,247,467
530,147,264,467
509,155,289,492
486,171,301,496
448,185,327,490
414,197,355,490
411,200,364,489
392,206,369,478
374,197,393,486
366,197,409,481
361,196,428,483
357,193,432,494
358,195,435,494
337,190,455,510
338,181,458,526
312,169,493,541
289,147,512,564
258,123,537,582
254,128,539,576
233,112,564,586
