774,105,215,149
761,105,214,148
747,105,213,147
739,105,212,146
730,105,211,145
722,105,211,144
713,105,210,143
703,106,213,146
693,106,216,149
690,105,216,148
674,109,225,146
677,111,218,155
676,113,220,158
676,116,222,162
675,118,224,165
675,121,224,165
676,125,225,163
678,130,226,162
680,134,227,160
675,139,233,151
676,144,236,152
673,146,237,150
671,149,238,148
668,152,240,146
666,155,241,144
664,158,243,142
658,160,243,138
652,162,242,135
646,164,242,131
640,166,242,127
635,168,242,124
630,163,239,126
625,163,236,122
625,162,234,121
619,167,235,114
616,168,234,110
612,168,232,107
606,169,234,101
603,172,233,94
603,172,232,94
601,172,232,94
595,171,236,91
594,170,236,89
591,169,237,84
588,169,235,81
589,169,234,81
583,166,237,78
578,162,235,78
574,165,235,71
566,168,230,69
559,172,229,65
558,174,229,66
554,177,229,67
545,180,227,68
536,184,224,68
534,187,225,70
532,195,222,68
529,195,224,70
522,198,226,72
522,197,225,77
524,202,229,75
529,200,220,77
534,198,219,82
535,197,214,85
541,199,214,85
545,205,215,84
550,212,216,83
555,218,217,82
560,224,211,82
562,226,210,83
565,228,208,83
566,229,208,82
567,232,206,90
568,236,204,99
570,240,200,99
572,245,197,100
574,249,193,101
576,254,190,102
578,258,186,103
580,263,183,103
580,270,185,106
580,269,184,107
581,269,183,121
581,274,188,124
586,278,169,134
589,282,166,133
590,285,158,140
592,288,149,139
594,292,141,138
581,302,141,141
569,312,142,124
563,320,130,116
552,325,129,110
551,325,131,108
543,332,124,106
531,340,123,99
519,345,122,97
507,353,122,94
501,360,118,91
502,361,117,91
492,369,114,86
485,376,108,82
477,382,106,80
470,388,103,78
464,392,100,77
464,390,100,79
462,394,96,76
460,396,92,77
458,396,91,76
458,397,89,77
464,395,84,77
464,396,82,76
465,395,83,80
465,393,86,84
466,391,85,85
469,389,83,86
473,389,82,86
472,389,81,86
476,390,80,84
480,391,79,83
483,392,76,85
483,392,80,85
485,392,78,85
486,393,78,85
488,392,76,85
489,393,73,84
489,393,73,83
490,394,72,81
489,393,69,80
488,394,69,80
488,392,69,79
485,391,66,78
482,389,65,78
479,386,63,78
476,383,62,77
476,382,63,77
474,378,62,77
472,374,60,74
469,372,61,74
