528,1,725,716
522,1,742,709
521,1,745,709
527,0,743,711
522,0,744,711
525,0,744,711
522,0,746,710
523,0,750,711
522,0,749,714
528,0,742,718
528,1,730,716
529,0,740,717
527,0,740,715
520,0,743,712
515,0,750,719
515,0,748,716
511,0,753,709
516,1,751,716
522,0,743,717
530,5,740,710
534,32,740,685
531,33,743,686
528,52,748,666
539,63,739,655
558,73,719,646
557,77,721,642
550,73,729,646
574,84,704,636
572,83,704,637
580,82,697,638
572,109,707,608
570,128,702,590
574,139,695,578
585,139,685,581
578,148,690,572
572,145,695,573
564,117,707,598
563,58,715,662
562,20,712,692
558,0,722,720
559,0,720,719
559,4,720,706
537,0,741,707
516,0,759,714
494,0,785,719
