782,228,34,54
782,228,33,55
782,228,33,55
782,228,32,55
782,229,32,55
783,229,31,54
783,229,31,54
783,230,30,54
783,230,30,54
783,230,29,54
784,231,29,54
784,232,29,53
784,233,29,52
784,234,29,52
784,235,29,51
784,236,28,51
783,237,28,50
783,238,28,49
783,240,28,49
783,241,28,48
783,242,28,48
782,243,28,48
782,243,28,48
779,244,29,48
781,246,27,46
780,246,27,47
780,246,27,49
779,247,26,47
778,248,28,47
778,249,27,47
777,249,26,47
776,250,27,47
776,251,27,47
775,251,28,47
774,252,28,47
773,253,28,47
772,253,29,47
771,254,29,47
770,254,30,47
769,255,30,47
768,256,31,47
767,256,31,47
766,256,31,47
765,255,31,48
764,255,31,48
764,256,31,48
763,255,31,49
762,255,31,49
761,255,31,49
760,255,31,50
760,254,31,50
759,253,31,50
758,251,31,51
758,249,32,51
757,248,32,52
757,249,30,52
755,247,33,53
755,245,33,54
755,242,33,54
755,239,33,55
755,237,34,55
754,237,33,55
753,233,34,56
753,229,34,57
753,224,34,57
753,220,35,58
753,215,35,58
751,214,37,61
751,209,36,60
749,203,41,64
751,200,35,60
749,190,40,66
748,188,41,68
747,184,41,69
747,181,42,70
746,178,43,71
746,175,44,72
744,170,46,74
743,170,46,76
744,171,47,76
742,171,49,79
739,169,53,83
738,166,53,88
736,167,56,91
736,169,55,93
735,171,57,93
734,173,60,93
733,175,62,96
732,177,65,99
731,178,67,102
731,180,69,105
728,183,71,106
726,185,73,109
724,188,75,114
721,190,77,119
719,193,78,125
717,195,80,130
717,195,81,130
716,195,80,139
710,202,83,142
700,213,90,143
691,216,93,154
685,226,95,156
684,224,97,157
676,234,100,162
664,241,108,178
656,249,111,175
644,257,119,183
636,268,125,188
633,266,124,190
625,278,133,196
618,292,133,194
608,299,137,198
599,305,142,205
590,311,147,213
590,308,146,218
581,312,151,228
573,318,156,232
564,321,166,238
557,322,171,245
545,328,188,246
540,327,193,249
535,326,198,253
531,325,203,257
526,324,208,261
522,323,213,264
516,319,223,270
510,316,232,275
513,328,219,262
509,328,223,264
506,328,227,266
510,316,264,274
509,292,283,300
511,288,291,304
510,279,306,313
512,269,336,322
514,259,366,331
517,249,396,341
519,239,426,350
521,242,428,345
530,223,487,368
548,206,507,386
575,185,527,405
589,185,522,417
601,148,570,448
600,142,583,461
605,132,604,478
636,127,591,482
627,122,651,522
585,117,693,536
561,113,719,559
559,114,720,559
540,119,739,558
461,141,818,571
450,165,829,553
465,174,814,545
420,176,860,543
417,186,862,531
367,176,909,543
380,174,848,545
392,164,787,555
365,157,786,560
338,157,784,559
341,148,782,571
310,153,803,564
279,158,814,561
131,165,920,541
106,181,918,538
112,182,835,537
119,182,825,537
125,183,770,523
111,195,725,507
115,195,693,525
109,199,658,494
101,200,609,486
107,196,622,488
119,203,584,457
131,213,548,437
151,227,498,407
185,239,467,390
224,249,424,369
224,256,423,360
256,257,392,354
284,268,359,334
301,277,330,320
318,283,315,316
337,280,299,305
337,282,304,306
610,147,270,198
609,147,268,188
610,146,282,185
620,144,282,185
621,145,292,178
620,144,293,177
637,142,285,175
642,141,293,170
647,137,298,171
643,135,306,169
649,134,306,167
646,133,310,164
651,134,301,154
648,136,310,151
649,133,309,155
640,137,317,149
633,138,312,148
632,137,317,151
633,143,320,144
630,144,319,137
629,143,325,139
634,145,322,132
635,147,328,132
633,146,328,132
637,151,331,129
644,152,325,127
648,157,327,125
650,160,326,126
650,165,322,129
648,163,320,130
651,171,319,127
645,191,323,115
640,206,318,112
630,221,314,104
619,235,312,101
616,239,315,95
605,251,316,97
593,267,310,95
586,280,307,91
576,291,299,89
566,297,292,90
564,302,294,82
561,314,287,79
560,322,275,83
557,329,271,83
563,335,263,81
571,338,249,83
570,339,248,82
579,341,248,86
589,344,248,84
592,346,249,88
608,346,232,91
613,344,232,92
614,344,227,91
618,344,225,91
618,342,223,90
623,341,216,89
627,340,211,89
630,339,206,89
634,338,202,89
637,336,197,89
641,336,193,89
645,335,188,89
649,334,183,90
653,335,174,90
657,335,171,90
660,335,168,90
664,335,165,90
666,334,161,89
675,335,153,97
683,337,142,96
687,340,138,95
691,343,135,95
696,346,132,94
700,349,128,94
705,352,125,93
709,355,122,93
713,358,119,93
715,361,115,97
717,368,113,91
721,376,111,92
726,381,107,94
731,386,104,96
732,386,104,96
731,391,103,93
732,397,95,91
733,400,92,89
729,405,90,85
730,408,83,81
730,407,82,81
727,411,80,77
723,413,80,70
718,414,79,67
713,412,79,66
707,410,79,66
707,410,78,66
704,407,77,67
696,406,80,67
694,404,78,69
691,403,77,69
686,404,76,71
687,402,74,71
684,403,73,71
685,403,72,71
683,405,72,70
683,408,70,68
681,411,70,69
681,412,70,67
681,414,73,68
450,193,449,506
449,187,451,492
449,182,455,508
457,179,452,501
460,179,445,502
462,172,451,505
465,165,456,489
475,164,446,491
479,160,457,497
485,151,445,513
485,150,449,515
492,139,446,511
496,137,432,514
493,142,445,508
493,146,447,503
503,159,446,491
504,157,444,494
504,168,455,478
511,176,445,470
511,178,454,468
512,171,462,462
509,153,460,476
510,154,459,471
507,135,462,478
506,116,463,492
499,106,474,489
507,98,464,494
502,93,464,488
500,95,469,486
507,99,465,485
505,102,483,483
517,102,458,473
516,101,469,474
529,97,458,489
527,101,461,484
540,99,453,491
544,96,445,496
558,99,428,501
559,102,422,505
