508,85,484,528
513,82,470,543
519,95,471,544
523,112,476,555
524,128,484,560
526,140,490,567
529,151,496,557
530,151,495,555
534,158,499,549
535,162,507,549
532,161,519,558
529,160,532,557
537,158,521,556
531,157,527,560
539,158,523,553
527,162,546,556
528,160,551,555
525,161,560,551
513,161,570,552
507,160,576,552
508,166,586,553
498,156,594,558
502,154,592,561
497,149,595,564
486,148,613,569
485,149,612,562
483,142,615,571
469,137,631,575
464,128,627,586
451,115,631,595
442,107,640,612
445,99,632,611
444,85,624,623
454,68,570,642
489,39,496,672
517,14,452,693
547,0,427,720
538,0,443,720
