456,34,785,684
398,17,860,702
358,2,920,717
342,13,923,706
304,10,975,709
260,25,1019,695
241,49,1038,670
223,74,1049,645
218,112,1013,607
225,110,1004,609
235,153,942,563
255,164,845,555
254,175,809,544
276,185,716,482
298,196,655,418
289,193,654,428
340,195,569,373
373,213,496,325
399,228,439,291
416,244,386,261
432,262,339,239
437,271,337,229
447,281,298,221
462,296,267,200
468,307,245,189
468,320,226,176
472,332,202,164
474,331,192,163
476,339,179,153
478,348,167,141
479,352,156,142
477,357,143,137
475,361,129,132
474,366,129,127
472,370,110,122
467,374,105,118
461,379,100,114
455,383,95,110
450,387,90,107
452,390,87,103
443,393,86,102
434,395,84,102
428,401,83,101
421,406,81,99
415,411,80,98
418,410,78,96
411,413,77,95
405,417,76,94
398,423,76,91
392,429,75,89
391,435,73,89
392,433,74,92
389,440,71,90
386,448,69,89
386,451,68,89
388,460,67,88
390,469,66,87
389,469,63,87
390,476,63,87
391,482,61,88
390,491,62,84
395,496,59,85
398,501,54,83
398,502,54,82
403,508,53,81
408,513,53,81
414,519,51,84
417,522,51,84
421,526,50,81
421,526,50,81
426,530,48,80
430,531,51,81
437,532,50,79
442,534,52,77
455,535,52,79
455,535,51,78
460,535,51,76
466,535,50,74
470,530,53,77
477,536,51,73
