507,49,396,609
512,31,398,612
520,25,399,615
516,20,400,618
511,23,402,621
506,32,403,623
501,41,404,626
496,50,405,629
491,59,407,632
485,72,409,635
484,71,410,638
484,88,411,631
489,109,406,611
491,129,401,590
497,148,397,571
502,168,392,551
501,176,387,532
533,197,366,522
525,225,367,494
544,246,368,473
566,261,368,458
578,260,368,459
591,264,368,455
605,268,368,451
626,265,370,454
647,260,370,459
668,255,369,464
673,254,369,465
677,253,370,465
682,252,370,466
687,252,371,467
685,261,380,458
686,263,382,456
687,266,384,453
688,268,386,451
688,271,389,448
688,267,396,452
688,263,404,456
687,258,411,461
694,244,405,471
687,252,422,467
683,245,435,472
679,233,453,484
674,219,464,498
643,217,504,500
626,212,512,503
627,212,520,505
595,210,564,507
612,210,560,509
628,207,557,512
641,208,553,511
634,208,560,511
627,208,568,511
614,205,579,506
601,203,591,501
590,203,603,495
579,203,614,489
568,203,626,484
557,204,638,479
546,204,650,474
535,205,662,469
539,221,662,458
543,237,664,447
548,253,665,437
549,256,676,433
534,274,722,421
529,293,711,408
503,310,711,408
485,336,697,383
456,359,687,360
458,363,685,356
447,377,670,342
435,386,654,333
497,385,580,334
491,377,569,341
485,356,560,362
487,352,554,367
479,339,549,379
471,319,558,399
489,312,520,407
456,329,532,387
395,339,556,332
390,341,559,327
385,343,527,331
382,347,471,316
380,347,439,301
381,347,397,298
387,347,364,283
387,346,364,286
395,350,335,268
404,354,310,243
415,353,292,230
441,352,266,216
458,347,250,202
461,347,247,200
481,343,238,191
507,335,217,181
526,326,211,175
550,321,195,168
569,317,186,164
571,316,186,164
589,311,174,162
604,307,166,158
616,306,167,156
