633,137,299,228
638,137,305,226
639,136,311,223
645,135,317,221
658,134,323,218
663,133,334,211
674,132,339,209
677,131,344,208
678,129,344,206
682,129,351,205
687,129,359,203
692,122,361,200
692,121,368,197
698,117,372,198
697,118,373,197
703,116,374,197
700,118,380,200
700,118,383,200
698,119,384,186
692,118,388,196
688,118,395,194
685,123,392,191
675,124,397,188
663,126,400,183
664,125,396,182
654,122,407,178
653,120,407,180
653,116,409,177
653,112,410,174
654,109,412,170
652,105,414,164
651,103,418,163
651,103,416,163
653,102,414,159
651,102,414,156
650,105,417,156
650,111,421,152
653,118,419,148
655,118,418,148
657,124,420,142
665,134,426,147
670,148,433,146
685,158,430,141
692,162,428,139
700,166,427,136
707,171,426,134
715,175,425,131
722,180,424,129
730,184,423,126
730,189,423,113
730,189,426,119
723,186,410,116
712,183,422,111
703,181,423,104
694,175,418,104
684,166,407,101
686,168,405,100
668,162,405,98
651,158,399,100
631,152,398,100
612,150,403,101
599,151,378,92
606,150,375,95
580,151,383,90
569,156,368,87
561,163,363,82
556,167,359,81
552,172,357,79
554,171,354,82
555,177,345,80
559,177,348,85
570,187,331,83
583,190,323,82
592,187,329,81
593,189,325,80
610,188,319,78
620,189,315,82
630,192,307,86
640,195,300,90
643,198,299,89
647,201,299,89
649,207,293,87
652,213,287,86
654,219,281,84
657,225,275,83
659,231,269,82
664,232,264,81
669,234,259,79
674,235,254,78
679,237,249,77
684,239,245,76
691,237,252,75
690,237,249,76
697,236,245,75
706,235,234,76
715,236,232,77
723,235,224,74
731,233,212,74
732,234,212,73
734,232,206,79
738,234,206,73
741,234,203,76
745,235,194,76
748,236,189,75
749,236,189,75
749,235,188,78
748,237,189,78
746,238,194,80
756,240,183,80
757,245,179,80
755,245,187,82
768,243,172,87
770,245,169,90
770,247,172,92
773,248,170,93
777,249,167,93
780,250,164,94
784,251,161,94
793,253,154,95
789,254,155,93
790,255,153,95
796,267,140,84
801,268,135,82
797,273,145,85
793,279,144,88
789,284,144,90
787,295,141,90
785,305,137,90
785,305,137,88
780,318,138,86
775,332,134,85
771,343,127,88
767,356,125,91
766,370,123,85
766,371,120,86
771,375,110,86
772,383,115,80
769,392,117,73
766,396,115,68
762,396,115,67
760,397,117,69
759,395,113,66
755,391,112,66
751,387,108,67
748,384,108,68
746,381,108,69
743,379,109,70
741,376,109,72
739,374,112,71
737,371,111,72
737,365,113,80
738,360,110,78
737,360,110,79
738,356,110,80
742,347,111,84
744,344,110,85
750,338,109,89
754,337,110,89
754,337,110,90
757,336,111,91
762,337,113,92
763,338,113,90
766,343,112,91
767,344,110,91
767,346,110,92
