713,144,275,574
712,146,276,572
711,149,277,570
710,152,277,564
710,155,277,559
710,158,277,554
707,171,279,542
704,185,281,531
701,198,283,519
698,211,285,508
701,240,280,478
698,272,290,447
690,280,302,439
682,288,314,431
674,294,328,425
666,277,349,442
658,261,369,459
640,249,409,470
634,241,433,478
629,233,457,486
624,225,481,494
608,217,536,502
573,217,598,502
539,217,661,502
537,217,660,502
484,224,728,495
431,231,753,488
419,238,758,479
406,245,733,424
395,251,684,352
390,250,693,353
382,250,643,327
379,246,594,335
380,227,547,347
383,216,503,338
403,199,441,353
393,207,439,345
401,199,405,331
415,188,356,326
426,179,314,311
438,177,287,294
454,181,254,291
452,180,253,290
466,186,229,274
478,201,201,260
488,220,183,238
496,239,165,221
502,252,151,207
503,254,149,205
511,276,138,192
515,297,129,176
529,309,103,163
535,332,102,149
539,351,90,134
539,349,88,136
540,360,89,131
540,365,79,131
541,376,75,118
541,383,73,113
542,391,68,109
541,392,70,106
540,396,62,99
539,403,59,92
537,408,57,90
535,411,55,83
533,414,53,79
533,415,53,78
532,418,51,74
530,420,49,72
529,423,47,68
529,426,46,66
526,429,43,61
527,430,43,60
524,432,42,59
523,435,40,56
522,437,39,55
521,440,38,52
521,444,37,51
520,443,36,50
519,447,35,49
519,449,33,49
516,454,33,46
514,454,33,45
511,457,33,44
513,457,31,44
