733,125,364,294
729,127,369,283
727,134,371,277
728,138,370,268
727,142,379,268
728,146,384,271
730,150,385,262
724,150,389,264
723,152,395,263
722,154,400,261
722,156,406,260
716,161,410,253
703,169,411,249
700,166,412,250
705,173,399,240
702,180,398,229
692,184,403,223
683,185,412,212
681,188,409,205
683,187,409,207
664,192,429,201
670,200,427,180
673,206,427,176
673,213,428,174
679,219,418,169
676,219,419,171
672,225,424,172
669,235,426,168
666,246,427,165
662,257,429,161
659,267,431,158
657,265,430,155
662,280,423,152
662,291,425,150
662,302,427,148
658,313,426,145
654,324,425,142
650,334,424,138
646,345,423,135
645,350,422,133
644,356,422,131
644,360,417,127
644,364,412,123
644,368,407,119
644,372,402,115
644,376,397,111
641,382,395,108
639,387,393,106
637,392,393,103
636,396,392,101
632,405,392,99
636,413,380,96
635,418,376,93
629,427,374,87
623,429,366,82
626,429,364,82
621,428,360,84
615,418,356,95
612,404,351,96
609,391,347,98
606,377,342,99
609,373,335,102
598,364,335,94
588,354,325,97
578,349,310,95
572,345,310,99
562,344,302,96
563,345,297,97
555,344,295,98
547,343,287,103
535,353,292,101
545,356,271,104
543,361,267,99
541,360,269,101
534,363,269,97
522,364,273,99
538,369,257,94
541,375,254,85
547,378,246,89
547,376,246,91
546,382,246,86
551,383,240,83
552,384,239,83
558,383,232,79
560,381,225,78
561,381,226,78
562,376,219,80
561,372,215,78
558,370,208,74
555,366,205,72
543,361,214,77
545,361,213,77
542,357,207,77
542,357,206,78
544,349,204,78
544,351,203,78
547,354,202,78
549,352,201,78
557,355,200,78
573,357,194,84
578,379,197,78
594,393,184,80
597,408,190,85
600,408,185,87
606,430,189,82
617,445,183,85
626,459,176,82
626,470,178,85
628,471,176,96
633,476,170,90
639,482,165,91
643,482,164,92
661,485,150,89
669,484,146,96
672,484,145,94
671,484,150,94
678,480,144,95
680,479,142,95
683,479,145,90
683,480,135,89
686,479,129,93
689,479,121,93
695,477,116,84
693,475,116,81
697,471,110,77
700,467,110,80
703,463,109,81
703,461,107,81
705,458,106,81
711,455,102,78
715,447,98,79
716,446,98,74
720,441,95,74
719,441,96,74
722,436,94,74
722,434,92,74
722,432,91,72
723,430,89,76
