562,89,486,628
558,86,491,630
555,83,496,633
551,81,501,635
548,78,506,638
544,76,512,640
529,80,529,636
514,84,545,632
499,88,562,628
484,93,579,623
468,107,598,610
475,109,597,610
446,132,602,587
427,174,625,545
412,199,646,520
379,243,612,476
347,287,578,432
347,294,582,425
308,343,602,376
262,403,622,316
216,463,642,256
157,501,642,218
536,188,348,531
522,183,351,534
508,178,354,538
494,173,357,542
488,164,365,556
484,157,368,563
475,155,373,565
482,153,366,567
459,139,395,581
459,125,409,588
483,113,399,577
494,98,396,585
506,83,393,593
508,82,397,596
506,78,397,599
503,74,397,602
501,70,397,605
498,66,397,608
496,62,397,611
493,58,397,614
491,55,397,617
492,59,392,611
493,64,388,606
494,69,384,601
495,74,380,596
490,81,381,585
486,88,382,574
482,92,384,565
477,96,385,557
473,100,386,549
469,104,388,541
471,102,386,537
474,101,384,534
477,100,382,530
480,98,380,527
482,97,378,523
485,96,376,520
488,95,374,517
491,93,372,513
493,92,370,510
491,77,372,509
495,66,373,506
496,63,384,499
499,61,381,499
502,60,386,494
516,57,381,490
535,55,384,488
539,59,383,485
544,63,383,483
549,67,382,481
554,72,382,479
556,72,385,479
558,72,389,480
561,73,393,480
563,73,397,481
566,73,401,481
568,74,405,482
578,73,395,474
570,73,403,477
562,72,411,480
555,72,419,483
547,72,427,488
539,72,436,492
531,73,445,498
523,83,452,500
488,98,486,505
479,101,499,511
472,95,513,516
473,105,521,532
455,118,542,535
466,121,556,529
457,114,603,548
449,108,651,567
441,100,666,588
433,83,739,617
425,63,823,650
395,42,885,675
331,36,949,684
237,61,1043,659
233,69,1030,651
128,94,1151,625
60,144,1219,576
9,199,1271,521
2,249,1162,471
6,269,975,451
13,256,968,464
107,264,744,456
198,281,591,402
289,299,438,348
377,305,349,308
425,306,296,270
422,305,294,270
465,306,257,242
502,306,216,217
540,311,192,207
567,316,169,188
598,317,151,180
599,317,151,180
619,318,147,173
641,320,127,164
651,323,123,156
657,320,121,153
659,319,117,148
657,318,120,148
657,316,112,147
657,313,112,142
657,311,102,143
653,313,101,139
647,321,99,138
646,321,99,138
647,330,92,135
640,324,88,138
635,315,91,141
630,309,90,141
631,308,89,145
631,307,88,144
633,309,88,144
635,312,96,149
640,313,93,146
643,311,96,155
641,312,101,159
641,308,98,160
639,306,101,164
632,301,97,168
619,302,100,172
607,303,101,176
595,307,104,180
595,307,104,182
587,306,106,186
580,309,107,193
575,317,116,197
580,309,115,209
586,300,116,215
587,299,115,216
589,301,120,222
590,300,123,234
593,291,131,242
602,281,134,251
615,269,138,258
616,268,137,258
625,265,147,261
633,250,145,278
637,240,149,289
642,228,149,297
650,223,154,302
650,219,155,305
664,215,152,313
679,193,154,335
682,160,163,369
681,126,173,408
676,104,194,447
677,102,190,421
666,67,204,479
655,42,215,543
655,46,208,570
652,70,213,554
638,80,229,589
641,83,225,586
619,88,258,597
602,92,283,578
588,83,304,584
564,73,331,571
540,79,357,556
539,80,360,554
522,80,381,540
513,82,391,525
509,95,398,505
519,110,392,487
526,122,394,475
525,128,396,467
808,145,165,156
811,146,165,151
813,147,171,147
816,148,176,147
820,150,176,143
821,150,176,143
824,152,180,142
828,155,184,140
832,157,185,140
829,162,191,139
838,167,187,141
835,166,191,137
841,169,190,138
850,169,186,134
846,169,198,134
863,168,187,134
861,169,201,132
861,169,201,132
872,170,203,131
882,172,205,127
890,173,217,129
915,171,206,123
923,169,207,121
924,168,208,122
924,166,216,119
927,165,220,116
933,164,215,116
928,165,220,113
915,169,225,112
915,169,225,109
908,174,222,112
893,176,225,111
878,178,228,110
854,182,237,108
830,186,246,106
833,186,238,106
826,190,234,101
808,192,238,100
791,193,242,96
771,197,247,93
752,202,249,90
753,204,248,90
742,211,247,89
722,222,249,90
699,236,251,89
676,250,253,88
653,265,256,88
648,265,258,87
631,277,261,87
611,292,265,87
599,310,264,90
594,325,266,90
590,340,276,90
591,338,277,90
588,352,286,90
611,360,282,90
620,375,286,90
635,383,292,90
652,395,292,90
652,398,290,90
667,407,300,90
686,418,295,88
699,429,300,85
711,438,304,91
715,439,301,90
719,441,298,89
724,440,309,86
732,434,303,84
729,422,309,85
731,407,304,86
725,394,306,84
729,393,303,89
726,377,300,85
731,359,298,93
729,341,300,90
730,326,293,90
725,314,296,86
722,311,299,90
722,302,295,84
712,295,293,86
708,291,291,90
694,293,291,92
680,295,292,94
677,290,292,99
659,301,293,104
640,311,293,110
627,324,294,111
613,337,294,112
599,349,295,113
598,354,298,104
588,364,301,105
584,377,308,103
586,386,297,108
592,397,304,103
604,403,301,103
602,407,296,105
617,409,296,99
634,407,293,101
643,404,299,110
659,404,296,108
676,405,294,106
684,405,283,106
692,406,282,106
700,406,282,107
708,407,282,107
718,408,277,105
714,403,276,111
715,403,275,112
713,402,278,113
708,405,282,109
702,404,277,107
700,395,271,110
699,386,265,113
699,380,266,116
707,369,254,120
698,360,259,115
696,349,254,116
695,338,250,117
692,327,250,119
693,327,248,114
694,324,249,115
700,314,243,120
704,309,239,121
720,303,225,122
717,308,235,123
719,304,235,127
736,311,222,127
746,320,222,127
757,325,221,134
772,331,216,137
788,341,207,134
787,342,206,134
798,349,201,129
805,353,196,134
805,358,189,134
799,362,192,134
791,355,184,136
790,356,184,134
781,354,182,134
770,353,174,134
758,350,176,139
741,342,186,144
728,339,170,144
725,341,170,141
709,337,165,132
701,336,151,119
681,332,149,110
667,326,136,102
647,320,131,94
647,318,134,94
628,311,132,92
610,298,127,88
587,287,134,89
562,275,130,88
535,264,129,90
535,265,131,89
503,255,128,93
468,243,128,96
432,233,126,98
393,223,127,100
353,216,123,94
354,214,117,98
314,205,118,98
274,196,122,97
235,186,123,102
458,92,399,486
465,90,380,486
466,95,385,481
467,105,387,474
475,112,378,464
486,121,371,460
490,128,371,456
492,133,373,459
494,134,362,454
500,136,369,451
494,152,388,438
502,142,377,452
510,144,375,449
517,143,367,451
514,142,369,452
517,138,372,453
527,139,359,455
532,138,362,453
538,137,365,456
545,135,353,459
545,140,358,453
555,131,340,459
564,127,331,473
572,123,316,477
581,117,302,482
598,107,275,491
595,109,277,489
609,98,259,499
619,92,251,506
630,88,238,528
627,87,244,525
632,84,236,530
633,84,233,531
632,82,237,537
629,88,245,533
625,94,246,533
617,107,263,525
613,116,252,529
618,116,243,533
