527,259,254,167
522,258,258,165
518,257,262,164
513,256,266,163
509,255,270,162
505,255,274,161
489,254,289,162
482,254,296,160
475,253,303,158
478,254,303,157
467,256,312,155
460,253,322,153
454,251,333,152
447,248,344,151
446,247,348,151
444,245,351,151
446,240,355,153
446,238,366,150
444,235,373,150
442,232,381,151
441,233,399,149
442,235,395,142
448,237,398,141
447,243,409,141
452,250,413,135
459,259,422,137
461,271,428,131
462,269,428,135
466,284,443,135
470,298,448,133
477,314,443,131
464,324,466,129
464,328,465,131
465,333,469,129
454,339,473,128
444,345,478,127
434,350,482,120
420,349,486,121
408,355,489,121
406,355,493,117
396,358,496,126
381,360,507,134
373,366,511,137
370,369,512,137
367,373,512,137
364,376,513,137
361,380,514,138
358,381,525,143
363,381,525,144
366,377,527,144
375,370,522,150
380,370,516,150
391,363,517,164
397,360,522,165
409,358,522,163
412,355,524,172
412,357,529,178
411,356,526,181
410,364,522,178
401,368,528,184
393,380,526,172
372,387,526,178
357,388,523,180
353,385,523,187
342,385,516,188
327,380,513,187
315,368,507,187
303,356,509,184
292,336,504,193
294,339,503,183
282,324,507,181
275,303,499,182
273,293,494,184
273,289,491,181
283,287,483,183
283,286,482,184
288,292,478,181
300,305,475,168
314,316,469,171
329,327,462,169
347,335,452,169
351,334,444,171
370,336,436,166
390,338,429,161
409,341,422,157
429,343,415,152
439,337,408,151
450,330,400,150
460,324,393,149
465,309,391,150
477,309,375,142
481,302,368,136
484,298,357,137
484,300,360,132
489,294,345,135
488,295,337,133
490,296,327,133
492,303,318,130
482,313,320,129
478,312,323,129
477,325,320,126
483,331,305,123
487,331,299,123
491,331,292,122
495,331,286,122
499,331,280,122
503,331,274,122
507,331,268,122
513,331,262,123
520,330,255,124
526,330,249,126
524,333,249,124
533,336,239,125
542,340,229,126
548,347,224,125
553,353,219,125
558,360,213,124
561,363,208,124
566,366,202,124
573,376,195,123
576,381,187,123
579,386,179,123
581,393,174,121
582,394,174,118
585,403,166,115
589,412,151,110
593,422,148,114
590,432,133,115
598,439,119,116
595,440,118,114
592,441,118,113
582,445,124,104
579,445,124,101
577,445,124,97
577,443,120,98
577,440,117,98
577,437,113,99
577,434,110,99
577,431,106,100
577,428,103,100
577,426,101,99
575,421,100,101
574,417,100,103
573,412,100,106
572,408,100,108
571,403,100,110
569,403,97,107
568,403,97,106
568,403,95,107
568,403,93,108
569,404,91,110
570,409,90,104
571,409,89,103
572,410,89,103
573,410,88,103
574,410,87,102
575,410,87,102
576,411,86,102
573,411,88,100
573,411,88,102
576,410,86,105
