471,158,639,561
473,168,627,551
475,178,616,541
477,188,604,531
479,187,596,531
481,208,580,511
483,206,568,512
485,227,556,492
486,237,544,482
488,247,533,472
490,257,521,462
490,268,518,451
488,288,518,431
488,297,515,422
485,317,568,402
485,330,577,388
485,334,590,384
486,339,604,380
487,347,568,372
487,354,533,365
488,361,497,358
490,365,442,354
491,368,432,351
493,372,409,337
495,375,387,322
497,378,364,308
499,382,341,294
501,385,292,273
503,389,296,266
505,392,274,251
507,395,251,237
508,397,241,229
509,399,223,222
510,401,221,214
511,402,211,206
512,404,201,198
522,406,182,191
521,408,168,183
528,409,154,176
535,410,141,170
535,411,135,163
536,411,130,158
537,411,126,153
538,411,121,147
539,412,117,142
541,412,112,137
542,412,108,132
543,412,103,126
544,412,99,121
545,412,94,116
547,413,90,111
547,414,86,108
547,415,83,105
547,416,80,101
547,417,77,99
548,418,74,96
548,419,71,93
548,420,68,90
548,421,65,87
548,422,62,84
549,424,59,81
549,424,56,79
761,108,164,288
766,111,163,284
771,114,162,281
777,118,161,278
782,121,161,275
788,119,161,277
793,118,161,279
798,116,162,282
801,111,162,284
804,107,162,286
808,103,163,288
810,100,163,287
813,98,164,286
816,96,165,285
819,94,166,287
822,92,167,288
825,89,168,289
828,87,169,290
831,90,172,291
834,93,170,296
838,94,168,293
838,96,177,291
846,102,172,288
853,100,173,294
861,103,175,293
868,100,175,302
866,99,177,303
869,100,181,302
874,97,181,307
879,97,183,304
887,98,175,302
890,95,175,304
889,95,177,306
893,92,177,308
897,95,178,307
902,98,177,304
906,99,178,306
911,101,179,311
911,100,181,313
916,103,182,315
926,114,182,310
933,114,187,318
940,122,190,318
949,125,191,320
948,129,193,314
958,133,193,325
966,139,197,325
975,141,197,330
985,144,195,331
993,147,188,330
997,150,184,331
994,148,187,334
988,149,190,331
975,156,194,332
957,164,200,331
937,169,200,327
935,175,199,329
912,177,203,328
896,186,204,323
877,195,202,320
855,215,202,308
834,226,209,310
833,225,209,310
827,235,209,310
824,246,209,306
814,255,216,295
813,262,208,293
805,265,212,294
803,268,213,285
803,271,213,284
805,268,210,291
801,264,210,293
800,263,213,292
799,262,217,290
797,261,221,288
798,261,222,282
800,260,223,276
801,259,224,271
802,258,224,265
806,258,219,261
804,259,225,264
799,253,235,267
794,256,237,267
787,259,241,266
781,262,245,265
774,265,248,264
768,268,252,263
761,271,256,262
754,274,259,261
751,278,258,262
742,290,267,248
733,290,278,253
727,293,281,253
719,296,283,255
707,298,299,252
698,301,307,248
688,298,314,252
678,300,321,248
669,300,328,248
660,299,336,248
650,296,343,251
653,286,358,259
655,276,373,267
658,270,387,269
661,273,390,264
663,262,407,273
666,256,424,276
669,235,440,295
671,223,475,305
674,194,491,331
677,195,491,328
672,161,519,377
672,122,544,432
665,104,585,477
654,75,624,539
641,60,638,503
630,55,648,508
639,54,639,435
596,70,683,442
571,87,708,460
566,106,712,434
546,138,694,440
541,134,673,429
530,159,680,433
506,187,686,388
476,201,668,402
467,203,649,392
459,205,629,382
458,207,613,376
458,209,596,370
470,212,547,355
482,206,531,359
515,209,463,331
909,292,192,172
905,292,192,171
906,285,197,169
906,277,203,170
910,272,207,168
911,264,215,168
918,259,215,166
920,258,215,166
928,254,216,158
927,247,223,161
938,241,225,159
939,235,229,155
941,230,234,152
942,227,237,151
942,223,240,150
943,220,243,149
939,218,246,146
935,216,248,142
931,214,251,138
927,212,254,138
924,211,256,138
911,214,258,131
901,215,259,129
891,217,260,125
888,218,256,128
889,217,255,130
878,220,258,121
874,221,260,122
866,221,267,122
859,224,268,117
856,227,264,119
858,231,263,115
851,234,262,110
844,238,262,106
838,243,257,103
825,247,264,106
812,252,266,99
811,255,269,99
811,259,261,99
799,262,268,98
795,267,271,100
793,268,272,96
791,270,274,91
798,268,266,95
802,268,262,91
798,269,264,91
795,270,266,90
791,271,268,89
788,272,270,88
789,273,269,87
792,274,265,84
787,271,264,83
785,268,262,84
783,266,261,85
782,263,259,86
780,261,258,87
777,259,257,85
775,256,257,82
772,254,257,80
776,252,246,77
772,253,255,72
774,251,248,73
769,250,248,69
761,251,245,70
754,252,242,72
748,252,246,68
748,255,235,62
746,255,235,60
742,255,235,58
745,253,229,61
747,254,228,58
750,255,220,58
753,255,218,57
756,256,216,57
759,256,215,56
762,257,213,55
765,258,211,54
768,261,210,53
773,266,203,47
773,262,203,52
773,270,198,52
768,276,204,48
767,277,204,57
765,286,205,53
762,288,204,55
759,287,206,53
758,292,203,53
758,296,201,55
757,300,202,53
757,303,203,56
754,304,194,55
756,304,193,54
756,307,191,50
756,309,184,54
748,311,189,56
744,315,187,55
741,319,186,55
740,318,187,56
735,325,194,54
734,328,183,60
731,335,186,59
735,336,178,66
724,341,181,65
723,338,185,69
721,347,175,66
719,348,180,71
723,352,174,72
718,352,186,77
727,354,170,75
725,354,169,76
729,357,170,70
735,355,166,71
741,353,162,71
747,351,158,72
754,349,154,73
760,347,150,74
766,345,146,75
772,343,143,76
778,341,139,77
774,340,144,78
787,338,133,79
788,342,132,79
791,346,129,79
794,344,123,83
804,349,114,80
816,352,103,85
815,357,104,86
817,360,102,83
824,365,94,81
822,377,99,74
830,381,92,79
832,386,88,72
831,388,86,69
830,390,85,67
830,392,84,65
830,392,81,65
830,393,79,65
830,393,77,65
831,394,75,65
833,394,73,64
831,396,79,69
831,396,78,68
832,397,79,68
835,396,80,69
838,397,80,69
838,397,78,69
840,395,80,70
844,393,80,70
847,392,79,70
850,392,78,69
854,392,79,70
853,391,79,69
856,389,79,69
857,389,78,72
859,388,77,74
859,387,74,71
858,386,73,73
857,386,72,72
857,387,70,70
854,386,70,70
854,386,67,73
851,387,63,73
848,390,62,71
848,390,61,68
845,392,60,72
841,397,58,68
838,399,57,72
835,402,54,73
833,405,53,74
832,405,55,72
830,409,53,69
418,215,342,504
420,216,335,498
431,225,326,492
426,235,336,484
432,236,333,482
445,239,310,480
454,241,281,478
456,244,280,475
460,245,279,474
466,247,273,472
474,252,244,467
476,248,249,466
480,245,254,471
482,240,258,474
480,231,262,483
472,224,268,490
473,223,268,491
456,219,285,495
444,201,290,515
432,190,299,527
425,179,300,540
