509,160,343,476
502,172,340,475
502,175,341,471
497,185,337,466
490,194,333,459
479,205,337,448
463,213,345,444
453,210,336,442
454,212,335,441
442,211,341,438
434,207,343,440
424,204,347,442
414,203,346,434
401,204,352,427
398,206,361,422
396,201,358,421
392,199,366,420
396,198,368,418
394,197,382,415
396,198,384,416
393,196,389,421
394,206,400,402
399,206,398,405
388,205,417,408
389,200,418,413
379,197,438,416
364,195,438,427
366,194,438,425
353,187,450,430
349,184,446,435
347,184,462,429
334,186,459,434
323,178,472,442
338,176,457,450
317,165,494,455
307,165,499,465
299,156,504,478
283,157,540,471
278,153,545,481
279,153,545,481
273,147,582,482
276,149,612,474
287,150,613,487
299,163,645,470
318,150,659,483
328,151,643,488
335,170,661,460
341,169,656,484
351,191,661,452
356,197,643,438
367,196,639,434
365,197,633,433
