522,158,307,259
520,161,308,257
518,164,309,256
510,167,311,254
502,170,312,253
485,176,320,250
468,182,334,246
451,188,347,243
447,194,346,236
431,199,350,230
416,204,354,225
403,205,360,217
390,207,367,210
383,209,369,200
382,210,367,198
374,209,370,209
378,207,368,205
382,205,366,202
378,204,378,202
392,201,375,197
394,204,371,197
402,200,366,191
406,199,362,184
407,197,373,183
404,196,373,190
401,197,388,193
404,198,385,196
393,196,390,199
386,198,396,200
379,201,402,201
374,204,407,197
372,203,407,196
370,202,408,196
368,201,408,196
362,200,412,192
356,199,417,188
347,198,425,181
338,197,432,174
330,197,434,171
323,197,436,168
316,197,438,165
306,196,443,155
286,195,458,153
280,192,450,150
276,193,454,150
259,195,460,137
240,200,464,127
220,201,472,126
197,202,481,123
193,204,471,128
191,207,468,124
191,211,464,122
186,218,468,116
184,217,467,115
188,222,470,116
202,221,466,119
204,220,467,124
218,226,468,125
235,226,467,121
258,227,452,132
270,234,447,127
290,240,439,130
284,240,441,129
303,246,424,133
308,250,418,133
313,255,412,133
318,259,411,132
324,264,410,132
329,268,408,132
334,273,407,132
340,278,410,127
370,284,389,129
374,283,389,128
379,282,390,128
384,282,384,128
388,281,379,127
393,280,373,127
385,281,371,127
378,281,369,127
371,282,367,127
367,282,366,127
357,283,359,129
347,283,352,131
341,289,337,123
332,295,328,119
321,296,321,120
317,294,326,120
313,296,319,116
310,299,312,112
307,302,305,108
304,305,299,105
304,302,292,102
305,300,285,100
306,298,279,98
306,295,272,96
307,293,265,94
310,291,259,92
313,289,253,91
314,288,251,92
315,287,243,92
319,291,241,89
319,290,234,90
319,290,227,92
319,290,220,94
320,293,214,92
321,296,209,91
322,299,204,89
323,302,198,88
321,305,197,93
329,309,191,94
330,308,191,95
339,314,184,94
348,321,177,93
357,328,171,92
367,334,164,91
376,341,157,90
377,339,156,90
390,344,144,93
400,352,141,92
413,360,135,91
421,370,131,85
432,372,129,88
434,372,128,90
445,378,122,89
457,385,116,88
469,391,110,88
479,396,108,84
490,399,100,87
491,401,102,83
499,404,102,86
509,413,99,83
520,415,91,85
532,419,84,86
538,421,81,84
544,423,77,82
551,426,74,81
559,430,73,78
568,433,66,77
577,435,64,71
584,437,67,67
584,439,71,66
591,440,68,61
603,439,60,57
613,439,57,55
623,439,56,51
629,435,58,52
630,435,57,50
640,431,54,51
651,428,52,51
661,424,50,49
670,416,54,53
681,410,56,58
681,410,55,58
694,406,54,61
703,401,55,61
715,395,53,61
726,391,53,59
737,385,52,60
736,385,53,59
747,379,53,58
757,373,54,58
768,366,50,55
779,359,50,56
791,353,48,55
789,353,50,55
800,346,50,55
812,338,48,54
822,331,49,54
835,324,47,53
846,316,43,57
846,315,43,58
856,307,44,53
867,298,41,53
876,286,41,56
885,281,42,51
893,270,42,53
894,270,44,51
