517,296,61,76
517,293,59,78
515,294,59,78
513,295,59,79
511,296,58,79
509,295,57,79
508,294,57,79
508,295,56,78
507,295,56,77
506,291,57,79
505,285,59,80
505,284,58,78
503,284,61,77
503,284,62,77
502,281,61,79
501,280,59,78
501,278,58,77
500,272,57,81
500,272,57,78
501,271,57,79
502,270,57,80
503,272,56,75
505,271,57,75
507,271,57,74
509,270,56,73
510,270,56,74
512,268,56,74
515,266,55,73
516,263,58,77
518,260,57,75
519,257,57,76
517,255,58,77
517,251,59,77
517,245,59,78
517,238,60,81
515,232,63,84
514,228,64,85
514,226,64,86
510,218,67,92
505,210,70,97
500,202,78,101
496,194,88,110
488,183,97,120
485,181,102,124
480,173,118,134
476,163,130,153
471,156,149,165
464,145,177,196
462,135,215,231
457,131,226,234
452,127,310,315
427,124,403,383
376,127,599,547
284,136,788,583
192,157,828,562
184,160,872,559
128,203,1011,516
226,307,1053,412
441,366,838,353
620,331,659,388
674,290,547,352
686,292,517,358
648,267,397,292
621,249,279,240
576,236,221,204
549,226,174,170
527,226,150,150
527,230,143,140
527,233,121,130
527,237,106,121
526,241,92,111
526,246,86,104
524,248,79,102
524,248,79,104
525,256,71,96
528,267,66,89
533,279,63,86
535,286,62,83
535,289,60,84
534,290,61,83
528,298,66,85
531,302,65,89
535,310,66,89
539,318,66,94
543,315,70,106
544,316,68,109
549,313,69,117
553,310,70,125
557,307,71,132
562,309,76,140
567,310,73,148
564,309,78,149
573,311,83,156
590,310,70,158
595,316,79,152
