380,1,683,715
360,0,702,717
341,0,721,719
322,0,739,719
302,0,757,719
306,0,770,719
282,0,781,718
252,0,835,718
222,0,889,719
192,0,942,719
186,0,972,720
182,0,988,720
178,0,1004,720
189,0,1005,720
205,0,1001,719
221,1,997,718
238,2,993,717
247,5,995,714
269,37,986,682
290,69,977,650
312,101,967,618
325,137,953,581
339,173,940,545
345,177,933,542
342,219,936,499
338,261,939,456
337,279,939,438
337,297,939,420
336,315,940,401
336,333,940,383
335,351,940,365
335,359,945,360
298,350,981,369
262,329,1018,390
208,312,1071,407
213,315,1066,404
252,312,952,407
292,312,812,407
332,325,706,394
371,339,600,380
417,349,488,370
422,359,480,360
433,369,430,345
444,380,380,331
462,395,337,299
480,411,294,267
498,427,251,235
504,433,234,219
510,439,217,204
516,445,196,188
523,451,174,172
523,462,156,154
