586,138,189,456
578,141,198,461
577,142,198,459
577,143,198,457
577,144,198,456
578,154,199,441
579,165,201,426
581,170,202,417
584,176,199,410
582,175,204,399
586,173,200,401
587,173,199,391
589,174,198,381
591,174,197,374
593,175,196,366
595,176,196,359
597,176,195,352
598,174,191,350
594,170,196,346
587,176,201,338
584,172,203,340
578,169,206,335
573,167,210,334
572,166,209,335
571,166,208,336
571,166,207,336
570,169,207,335
569,159,206,339
569,150,205,343
568,140,204,347
568,138,202,348
568,135,205,348
569,132,208,349
570,129,212,349
571,126,215,350
572,124,219,350
572,123,220,350
572,123,221,350
573,122,222,350
573,122,223,350
574,122,224,351
573,117,225,354
573,116,226,357
574,112,226,355
575,114,225,351
576,114,228,345
581,118,229,348
582,113,231,347
588,116,228,349
592,129,226,346
597,127,217,350
593,129,224,347
596,135,222,347
599,146,221,346
600,146,222,344
603,154,222,345
605,150,222,347
607,146,222,349
609,142,222,350
611,138,222,352
613,134,222,354
618,135,225,351
621,133,223,351
624,132,222,352
627,131,221,353
630,130,219,353
634,129,218,354
637,128,217,355
640,127,215,355
643,126,214,356
647,125,213,357
646,124,215,357
646,124,217,358
646,119,219,358
646,115,221,359
646,110,223,359
646,105,225,360
646,101,227,360
652,98,225,368
652,98,219,364
656,103,216,359
655,107,213,359
655,111,211,359
655,116,209,359
655,120,206,359
654,124,204,360
657,123,203,360
656,128,201,368
659,127,217,372
661,131,207,369
663,134,211,358
665,131,211,358
667,128,212,359
670,125,212,360
670,126,213,357
670,127,214,355
671,128,216,353
668,135,217,351
672,134,217,348
675,133,217,346
679,133,217,344
683,132,218,342
686,132,218,340
690,131,218,338
693,131,218,336
695,134,218,331
697,136,218,327
698,138,217,323
696,141,217,318
694,145,217,314
693,149,217,310
693,150,217,307
694,152,218,305
695,154,219,302
698,154,219,299
702,155,220,296
705,156,220,293
708,157,220,290
712,158,221,287
709,163,224,284
702,175,226,274
699,181,223,270
696,187,221,267
693,194,218,264
691,203,215,259
689,212,212,253
687,222,209,248
684,231,206,243
679,238,212,242
683,241,207,240
681,245,214,227
678,256,213,215
674,259,213,211
671,263,210,204
668,268,211,198
665,273,213,191
662,277,214,185
657,277,215,183
652,277,215,181
648,278,216,180
645,280,216,176
646,283,218,171
639,286,228,163
628,284,242,166
607,284,268,167
594,288,284,170
597,285,285,172
574,290,311,180
563,296,324,190
552,302,338,192
541,307,351,194
516,302,374,228
506,306,393,224
480,300,420,247
461,278,436,292
463,260,434,311
420,237,496,376
393,243,526,392
389,240,543,394
346,247,561,360
297,255,580,322
282,263,537,336
263,276,513,328
242,294,444,312
243,297,435,309
244,301,427,306
261,308,379,291
273,307,359,282
288,306,336,275
309,304,318,267
308,305,319,268
322,299,319,272
347,298,309,268
361,286,308,277
376,284,318,284
384,283,322,296
387,278,321,301
386,267,342,323
390,258,363,337
389,248,383,352
388,238,404,367
381,232,425,378
388,229,422,381
400,226,413,382
406,227,404,374
413,228,395,366
413,232,385,359
412,235,376,351
412,238,367,343
400,238,357,335
388,238,348,327
378,238,339,324
369,238,330,320
424,207,383,216
419,210,384,214
415,213,385,212
397,216,396,213
379,219,406,214
376,226,404,209
375,223,389,203
386,221,362,198
359,228,399,203
345,234,404,201
330,240,408,199
330,241,404,198
327,250,409,187
325,252,408,188
331,255,401,182
317,261,418,188
323,267,420,182
328,273,422,176
334,280,425,171
338,280,421,172
343,289,430,170
358,295,418,158
364,301,425,153
377,311,421,143
393,322,418,142
395,321,416,139
404,326,414,132
413,331,413,126
422,336,412,120
425,335,408,120
437,338,402,117
443,335,395,116
450,332,389,115
457,329,382,114
464,326,376,114
471,320,367,113
480,311,356,117
482,313,356,113
489,305,346,124
507,301,330,115
522,295,320,115
534,292,310,113
547,290,301,111
555,291,291,112
572,285,282,114
586,286,269,114
602,284,258,112
616,284,248,109
629,285,239,107
629,285,239,105
636,289,232,100
644,291,218,96
652,293,205,93
661,295,192,89
664,297,179,86
668,299,171,82
672,301,164,79
675,304,154,75
679,308,145,72
682,312,135,69
686,315,126,66
686,317,124,63
688,317,115,64
690,317,110,63
693,322,104,57
692,325,104,56
695,330,100,50
695,329,101,52
696,331,100,53
697,334,98,53
697,339,94,53
700,342,87,54
699,347,86,54
699,345,86,57
697,354,85,55
697,362,80,56
687,371,82,55
680,379,78,58
675,392,75,56
675,392,76,57
669,401,67,56
661,410,63,56
650,418,63,60
640,428,59,61
628,438,59,56
624,440,59,54
612,446,57,51
600,453,54,48
587,456,49,51
572,458,48,51
556,458,50,54
558,459,46,51
543,462,49,49
526,464,48,48
512,465,48,48
496,467,49,46
483,467,49,47
482,467,49,45
470,467,48,45
457,465,46,46
445,464,45,48
432,463,44,46
420,462,44,44
420,463,46,44
408,460,46,48
396,458,46,46
385,455,46,48
374,453,47,48
363,450,46,47
363,451,45,45
353,447,47,47
343,445,45,46
332,440,44,48
324,436,46,52
315,432,44,51
315,432,45,56
306,428,47,54
298,422,50,59
290,417,51,56
286,410,47,55
281,403,47,59
280,404,49,58
276,395,49,59
271,386,50,62
270,377,50,63
269,367,52,66
271,357,52,68
270,356,53,69
272,345,56,71
281,335,54,71
288,323,57,75
296,312,59,81
306,302,59,81
307,303,58,80
319,293,60,84
333,284,62,87
348,273,65,95
456,122,403,463
469,118,405,469
472,121,405,475
474,112,420,479
474,119,435,488
479,119,438,496
483,120,447,501
475,118,465,509
477,125,466,511
471,116,483,531
466,126,509,530
463,124,509,553
466,137,526,572
