734,180,11,17
734,181,11,17
734,183,11,17
733,183,11,17
733,185,11,17
733,186,11,17
733,187,11,17
732,188,11,17
732,189,11,17
732,190,11,17
732,191,11,17
732,192,11,18
731,193,11,18
731,194,11,18
731,194,11,18
730,195,11,20
730,196,11,20
729,197,11,21
729,198,11,21
728,199,11,21
728,200,11,21
727,200,11,21
727,201,11,21
726,202,11,21
725,202,11,21
725,203,11,20
725,204,11,19
723,205,11,20
723,206,11,19
723,207,12,20
722,207,11,24
721,207,11,24
720,208,11,24
719,209,12,24
718,210,12,25
716,210,12,25
715,211,13,25
714,212,13,25
714,212,13,25
713,213,13,25
712,213,13,25
712,214,14,25
711,214,14,25
711,215,14,25
710,215,14,25
709,216,14,25
708,215,15,25
707,214,15,26
706,214,16,26
704,213,17,27
703,213,17,28
701,212,17,28
699,210,17,28
696,211,18,30
693,210,18,30
690,210,19,31
687,209,19,32
685,208,20,33
683,208,20,34
680,207,21,35
678,206,22,35
676,206,22,36
675,205,22,37
672,204,23,37
669,202,24,38
665,200,25,39
662,199,25,39
659,197,26,40
657,196,27,41
653,194,28,42
648,192,29,43
644,190,30,44
639,188,32,45
635,186,33,45
633,186,34,47
628,183,36,48
621,179,38,51
617,173,40,54
610,166,42,56
604,157,44,59
604,159,45,58
598,149,49,63
587,139,54,67
572,131,59,71
557,120,64,76
549,109,68,80
549,109,70,80
541,98,78,89
535,87,87,97
529,68,95,108
516,53,110,117
493,29,141,138
497,31,137,140
490,11,168,158
468,0,208,166
423,0,265,178
319,0,360,211
172,0,515,306
173,0,510,305
0,0,792,430
0,0,1034,678
0,77,1280,640
149,163,1130,556
460,267,819,452
495,266,784,453
672,292,555,406
751,292,388,347
755,284,303,317
740,275,256,296
706,257,219,303
704,259,226,302
677,243,202,315
664,224,186,334
652,212,173,350
642,201,179,347
628,199,184,376
623,198,195,379
614,203,203,390
589,200,232,392
579,200,252,394
570,199,271,396
555,196,289,382
551,193,297,384
527,183,315,384
509,180,332,366
504,181,337,345
502,181,343,347
492,181,349,342
494,180,343,344
487,178,342,346
485,171,347,349
486,164,348,346
496,151,342,353
488,139,351,363
489,142,349,358
487,140,348,354
486,142,347,358
487,144,344,357
474,146,352,356
461,144,355,363
467,149,347,360
457,141,355,358
465,131,353,362
468,118,357,361
473,105,363,351
