459,164,349,449
462,170,347,448
465,176,344,447
468,181,342,446
470,181,337,451
473,181,332,455
492,181,309,460
512,181,287,464
540,186,267,461
568,190,247,459
587,192,241,456
590,197,242,450
592,202,243,444
595,208,244,437
602,218,243,424
610,229,243,410
615,236,240,400
619,243,238,390
624,249,236,380
629,256,234,370
633,258,231,360
633,255,231,365
633,251,230,369
633,248,230,373
636,234,227,378
639,220,223,384
641,207,220,389
644,193,217,394
648,186,219,400
652,178,221,407
656,171,222,413
662,166,225,425
667,167,229,437
672,167,233,449
677,167,230,452
682,166,228,455
684,163,228,457
686,160,227,458
688,157,227,459
682,145,231,459
676,134,235,459
669,134,247,458
660,120,258,456
650,107,269,455
640,94,275,453
631,79,281,453
621,65,288,453
618,60,289,455
615,55,290,457
611,51,291,459
608,46,292,461
606,42,294,464
604,39,296,466
601,35,297,469
592,39,308,472
582,43,319,476
572,47,330,479
