772,174,283,332
767,168,287,341
763,172,292,340
759,176,296,339
755,180,301,338
751,184,305,337
747,186,310,347
753,179,311,346
749,187,312,345
744,195,313,344
750,196,317,345
745,195,323,349
738,187,328,364
734,195,334,354
729,195,339,356
723,195,344,359
720,193,350,362
714,193,355,364
708,192,362,367
703,192,370,371
697,194,371,369
694,188,376,369
686,188,388,369
666,186,401,369
655,189,411,364
657,189,424,365
641,189,432,360
610,189,446,363
578,189,460,366
546,189,474,368
514,189,488,371
518,187,478,367
523,186,469,363
527,184,459,360
516,183,466,358
495,182,482,365
485,180,488,361
479,180,493,359
449,178,517,352
439,176,520,349
428,174,524,347
355,169,588,349
330,171,601,341
325,163,608,343
288,155,614,352
248,168,651,342
234,166,675,357
181,178,702,357
143,193,722,361
138,193,732,359
112,209,731,368
102,217,739,379
93,226,747,391
83,213,755,424
63,201,778,475
53,200,788,479
89,183,736,480
125,166,703,503
161,160,673,527
212,174,634,473
249,196,615,373
248,187,611,384
283,197,601,403
337,204,555,394
363,214,526,388
384,215,500,392
402,215,470,371
401,217,481,374
407,217,454,361
414,217,443,341
421,215,441,334
423,208,428,326
426,201,430,318
430,203,420,315
438,201,418,304
452,198,401,291
464,195,403,279
470,188,401,275
477,183,397,271
477,181,404,267
477,179,411,263
503,167,385,266
514,163,364,255
516,156,359,253
530,150,345,253
530,149,345,253
533,146,340,247
536,139,337,248
540,135,339,249
538,129,344,251
537,128,354,251
539,126,349,249
549,124,346,250
548,120,351,251
427,112,447,391
437,87,450,394
436,59,481,382
430,57,488,373
438,33,482,385
425,19,491,373
428,5,486,364
377,5,540,363
376,0,537,362
382,0,535,362
361,10,556,348
365,13,565,346
369,17,575,344
374,21,585,342
415,25,582,338
417,18,573,343
454,33,547,323
470,23,537,321
457,27,584,308
480,23,579,299
479,31,581,290
471,30,592,284
474,34,597,267
477,38,597,265
491,64,591,248
507,99,591,237
524,126,582,231
530,127,574,223
548,157,569,224
566,189,569,208
576,224,585,202
605,271,565,233
609,321,557,212
610,318,547,218
605,362,554,209
599,382,559,190
601,390,531,183
586,393,526,175
570,384,492,165
571,386,489,164
556,365,452,165
540,345,402,152
529,334,388,136
543,333,366,131
555,338,325,122
555,340,305,117
556,342,286,112
557,344,267,107
558,345,248,103
558,347,229,98
559,349,209,100
561,346,198,96
564,343,188,88
567,336,175,81
571,328,164,78
579,321,150,71
584,318,141,68
584,317,142,70
587,316,136,67
590,315,133,68
591,317,129,66
589,317,126,67
586,320,131,67
592,318,128,68
589,320,125,68
585,325,122,69
580,329,119,69
575,333,116,70
570,338,115,70
566,339,110,71
557,348,107,71
543,358,103,71
529,368,100,71
515,378,96,71
500,388,93,71
495,389,89,71
475,400,86,71
461,414,82,71
445,424,79,71
430,435,76,71
415,450,73,69
415,452,74,67
401,460,75,65
393,462,69,67
369,469,77,64
355,477,75,63
340,481,75,58
337,482,74,57
330,486,67,59
322,488,64,57
314,491,65,52
301,493,70,51
292,494,67,54
293,493,65,54
289,493,64,50
283,492,63,50
277,491,62,51
271,490,62,51
265,489,58,48
265,489,58,51
261,486,62,50
254,485,60,48
251,481,61,50
248,481,63,48
247,479,59,47
246,478,55,46
246,473,53,47
246,468,50,47
247,464,48,48
249,458,48,48
245,456,53,50
248,456,52,49
248,447,51,48
252,445,50,47
256,442,48,46
260,440,47,45
262,435,46,44
261,436,45,43
267,433,44,42
274,430,43,42
281,427,42,41
287,425,42,41
292,424,42,41
291,423,42,41
301,420,38,40
312,418,42,41
318,416,42,41
329,414,42,41
341,413,42,41
340,410,42,41
