574,165,342,425
574,162,342,426
574,159,342,428
574,156,342,429
574,153,342,431
574,150,342,432
574,146,342,434
574,143,342,435
574,140,342,437
574,137,342,438
574,134,345,441
574,131,348,444
574,129,351,448
574,122,354,447
574,120,357,450
574,117,360,451
579,115,358,448
577,109,362,459
576,108,367,463
575,107,371,468
573,106,375,473
567,104,384,476
565,99,399,488
544,103,426,500
524,100,454,520
503,96,481,540
484,98,506,563
477,93,517,571
451,91,550,591
425,85,584,616
399,79,618,640
395,60,649,659
391,10,702,709
386,9,712,710
382,0,760,720
378,0,822,720
374,0,872,720
370,0,909,720
388,0,890,720
397,0,880,720
357,0,922,720
327,2,952,717
269,0,1010,720
206,3,1073,716
160,6,1119,713
167,0,1112,720
175,5,1104,714
101,0,1178,720
136,0,1010,664
170,2,837,605
205,26,691,525
210,42,689,509
241,60,569,472
258,83,491,429
283,117,405,380
307,143,335,344
323,170,288,317
330,177,279,306
344,199,241,275
359,223,211,245
374,247,181,214
383,262,159,197
393,278,137,180
397,282,134,175
408,288,122,167
421,298,102,154
428,308,92,143
436,316,81,134
438,322,77,125
438,322,77,125
443,329,74,118
449,336,66,108
452,341,61,104
452,347,58,96
452,351,54,92
452,351,54,91
451,354,51,87
449,356,47,84
449,358,46,79
449,360,45,76
449,363,45,72
448,363,46,71
448,364,45,68
449,365,43,66
450,367,41,64
450,368,39,62
451,370,37,60
452,371,36,58
452,372,35,56
453,373,34,54
454,375,34,53
457,377,32,48
459,379,32,46
459,379,32,46
461,380,30,44
463,380,29,42
466,380,29,41
469,380,29,39
472,381,29,37
473,381,28,37
477,381,28,37
