955,190,83,151
954,191,83,150
954,192,84,150
953,193,84,150
953,194,85,150
953,195,85,149
952,196,86,149
952,197,86,149
952,198,87,149
951,200,87,148
951,201,88,148
951,202,88,148
950,203,89,148
949,204,90,148
948,204,91,148
947,205,92,148
946,206,93,148
945,207,94,148
944,208,95,148
943,209,97,149
941,210,97,148
940,212,97,147
939,213,97,146
938,215,97,145
937,216,98,144
936,218,98,143
935,219,98,142
934,221,98,141
933,222,98,141
932,223,99,141
930,223,99,140
929,224,99,140
928,224,99,140
926,225,99,140
925,225,99,140
924,226,99,140
922,227,99,140
921,227,99,140
920,228,99,140
919,228,99,140
918,224,100,141
917,220,101,143
916,217,102,145
915,213,103,147
914,209,104,148
913,205,105,150
912,200,106,151
910,195,107,152
909,190,108,154
908,185,109,155
907,185,107,148
904,182,108,150
902,180,110,153
900,178,111,156
897,175,113,159
895,173,114,162
893,171,116,165
890,168,117,168
888,166,119,171
886,164,120,179
884,162,118,174
882,160,120,176
880,159,122,178
878,158,124,180
876,157,127,183
874,156,129,185
872,154,131,187
870,153,133,190
868,152,136,192
866,151,138,194
866,149,134,197
863,148,136,199
860,147,138,201
858,146,140,204
855,145,142,206
852,144,144,208
850,144,146,211
847,143,148,213
847,139,151,216
843,138,155,221
843,142,154,224
840,144,156,221
837,146,159,224
835,148,162,227
832,151,165,229
830,153,168,232
827,155,171,235
825,152,174,237
823,157,176,238
819,157,178,242
815,163,179,242
809,159,188,245
805,159,189,250
804,160,191,249
798,161,194,257
793,161,198,257
792,159,200,261
790,157,205,265
788,158,208,264
786,158,212,266
788,161,214,264
792,154,214,268
797,152,212,266
802,150,210,267
799,151,214,270
798,150,216,270
799,158,222,268
