708,12,242,499
700,8,242,494
698,8,242,489
698,8,241,487
700,5,236,497
700,10,234,495
697,18,235,489
691,25,242,478
688,28,247,474
691,28,244,472
691,36,250,467
687,47,248,452
689,48,251,449
684,55,256,446
683,64,255,436
684,66,251,444
686,71,250,436
687,75,250,428
688,79,250,421
689,83,250,413
691,88,250,406
690,88,249,402
693,88,244,400
690,89,246,400
689,94,245,395
687,98,246,390
687,100,247,388
685,99,247,390
688,102,245,383
689,99,242,382
688,101,253,377
688,99,254,374
688,98,255,371
688,96,256,368
689,95,257,365
692,87,254,365
696,79,252,366
701,76,252,361
704,77,252,357
704,77,253,358
706,77,253,363
704,77,254,353
706,74,253,353
706,75,257,354
708,75,253,355
708,74,255,356
709,78,252,352
711,79,250,351
713,84,248,350
711,84,252,353
711,90,254,350
712,85,249,353
711,89,251,352
710,87,250,353
710,91,247,352
709,94,246,352
708,99,249,349
708,98,250,350
707,100,248,348
707,104,250,343
711,108,254,350
711,105,251,349
711,107,250,346
712,111,248,344
713,109,246,343
711,110,245,343
710,117,246,339
710,125,248,336
709,124,249,336
709,123,250,337
709,123,251,338
710,125,254,331
711,125,253,330
713,126,254,329
714,125,255,329
714,126,254,329
715,125,258,328
719,123,254,325
720,125,252,327
723,122,254,328
724,123,255,331
726,121,253,328
729,120,252,329
730,121,252,327
731,124,250,328
731,128,250,324
730,130,250,323
730,130,251,322
730,134,251,317
732,137,253,319
732,143,258,319
733,143,259,317
734,143,260,316
735,144,261,315
736,144,263,314
738,145,264,313
739,145,265,312
740,145,267,311
741,146,268,310
742,146,269,309
744,147,271,308
742,148,272,306
741,150,273,305
740,152,274,304
738,154,275,302
737,156,277,301
736,158,278,300
734,160,279,298
733,162,280,297
732,164,281,296
731,166,283,295
727,167,285,298
730,169,284,297
732,171,283,295
735,173,282,294
738,175,280,293
740,177,279,292
743,179,278,291
746,181,277,290
749,183,276,290
751,183,270,284
753,184,264,279
756,185,259,274
736,188,278,280
731,191,283,278
722,194,291,277
713,197,300,276
704,200,308,280
695,203,317,285
685,205,325,289
676,208,334,294
669,211,329,269
659,213,331,265
649,220,337,257
641,218,338,254
633,216,339,250
625,215,340,246
618,220,341,234
609,216,343,233
601,211,344,232
593,207,345,231
589,206,346,231
585,201,347,234
582,196,348,237
578,191,349,240
566,200,365,216
567,196,363,215
564,199,361,215
565,192,364,219
556,180,368,232
557,162,356,258
545,140,370,280
552,118,383,302
557,119,387,303
536,102,395,340
535,85,392,377
520,80,409,382
478,78,452,322
461,74,467,317
456,75,480,318
436,73,501,338
440,83,516,322
409,91,554,341
399,93,576,340
382,106,601,326
364,108,614,325
347,110,628,324
329,112,642,323
312,115,656,323
281,136,686,329
264,150,687,317
265,144,687,322
246,158,698,325
241,169,709,324
250,175,699,316
261,181,696,313
271,180,688,308
269,175,686,319
277,182,678,305
281,184,684,308
284,181,681,292
299,178,673,286
310,170,663,292
308,174,666,285
322,169,654,278
653,260,108,94
648,260,111,94
646,259,113,93
644,259,115,93
642,258,118,92
640,257,120,91
638,257,122,91
636,256,125,90
634,256,127,90
633,255,129,89
631,254,132,88
631,255,135,88
632,255,137,87
633,255,139,87
634,255,142,87
635,255,144,87
636,256,146,87
635,256,150,87
634,256,154,87
633,256,158,87
633,257,163,87
633,255,163,86
636,254,163,86
639,253,163,87
636,254,169,88
633,256,174,83
626,258,185,83
627,258,184,80
625,258,185,79
621,258,187,80
613,261,197,77
605,261,205,78
598,261,211,75
594,260,215,74
595,261,214,74
593,260,216,75
586,258,221,73
585,256,220,74
585,257,220,72
580,254,225,74
576,256,232,73
571,258,235,73
578,261,228,73
575,264,234,69
566,264,245,73
561,266,252,73
561,264,253,78
557,267,261,76
569,265,252,82
566,274,256,75
562,280,262,75
568,283,256,77
571,282,254,78
569,284,257,78
568,288,254,84
566,288,257,92
565,289,256,96
567,290,251,102
567,288,248,104
568,287,245,105
569,286,242,107
575,282,236,109
577,279,233,110
581,274,234,118
581,276,233,112
583,274,233,117
580,274,231,114
581,272,224,120
578,272,225,119
572,276,218,115
576,274,217,119
572,275,218,115
565,279,218,115
561,280,212,118
555,282,217,117
551,286,220,116
552,283,218,117
553,286,209,116
558,288,200,118
560,292,194,120
563,297,191,117
569,306,188,118
568,307,186,115
574,314,179,111
591,326,168,108
599,328,163,114
612,336,155,112
627,345,143,104
630,346,140,104
634,353,144,103
649,355,134,110
659,358,125,109
663,366,124,107
669,366,117,110
669,366,117,110
668,375,116,103
669,374,109,104
670,378,108,103
667,379,103,103
664,382,105,104
665,382,95,107
658,385,92,103
655,387,88,104
649,389,88,103
647,391,85,100
645,393,82,99
645,395,82,98
642,396,81,98
639,397,82,96
637,396,82,95
638,395,81,99
636,396,80,92
636,396,80,92
637,395,78,92
638,392,78,92
636,391,80,92
643,391,74,92
642,389,77,93
645,389,72,94
578,53,399,522
602,57,368,525
618,53,334,529
611,59,334,523
592,56,341,529
592,62,344,529
559,66,372,528
555,72,358,525
546,93,356,515
546,114,352,499
537,123,361,498
539,122,363,496
537,137,356,490
521,149,372,490
519,150,374,488
520,155,382,487
519,157,394,491
520,155,395,495
529,152,396,498
529,158,424,490
533,160,448,490
538,177,466,471
559,180,475,473
556,178,483,474
577,180,494,470
591,155,519,494
604,132,536,518
606,128,563,529
613,88,588,559
621,92,570,546
638,59,599,583
637,47,600,578
637,35,601,574
629,20,612,578
621,5,623,582
627,6,599,583
625,6,614,550
