250,112,699,453
249,73,710,465
265,46,702,461
253,19,715,458
254,13,710,452
256,7,705,446
256,4,712,420
256,2,719,393
257,0,727,367
254,0,719,372
267,0,708,362
258,0,713,359
271,0,697,350
259,0,705,361
286,0,675,341
334,0,624,327
353,0,608,317
356,0,596,314
393,0,555,310
440,0,514,279
448,0,494,277
499,0,438,254
519,0,414,237
522,0,407,234
538,0,386,230
561,0,379,200
604,0,343,181
626,0,323,155
655,0,288,133
662,0,280,129
678,0,219,102
705,0,170,72
731,0,127,46
727,0,128,45
723,0,130,45
719,0,132,44
715,0,133,44
712,0,135,43
708,0,136,42
704,0,138,42
700,0,139,41
696,0,141,41
692,0,143,40
688,0,144,39
684,0,146,39
680,0,147,38
676,0,149,38
672,0,151,37
669,0,152,36
665,0,154,36
661,0,155,35
657,0,157,35
653,0,158,34
649,0,160,33
645,0,162,33
641,0,163,32
440,243,282,397
447,233,267,403
439,228,271,404
432,224,276,406
425,220,280,407
418,216,285,409
412,215,288,411
407,214,291,413
401,213,294,416
396,212,297,418
391,211,299,428
387,220,296,420
384,217,298,423
382,214,301,426
380,212,304,430
378,208,306,433
375,205,308,436
373,201,310,438
371,197,312,441
369,194,314,444
366,190,316,447
369,194,317,444
366,191,318,446
363,188,320,449
361,186,322,452
358,183,324,454
356,181,326,457
353,178,328,460
350,175,330,463
348,173,332,465
345,170,337,474
343,168,335,473
343,170,336,474
343,172,337,476
343,174,338,478
344,176,339,479
344,178,341,481
345,180,342,483
345,181,343,484
346,183,345,486
347,185,345,482
348,187,345,478
346,186,346,477
345,186,348,476
343,185,350,476
342,185,352,475
340,184,353,475
334,190,355,469
327,195,356,463
320,201,357,458
313,206,359,452
311,210,362,449
307,216,367,447
304,222,372,446
301,222,371,445
298,222,369,445
296,223,368,444
293,224,374,442
290,226,379,439
287,227,385,436
284,229,391,434
281,231,397,432
279,228,400,430
278,225,403,429
277,222,406,428
275,219,409,426
274,215,412,425
273,212,415,424
271,209,418,422
270,206,421,421
269,203,424,420
271,198,440,411
279,187,437,412
279,184,444,410
280,180,451,409
280,177,458,408
281,174,466,406
279,176,471,405
276,178,476,404
274,180,481,403
272,182,487,403
270,187,498,398
266,197,505,390
261,199,512,390
257,202,519,390
252,204,526,390
248,206,523,393
244,208,540,391
239,210,547,391
235,212,554,391
230,214,561,391
231,218,570,391
231,221,576,380
232,225,582,369
232,228,598,372
233,232,615,369
233,235,633,373
233,239,640,366
234,243,647,367
234,246,654,362
235,250,665,364
235,253,673,365
221,260,687,367
208,268,700,367
194,273,714,371
180,275,728,378
167,283,742,379
153,284,756,386
139,284,776,403
126,260,788,433
98,215,808,483
98,214,806,484
87,173,805,544
4,162,821,557
0,142,827,577
0,132,871,492
23,139,845,464
15,141,848,460
47,145,811,453
83,154,792,440
111,163,783,442
143,172,770,416
153,185,751,408
157,180,746,411
167,179,746,416
181,184,725,393
170,181,724,401
159,176,698,402
138,182,684,384
138,182,690,386
119,178,690,386
96,170,660,384
79,158,647,385
57,144,652,391
46,135,658,391
42,133,652,396
28,137,657,393
15,141,663,391
22,146,648,398
28,150,634,405
37,154,633,402
47,157,633,399
61,162,629,394
75,166,626,389
393,231,238,141
392,229,239,140
392,227,241,139
392,225,243,139
391,223,244,139
391,221,246,138
391,220,248,138
387,216,253,137
384,213,259,136
381,210,265,135
378,207,270,135
375,204,276,134
376,205,275,132
377,206,282,131
378,208,288,129
380,207,286,130
381,213,287,126
394,216,287,124
391,221,295,123
388,226,303,123
385,232,311,122
383,234,314,121
381,237,317,120
379,240,320,120
377,242,322,119
376,244,324,118
374,247,326,118
373,249,329,117
365,249,335,113
357,248,341,109
350,248,348,105
348,248,352,105
347,248,357,104
346,249,361,105
345,249,365,105
344,249,370,104
343,250,375,105
342,250,379,105
341,250,384,104
340,251,388,105
340,246,393,105
344,247,396,110
350,240,394,115
353,234,403,123
358,231,405,129
357,231,409,129
365,230,406,132
366,228,408,133
368,227,411,135
369,226,413,137
371,225,416,139
372,224,418,141
374,223,421,142
375,222,424,144
377,221,426,146
382,227,426,146
382,227,429,149
382,228,432,151
382,229,436,155
388,230,437,161
392,237,440,166
392,240,438,169
393,244,436,173
394,248,434,177
394,252,432,180
396,261,429,171
397,271,425,162
397,269,427,160
397,267,429,159
399,265,427,157
402,264,425,155
407,256,418,150
413,249,412,146
419,242,406,142
424,235,400,138
420,228,404,144
420,221,395,140
420,214,387,136
420,207,379,130
413,198,371,122
406,198,370,123
402,197,362,123
398,197,354,123
394,196,346,124
392,206,340,123
390,216,333,122
388,225,326,121
385,230,324,118
389,242,317,117
393,254,310,116
398,266,303,115
402,277,296,114
406,289,288,113
406,290,288,113
412,295,279,112
417,300,270,111
423,305,261,109
428,310,252,108
434,315,243,107
438,314,234,107
443,313,225,108
446,311,217,108
456,317,220,105
461,318,214,105
466,319,208,106
471,320,202,107
477,321,196,108
484,319,189,111
491,321,183,108
495,321,178,110
500,322,170,112
503,320,168,110
507,323,162,112
512,319,158,114
517,324,153,109
522,321,148,110
527,321,142,112
525,323,144,110
530,322,133,114
534,328,136,110
536,332,135,110
538,333,131,112
547,338,123,110
545,339,125,114
549,341,121,113
554,343,116,114
559,346,112,114
564,350,110,111
567,355,111,108
565,355,114,107
567,363,112,106
571,371,107,103
573,384,106,95
577,393,106,84
579,395,108,81
582,397,111,79
590,396,112,79
598,394,112,79
606,393,113,78
614,391,113,78
621,389,112,79
628,388,111,80
634,386,110,81
641,385,108,82
648,383,107,83
655,381,106,83
661,378,104,87
662,378,104,87
665,377,105,87
669,376,107,87
677,374,104,87
682,372,103,86
688,371,102,85
689,372,101,85
695,370,99,85
700,368,99,85
707,366,97,85
713,363,98,87
318,55,374,466
319,56,369,454
327,37,368,462
334,18,369,479
345,15,367,483
354,13,368,485
364,13,367,481
367,11,364,484
381,13,359,486
398,15,349,492
416,22,342,498
447,30,306,507
465,46,298,505
467,47,296,501
486,61,279,499
496,78,271,503
503,87,265,513
507,114,259,510
511,132,253,511
510,134,254,511
513,159,256,508
524,171,242,510
525,180,239,520
531,197,227,515
528,204,227,508
528,206,225,507
529,210,221,503
529,214,221,494
526,211,224,492
522,204,250,492
523,199,254,492
527,190,243,496
534,184,222,490
537,183,224,481
544,176,221,476
549,166,224,479
552,162,227,480
552,161,229,482
550,160,235,475
539,161,264,470
528,156,275,479
527,152,256,477
526,149,238,475
526,146,240,482
517,138,245,480
508,131,251,479
500,124,256,477
488,116,265,475
477,109,273,472
485,102,263,477
459,89,268,479
456,78,254,494
452,71,253,503
451,69,250,505
438,74,268,513
438,73,270,514
