623,87,345,193
625,83,348,191
623,83,351,189
622,83,354,188
614,83,356,180
606,83,357,173
598,83,359,166
590,83,360,159
585,83,359,153
585,82,358,155
586,85,354,154
582,87,351,150
578,94,346,140
571,97,343,131
565,105,343,127
567,104,341,129
560,111,333,118
555,120,333,113
551,128,329,109
552,136,319,105
550,145,314,104
552,144,316,103
555,154,311,98
559,161,307,96
567,168,303,92
575,174,298,87
580,180,297,84
580,180,298,83
590,184,298,81
598,189,293,80
606,194,286,75
612,196,285,72
619,199,279,69
619,198,279,70
621,200,275,68
625,203,268,71
627,206,264,70
629,209,261,68
631,212,258,66
633,215,255,64
635,219,252,63
638,223,256,63
648,226,249,64
655,231,246,64
666,236,246,64
665,235,245,66
676,241,241,63
686,245,241,67
698,249,238,65
707,250,237,67
718,247,231,71
716,250,239,66
722,250,231,64
728,253,230,63
732,259,231,62
735,265,225,59
739,269,228,62
738,270,230,60
740,274,224,59
742,280,215,65
743,290,213,66
741,299,214,63
743,307,209,62
744,308,206,63
745,317,208,61
747,326,205,59
748,331,202,57
747,335,200,59
746,340,198,63
745,344,196,62
745,349,195,61
741,350,188,65
739,356,187,61
731,357,186,67
731,361,178,64
730,361,182,65
731,361,169,67
728,364,169,66
729,365,164,62
730,367,159,61
731,369,158,64
732,367,158,66
731,368,158,64
743,372,146,62
743,374,148,62
746,376,143,61
752,377,137,63
753,378,141,63
758,380,132,63
760,382,132,66
755,386,135,64
767,381,120,68
762,389,118,63
760,387,126,68
768,391,116,65
764,395,116,66
766,398,109,67
761,403,111,65
756,406,112,70
757,406,109,70
756,411,109,70
749,414,110,69
744,416,110,73
748,421,105,70
746,424,99,73
746,425,99,72
742,429,100,71
745,435,98,73
747,439,90,71
745,442,91,76
745,447,95,76
745,446,92,76
748,452,92,76
750,459,88,76
754,466,88,77
759,475,87,74
760,485,85,70
760,484,84,68
763,492,81,65
774,499,68,62
775,507,70,53
775,509,71,46
779,510,69,42
779,511,68,41
781,510,68,41
780,510,67,37
778,507,70,38
775,504,71,37
774,503,69,37
775,503,66,37
768,503,72,38
768,500,72,41
