453,139,449,560
448,134,448,565
443,131,452,557
448,131,448,548
446,131,447,534
446,132,447,536
444,126,452,531
441,125,461,518
436,121,465,510
442,116,460,509
438,110,464,513
440,105,461,514
436,101,463,508
437,99,468,506
432,108,465,501
427,107,474,509
414,111,479,510
423,105,468,518
404,112,485,510
403,121,478,513
393,130,486,519
385,146,473,524
382,156,472,529
374,154,474,530
369,164,473,534
361,179,469,524
350,189,465,519
349,205,448,515
344,218,442,502
341,213,441,507
346,219,418,500
344,231,400,488
348,242,383,478
346,258,375,462
350,284,363,436
342,290,364,429
357,309,359,406
364,334,355,385
371,360,326,356
382,383,316,333
395,401,314,318
397,394,312,325
