403,1,784,716
395,3,798,714
388,4,811,713
380,6,824,711
373,5,838,713
376,5,858,714
368,14,889,705
359,22,920,697
350,21,927,698
341,27,935,692
333,34,942,685
324,40,949,679
315,55,957,664
307,69,964,650
298,83,971,636
766,184,56,99
767,184,56,99
767,183,56,98
767,182,55,98
767,182,55,97
767,181,55,97
768,181,55,96
768,180,54,96
768,182,54,94
768,183,54,93
768,184,53,91
769,183,55,93
770,182,57,94
770,183,58,93
770,183,59,92
769,184,60,91
770,184,61,91
770,184,62,91
770,184,62,91
770,184,63,91
770,184,63,91
770,183,63,91
770,182,64,91
770,181,64,91
770,180,64,91
770,179,64,91
770,178,64,91
770,177,64,91
770,175,64,91
770,174,64,91
770,173,64,91
771,173,64,92
771,173,65,92
771,173,65,93
771,173,65,93
772,173,65,93
772,173,65,94
772,172,65,94
772,171,65,95
771,170,65,95
770,169,65,95
770,168,66,96
769,166,67,97
769,165,68,98
768,163,69,99
768,162,70,100
767,160,71,101
767,159,72,102
766,157,73,103
766,156,74,103
765,154,75,104
767,153,76,105
768,151,76,106
769,149,77,107
770,148,77,108
771,146,78,109
773,145,78,110
774,143,79,111
775,141,79,112
776,140,80,113
777,138,80,113
776,140,80,114
775,141,80,115
775,143,80,116
775,146,80,117
776,148,80,118
776,151,80,119
776,154,80,120
776,156,80,121
776,159,80,122
776,161,80,123
778,162,81,124
779,162,82,125
780,162,83,126
782,163,83,127
783,163,84,127
784,164,85,128
785,164,86,129
787,164,87,130
788,165,87,131
789,165,88,131
793,169,88,131
796,172,88,130
799,176,87,129
803,179,87,129
806,183,87,128
809,186,86,127
812,190,86,127
816,193,86,126
819,197,86,125
822,200,85,124
826,202,85,124
830,204,86,123
834,206,86,123
838,207,86,122
842,209,86,122
846,211,86,121
850,213,87,120
853,214,87,120
857,216,87,119
861,218,87,119
862,222,87,117
863,226,87,115
864,229,87,113
864,234,87,111
864,238,87,109
865,242,87,107
865,247,87,105
865,251,87,103
865,255,87,101
866,257,87,100
863,261,88,99
860,264,89,99
857,268,90,99
854,272,91,99
851,276,92,99
848,278,94,99
845,281,97,99
843,284,99,99
840,287,101,99
837,290,103,99
825,292,108,102
822,293,112,105
812,299,120,106
803,302,118,110
784,305,133,116
773,308,139,122
747,311,161,132
748,310,162,137
719,313,187,150
685,315,229,175
630,319,303,217
533,322,428,285
336,326,649,341
334,330,650,334
115,331,843,329
8,305,851,339
38,309,630,318
110,309,439,267
193,307,296,205
193,308,290,209
258,300,215,175
323,292,160,152
374,284,128,142
426,275,102,129
470,267,89,125
470,266,86,126
497,263,78,123
526,259,65,126
540,268,57,107
558,264,52,106
569,267,52,105
570,265,52,104
576,266,53,100
582,266,53,97
585,267,57,94
588,267,60,92
591,268,63,90
592,266,62,89
592,265,68,85
593,264,70,82
595,262,68,81
597,261,67,79
858,236,198,202
857,238,197,201
821,226,202,201
799,218,206,200
777,210,211,199
755,203,216,199
733,195,220,198
730,195,224,198
714,189,229,197
697,184,234,196
681,179,239,196
670,175,240,195
659,170,241,193
651,168,244,192
642,166,248,190
633,163,252,188
624,161,256,186
615,158,259,184
607,156,263,182
603,157,267,181
599,158,272,179
596,157,275,179
593,156,279,180
590,155,283,180
587,154,286,181
584,152,290,181
581,151,294,181
578,150,297,182
574,149,301,182
571,148,308,183
568,147,316,183
565,146,322,182
561,145,328,181
558,144,334,180
554,143,340,180
549,143,345,181
544,143,350,183
539,142,356,184
530,145,361,182
522,147,366,181
513,149,372,179
508,149,375,179
504,148,379,178
504,147,383,178
505,146,387,177
506,145,391,177
509,144,394,174
512,143,396,172
516,143,399,169
519,142,401,167
519,141,412,163
523,137,417,154
526,132,421,153
530,128,425,153
533,123,429,152
536,127,425,149
536,127,425,146
537,128,426,143
536,134,428,141
535,139,430,138
534,145,431,135
530,148,435,132
526,152,439,130
522,159,437,128
518,167,435,126
514,175,434,124
510,183,432,122
509,186,432,120
506,195,429,115
503,204,427,110
500,213,424,105
502,213,421,106
504,213,418,108
505,213,415,109
507,213,412,110
509,213,408,111
511,213,405,113
512,213,402,114
514,213,399,115
516,213,396,117
517,224,393,118
519,233,387,118
521,241,381,118
523,250,375,116
524,259,369,114
528,260,363,112
531,261,357,111
540,261,351,110
544,256,345,109
548,251,339,108
551,246,333,107
554,241,326,108
557,236,320,107
560,231,313,107
563,225,307,106
566,220,300,106
569,215,294,105
572,210,287,105
574,205,281,101
577,200,274,98
580,195,268,95
586,189,261,97
592,183,254,99
598,177,248,101
603,171,241,93
612,163,235,93
621,156,228,93
630,149,221,92
638,142,215,92
644,141,208,91
649,139,202,91
648,143,200,82
648,147,199,81
654,151,190,83
656,155,186,91
660,155,182,91
672,164,174,90
684,173,166,88
702,184,155,88
716,190,149,90
729,196,143,91
732,200,139,87
744,207,134,88
757,214,130,90
769,221,126,91
782,229,121,92
795,236,117,94
797,238,113,92
805,244,109,93
813,250,104,94
821,256,100,95
827,270,95,93
833,284,89,90
833,288,85,87
834,293,81,83
833,303,79,80
833,312,76,77
833,321,73,73
827,325,76,75
828,328,74,74
829,331,73,72
827,332,73,73
825,334,73,73
823,335,73,74
820,337,73,74
818,338,73,75
816,341,73,75
813,344,73,76
811,347,73,76
808,351,73,77
806,354,73,77
806,356,71,76
806,357,70,76
806,359,69,75
806,361,67,74
358,34,493,652
361,50,493,650
364,54,493,647
368,64,493,655
371,74,493,643
374,84,493,630
377,89,493,630
380,98,493,618
382,99,493,613
385,105,493,611
388,111,493,608
395,101,489,618
402,91,485,628
409,81,481,638
412,77,476,642
418,61,472,632
431,44,448,643
445,29,426,669
494,17,348,669
534,12,292,669
531,11,295,676
546,23,271,676
556,44,278,653
517,75,337,644
487,100,391,619
