86,0,1193,716
105,0,1174,720
109,0,1170,720
129,0,1150,720
149,0,1130,720
169,0,1110,720
189,0,1090,720
209,0,1070,720
137,0,1108,720
165,0,1114,720
192,0,1087,720
211,0,1068,720
239,0,1040,720
207,0,1018,720
244,0,999,720
195,0,1071,720
249,0,892,634
304,0,714,549
416,0,494,491
417,0,490,481
467,0,379,435
501,0,315,415
530,16,262,380
540,32,232,347
561,53,199,321
558,69,197,304
578,88,165,274
577,100,163,259
586,116,146,239
595,132,129,218
605,147,112,197
607,155,108,188
610,162,103,179
613,169,98,170
615,178,93,160
618,188,89,148
621,198,84,137
623,203,79,130
626,209,75,122
629,214,70,115
631,220,65,108
632,223,63,104
633,229,61,96
633,233,60,92
635,235,57,89
636,239,55,84
637,240,52,84
638,247,50,77
639,249,48,74
640,251,46,71
641,253,45,69
641,255,42,66
642,258,40,63
643,260,37,61
644,263,35,58
645,262,33,59
645,266,32,55
645,266,31,53
645,268,31,52
644,271,30,49
645,273,30,47
646,274,28,45
646,275,28,43
646,277,27,42
646,279,26,40
646,280,26,39
646,282,25,38
646,281,25,38
646,283,25,37
645,284,24,36
645,286,25,34
645,287,24,33
645,288,23,33
645,288,23,32
644,289,23,32
645,290,23,31
644,290,22,30
646,292,20,28
738,71,220,343
735,72,222,343
733,74,224,344
730,76,226,345
728,77,228,346
725,79,230,347
723,81,232,348
720,82,234,349
718,84,236,350
715,86,238,351
713,88,240,352
712,89,239,353
711,91,239,355
710,93,239,356
710,95,238,358
709,97,238,360
708,98,238,361
708,100,237,363
707,102,237,364
706,104,237,366
706,106,237,368
705,109,238,369
705,112,239,371
705,116,240,372
704,119,242,374
702,123,243,375
700,127,244,377
697,131,246,378
695,135,247,380
693,139,248,381
691,143,250,383
687,148,249,384
684,154,249,386
680,159,248,388
677,165,248,390
674,168,247,391
671,170,247,393
668,173,246,395
665,176,246,397
661,181,248,398
654,196,260,393
652,200,264,387
651,204,265,382
649,202,267,383
648,200,270,384
647,198,272,385
645,197,274,385
644,195,277,386
642,193,279,387
641,191,281,388
640,190,284,389
642,188,286,387
645,186,288,385
647,184,291,383
650,183,293,381
652,181,296,379
655,176,303,380
657,171,310,381
660,166,317,382
662,161,324,383
665,157,332,385
667,156,332,384
669,156,333,383
672,156,333,383
674,156,334,382
675,155,339,383
676,153,344,383
677,152,349,383
678,150,354,384
679,149,359,384
680,148,364,385
672,153,369,385
664,153,383,390
663,150,380,394
648,158,391,396
640,165,395,394
631,172,398,393
623,179,402,391
615,190,405,389
607,194,409,387
599,201,412,385
581,202,421,385
563,204,429,385
545,205,437,385
527,207,445,384
519,201,454,384
496,203,462,384
477,206,470,384
458,209,479,384
458,213,468,377
420,216,495,384
419,215,494,373
419,214,494,363
418,212,493,352
418,211,492,342
417,210,491,331
417,209,490,321
416,208,489,310
416,207,489,300
415,206,488,290
415,205,487,279
409,200,500,286
411,193,511,292
413,180,516,306
424,186,512,299
446,173,527,320
469,156,505,342
455,118,535,381
478,105,529,409
481,98,514,421
475,84,536,455
466,94,515,458
455,110,537,415
424,127,572,357
404,138,575,365
393,132,584,367
416,156,547,340
427,172,537,322
432,188,544,305
456,193,527,285
485,198,509,265
479,198,522,267
499,198,523,257
520,199,526,244
528,195,527,238
530,197,536,232
520,199,559,229
519,199,558,232
531,202,558,222
538,201,547,216
542,211,535,202
535,201,537,209
538,202,519,203
540,204,500,197
543,205,481,191
546,207,462,184
542,208,451,180
538,209,440,176
534,211,429,171
537,210,427,172
536,208,417,177
529,203,420,182
532,205,410,184
532,202,409,189
538,201,409,192
543,200,408,195
553,199,404,198
562,198,399,201
572,197,395,204
580,191,394,206
588,186,393,209
590,181,397,212
592,177,401,216
594,172,405,220
596,168,409,224
599,163,413,227
612,160,412,231
617,158,411,235
622,156,411,240
879,251,140,109
867,245,135,109
853,242,137,109
840,239,137,110
838,238,140,110
824,234,143,112
811,231,144,111
800,228,145,113
791,226,146,114
783,225,148,114
781,228,152,114
772,226,152,116
763,224,152,118
755,222,152,120
746,220,153,122
736,218,155,120
730,217,157,120
724,215,160,120
717,214,162,118
711,212,165,116
705,211,168,114
698,208,171,115
691,206,174,116
684,203,177,117
678,201,180,118
668,201,183,111
665,200,172,108
658,199,178,108
652,199,185,108
646,199,191,108
640,199,198,108
637,195,192,108
635,191,186,109
637,191,186,108
640,191,185,106
631,190,190,106
622,189,194,105
614,189,199,104
605,188,203,104
596,188,208,103
600,189,205,104
598,185,197,104
595,184,200,104
593,183,203,104
600,183,197,104
599,182,197,103
597,182,196,102
595,181,196,100
594,181,196,99
592,180,197,102
584,179,205,99
582,176,205,98
581,177,205,97
580,174,205,96
579,171,205,96
578,169,206,95
577,166,206,94
576,163,206,93
575,160,206,94
574,158,206,91
573,155,206,90
572,152,208,88
572,150,211,86
572,148,214,85
567,151,214,83
573,147,213,82
579,143,213,80
584,139,213,79
592,136,213,79
595,136,215,77
597,136,217,74
602,132,218,76
607,133,219,76
612,133,221,75
613,135,222,74
614,136,224,72
615,138,226,71
612,144,224,70
608,150,222,69
605,156,220,68
604,161,218,66
600,164,218,69
596,167,218,72
594,169,220,76
591,172,221,76
588,176,221,76
585,179,222,75
589,180,221,73
593,182,219,70
596,184,218,68
600,185,217,65
604,187,218,58
608,189,218,55
611,189,217,53
610,188,217,53
612,188,214,51
611,187,211,54
610,186,207,54
607,186,204,56
604,185,198,57
601,187,206,58
598,186,199,59
593,187,199,58
589,187,195,57
585,186,191,55
581,183,190,57
582,183,189,57
579,179,187,58
578,175,182,59
577,171,181,60
577,170,173,58
578,173,171,58
579,172,168,62
580,176,166,61
581,180,164,60
584,183,161,59
584,189,159,58
585,191,156,57
585,195,154,56
586,200,152,53
587,204,149,53
589,206,144,55
590,210,139,51
590,215,137,58
590,220,134,57
590,226,131,55
590,231,129,54
591,237,126,52
591,242,123,51
591,248,121,49
592,249,122,46
593,253,119,45
595,258,118,44
599,263,116,45
602,267,114,45
608,269,111,46
608,269,111,45
613,271,109,44
619,274,103,43
624,276,100,43
621,279,100,44
624,281,101,44
624,282,103,43
624,286,105,43
626,291,103,42
630,296,99,42
632,301,97,44
637,306,96,47
636,307,93,44
639,311,92,44
643,318,85,44
648,322,83,41
652,327,82,45
655,330,82,43
657,330,81,44
662,335,83,46
666,338,80,40
671,340,80,41
675,342,78,42
680,344,76,43
682,344,75,44
684,344,75,42
687,344,75,44
690,343,73,45
694,342,71,47
696,342,69,46
697,342,68,46
698,340,67,48
701,340,66,47
699,335,67,50
702,335,62,49
701,334,64,47
700,335,64,48
702,333,62,48
701,332,62,49
702,332,59,50
702,331,59,52
700,331,58,52
702,330,58,52
703,331,56,51
704,331,55,52
705,330,52,52
707,330,51,53
707,331,49,52
708,331,48,52
708,332,47,53
708,333,46,53
709,333,44,48
711,334,42,45
710,334,43,44
711,334,44,44
711,334,43,39
712,332,42,37
714,331,40,34
715,328,39,34
716,326,37,32
717,325,37,32
714,320,40,33
716,315,39,33
715,310,39,35
714,305,43,38
713,301,45,41
714,301,44,40
713,296,41,42
710,295,41,42
706,293,42,42
703,291,45,44
698,290,48,47
698,290,48,47
693,288,50,51
688,287,54,54
682,286,55,57
677,286,57,59
673,285,58,62
674,285,58,63
669,285,57,66
665,285,56,69
659,284,55,72
654,283,57,76
647,283,61,77
647,285,64,75
643,283,61,79
638,282,63,80
634,283,66,77
