386,171,313,235
387,172,316,235
389,173,320,235
391,174,328,234
396,172,333,235
400,169,338,236
402,170,340,236
404,170,343,235
406,170,345,234
408,170,347,233
410,171,349,232
412,171,351,232
415,171,353,231
411,177,361,227
407,178,369,226
403,180,377,226
399,181,385,225
396,181,387,225
393,181,389,225
390,182,391,225
387,182,392,226
380,181,395,224
373,181,401,222
368,181,406,216
367,181,408,213
366,181,410,209
364,182,412,206
363,182,413,203
362,182,415,200
356,186,428,197
357,195,433,192
359,198,436,189
361,201,440,187
363,204,443,185
365,207,447,182
367,210,451,180
369,213,454,178
371,216,458,176
373,219,462,173
373,219,469,166
384,227,471,161
393,229,469,161
399,236,475,156
406,239,477,158
405,241,475,156
397,246,494,157
399,251,495,154
397,255,498,151
389,257,495,149
388,256,501,147
383,255,509,151
383,260,498,133
365,260,509,132
371,262,505,128
377,260,507,124
392,263,500,119
393,261,500,123
399,266,496,124
414,263,489,129
424,261,488,129
431,259,492,141
438,259,479,138
437,260,482,135
446,256,467,142
443,255,455,141
441,255,443,139
438,255,431,137
436,255,420,135
433,254,420,136
431,253,408,135
429,253,396,132
421,256,385,125
420,253,379,126
419,251,373,128
418,248,367,129
417,246,361,131
420,243,351,131
424,241,341,131
428,238,331,131
432,236,321,131
435,234,314,132
442,227,305,136
445,223,296,138
447,221,288,137
456,219,279,136
459,216,267,133
459,217,269,133
465,217,256,132
473,217,248,134
478,216,241,132
487,221,232,128
494,221,223,132
494,221,223,130
498,219,220,133
505,219,210,132
512,219,200,130
519,218,191,131
528,217,180,130
531,216,181,130
534,215,182,129
538,214,184,129
548,209,174,127
553,208,168,127
558,208,163,128
557,209,165,125
563,206,166,125
570,207,162,123
574,211,160,123
579,214,157,123
583,218,153,119
583,215,154,122
591,221,149,121
594,223,146,123
597,228,145,120
600,234,146,115
601,239,138,115
604,240,137,115
604,244,137,115
604,248,135,115
605,252,134,115
606,254,134,114
609,257,131,117
608,259,132,114
608,263,125,115
609,265,125,116
608,269,125,116
606,272,126,115
603,275,121,117
603,275,124,116
601,278,124,115
597,280,126,114
599,281,115,114
596,283,113,113
593,285,111,112
592,285,110,111
593,288,107,111
592,288,107,111
587,289,106,112
587,289,105,113
586,291,105,114
585,291,106,114
585,293,104,115
586,295,101,116
586,298,97,116
587,300,93,117
589,303,88,118
588,303,89,118
591,305,84,120
591,307,82,120
592,310,78,120
587,311,84,121
590,315,75,116
590,315,75,116
588,320,78,120
587,326,82,117
588,331,85,108
587,338,90,97
586,340,91,94
586,341,92,93
588,342,93,92
586,346,99,90
589,345,93,92
590,345,94,93
592,347,92,93
591,347,92,94
592,346,92,96
592,346,93,98
593,346,94,100
592,347,95,101
592,349,94,101
593,350,97,102
592,349,95,105
597,351,89,107
597,351,90,105
596,350,92,106
595,349,90,107
596,348,89,108
597,347,90,108
594,346,91,108
595,343,92,110
596,344,95,106
595,335,92,111
595,336,93,108
594,332,92,110
593,330,94,108
591,326,96,110
591,323,94,110
591,320,93,109
592,320,95,110
