471,237,157,160
468,231,159,162
468,228,159,160
469,223,159,160
470,220,160,160
471,221,160,159
471,218,162,160
474,217,164,157
475,215,165,158
478,215,166,157
482,214,166,160
484,215,167,155
488,215,167,156
490,215,169,156
495,215,169,155
497,215,169,154
498,215,174,155
499,214,174,157
500,214,178,156
499,214,182,152
500,213,183,160
502,207,196,160
501,208,197,162
501,207,196,163
504,204,191,166
505,206,189,168
503,207,198,168
506,208,196,161
512,206,190,161
513,205,189,161
499,206,207,166
498,203,208,169
493,202,213,170
498,200,204,171
495,203,211,169
497,203,208,170
493,206,207,171
488,209,215,163
487,210,216,170
477,205,222,173
480,214,226,166
478,210,222,171
474,215,230,167
478,220,226,160
476,223,232,158
476,224,230,157
473,222,233,161
472,220,235,163
471,225,238,159
466,229,243,162
466,232,247,157
469,231,240,154
470,235,238,154
471,232,237,157
471,235,235,150
467,236,241,149
464,234,240,149
457,235,240,147
454,240,239,141
457,240,235,140
444,242,243,142
444,241,238,138
440,244,237,137
437,244,236,134
437,245,235,134
437,244,235,135
434,245,241,132
434,244,241,128
437,248,239,123
437,244,250,121
435,243,256,123
433,244,254,114
437,241,258,113
441,240,260,108
440,236,263,108
439,226,274,111
436,229,285,100
435,229,286,100
432,221,296,104
423,214,308,104
427,208,306,108
426,208,309,100
424,205,312,101
424,204,313,101
426,202,315,103
426,203,322,103
426,202,322,105
422,210,328,100
421,212,329,100
420,211,327,100
413,212,336,103
409,214,327,98
404,224,327,89
395,223,330,97
389,220,331,100
394,221,326,100
388,223,328,95
386,220,330,97
378,217,331,97
376,215,332,104
372,209,340,109
379,210,329,109
380,215,328,99
381,211,330,100
387,209,322,100
389,205,320,102
397,208,310,98
396,206,309,100
402,208,306,99
407,208,300,99
404,209,303,109
402,214,298,108
406,221,287,107
406,224,280,105
405,233,274,104
404,241,269,103
403,250,263,102
402,259,257,102
400,267,257,104
401,269,257,103
402,271,257,109
408,281,253,97
412,284,242,107
419,290,234,108
428,294,227,109
429,293,222,112
434,295,226,113
441,300,219,109
443,303,213,108
450,303,204,110
458,303,196,110
458,302,193,109
458,301,191,109
458,301,189,108
460,301,184,108
463,302,177,102
465,299,168,107
465,298,170,109
467,294,161,108
468,289,154,107
466,282,153,110
469,278,154,107
467,273,159,107
466,276,154,103
465,272,152,108
463,270,151,109
462,272,148,110
461,273,145,110
461,274,143,110
460,275,141,110
460,277,139,110
457,280,139,102
456,281,137,102
455,282,135,103
454,283,133,104
452,283,131,103
450,283,129,102
449,283,128,102
446,286,124,100
442,285,125,102
442,287,126,101
442,287,122,99
440,286,121,97
439,287,120,96
437,286,119,96
437,284,118,99
436,282,117,100
437,282,117,100
439,280,114,103
441,280,112,103
442,278,113,107
445,279,108,105
448,280,105,106
449,279,104,106
452,281,102,106
453,284,101,105
456,287,100,106
457,291,98,104
459,294,96,105
459,294,96,106
460,295,94,107
458,298,93,107
457,301,92,108
456,304,91,109
455,306,89,108
455,308,86,108
455,310,83,108
455,312,81,108
452,313,81,107
449,315,81,107
447,317,82,107
447,316,79,108
447,319,80,107
446,324,83,108
446,329,87,106
446,334,87,101
447,341,88,94
447,340,88,95
447,343,90,92
450,345,91,87
453,346,91,93
455,346,92,93
459,345,91,86
458,345,92,86
461,344,90,86
464,343,90,88
467,342,89,90
470,341,86,92
471,342,85,91
471,342,84,91
468,344,91,93
468,343,87,96
468,346,86,96
467,348,86,97
466,351,85,98
465,352,86,96
464,353,87,99
465,356,87,99
464,360,88,98
465,362,89,96
467,365,91,93
468,363,87,95
471,364,89,95
473,366,91,98
