595,213,205,355
593,217,204,350
592,226,204,341
591,236,204,332
590,245,203,323
588,255,203,313
588,255,204,311
588,255,205,309
587,255,206,307
587,253,207,308
587,251,208,308
589,243,205,310
591,236,202,312
593,229,200,314
592,219,200,320
591,211,205,321
593,203,205,321
588,195,216,323
589,190,215,324
591,185,214,324
593,180,214,325
598,178,206,313
600,176,210,313
600,176,213,309
600,173,217,315
599,175,217,313
599,177,214,313
599,181,215,308
602,183,217,304
603,191,221,296
602,198,223,283
602,197,224,283
603,196,225,283
603,195,226,283
604,192,227,285
605,189,229,286
605,187,229,284
605,185,229,282
606,178,230,284
606,171,230,287
607,164,231,290
607,158,232,294
607,152,233,298
607,146,235,302
607,140,236,306
607,134,238,311
607,128,239,315
607,122,240,319
608,116,242,323
608,110,243,328
605,105,244,328
603,103,245,333
601,101,246,338
599,99,247,344
597,97,248,349
595,98,251,351
593,100,253,353
592,101,256,355
590,103,258,357
588,105,261,359
591,105,258,363
590,103,260,365
590,102,262,368
589,101,264,370
589,99,266,373
588,98,268,375
588,95,269,378
587,91,270,380
587,88,271,383
586,85,272,385
586,82,274,388
586,77,276,389
586,73,279,391
587,69,282,393
587,64,285,395
588,62,288,397
589,59,291,399
591,56,294,401
592,53,297,403
593,50,300,405
591,49,301,403
592,48,302,404
593,48,304,405
594,48,305,406
595,48,307,408
596,48,309,409
598,50,310,408
601,53,312,408
603,55,313,407
605,57,315,406
608,60,317,406
611,64,317,404
615,68,318,402
619,73,318,401
623,77,319,399
627,82,319,398
631,86,320,396
635,91,320,395
639,95,321,393
643,99,321,391
646,103,317,385
649,105,318,382
652,107,320,380
656,109,321,377
659,111,323,375
663,113,325,372
666,115,326,370
670,117,328,367
675,119,322,365
677,122,326,358
680,126,330,352
685,130,333,355
690,134,336,352
695,139,339,349
700,143,342,346
700,145,344,346
701,153,345,340
701,161,347,335
701,168,349,329
696,180,346,326
690,190,357,324
689,192,362,321
680,209,368,317
676,225,372,308
671,240,376,299
669,253,378,291
667,265,380,283
664,278,382,275
662,290,384,267
660,303,386,259
658,315,388,251
656,320,391,248
651,327,396,241
650,325,397,241
649,323,399,239
645,321,402,233
642,319,406,228
639,317,410,222
630,318,420,217
627,318,423,213
624,319,426,210
630,315,424,214
622,311,436,228
613,307,449,242
605,303,461,256
600,299,470,260
584,280,484,304
568,260,498,348
552,251,525,379
536,242,551,411
525,251,553,359
527,249,552,365
512,255,550,311
503,258,541,328
483,266,538,320
468,271,522,329
460,277,510,327
456,279,515,321
441,281,514,320
416,284,514,320
392,287,515,320
363,279,511,324
341,270,503,329
341,269,503,334
322,265,494,328
306,262,482,332
301,254,463,341
293,249,457,341
286,246,449,344
287,247,445,343
289,249,441,342
289,246,433,355
680,264,218,265
657,254,229,265
634,244,240,265
631,239,243,269
613,230,250,268
595,221,257,267
597,211,252,268
588,204,261,267
576,194,264,267
571,192,266,268
565,182,268,268
561,179,269,260
556,173,272,259
552,167,275,259
548,161,278,259
544,155,284,264
547,152,274,262
545,149,274,262
543,147,275,262
546,147,272,257
542,148,280,256
542,148,277,253
542,149,281,252
543,151,285,252
544,153,289,252
545,155,293,252
547,157,291,248
547,158,291,248
551,159,293,245
552,161,289,242
554,162,290,240
554,163,289,239
552,162,285,236
554,163,282,237
554,165,284,231
554,167,286,226
556,167,283,222
558,166,280,219
558,165,282,216
558,166,281,215
564,169,275,206
570,168,272,203
576,169,270,204
582,170,263,200
590,169,259,195
587,169,263,195
595,170,257,188
599,167,258,182
600,167,260,176
601,167,262,171
603,167,265,166
607,168,257,162
608,163,262,161
615,164,259,154
622,165,256,148
629,166,254,142
637,167,251,135
637,166,248,135
651,170,244,134
648,179,250,131
646,188,257,128
645,199,255,124
645,211,254,121
642,216,256,117
639,234,253,112
636,252,249,108
634,269,244,107
632,285,239,106
630,302,234,105
631,307,232,104
629,320,230,103
632,337,223,108
637,349,216,110
641,360,208,111
646,372,201,112
647,374,197,115
651,388,186,119
648,401,184,121
651,419,178,117
648,430,168,114
646,441,158,113
646,440,154,114
648,450,137,109
644,457,135,99
632,461,127,92
630,463,123,87
628,466,119,83
629,467,119,83
626,467,111,83
628,464,103,88
623,462,99,89
618,460,96,91
614,460,93,92
613,460,94,92
607,465,88,89
600,471,85,87
594,477,82,85
587,482,79,83
581,488,76,81
583,488,74,81
577,493,76,82
574,499,72,78
572,505,68,75
569,512,65,72
567,518,61,68
566,522,59,67
564,525,57,65
563,529,56,63
562,532,54,62
561,536,52,60
560,540,51,59
560,540,51,59
561,543,49,58
561,546,47,57
562,548,46,56
561,547,45,55
561,547,43,53
561,547,43,52
561,546,41,52
561,545,41,50
561,544,40,50
560,543,40,47
560,542,39,46
560,542,39,46
560,541,38,45
559,540,37,45
558,539,37,45
558,537,36,44
558,536,35,43
559,536,33,43
523,167,379,404
526,153,363,423
525,142,361,441
524,130,357,439
521,118,356,435
526,122,354,433
520,121,345,432
521,124,353,436
525,126,346,443
525,136,342,450
529,150,340,455
529,147,333,453
532,161,335,451
534,167,338,449
532,169,337,452
531,169,356,447
