681,184,164,118
681,186,169,111
680,186,170,108
679,187,175,108
679,189,174,106
678,188,174,106
678,188,177,106
680,188,178,104
682,189,177,102
684,191,177,99
685,191,181,102
684,192,179,97
687,193,183,97
691,195,185,94
697,194,185,95
701,194,188,95
708,192,190,97
708,194,192,96
720,192,191,97
731,189,193,100
741,191,196,98
753,191,193,94
761,193,195,92
763,192,193,93
770,195,197,91
774,197,201,92
775,201,200,89
768,206,210,88
769,210,203,89
768,209,204,90
769,216,202,93
767,225,206,85
764,232,205,82
760,239,204,81
756,245,205,77
756,246,203,78
753,251,205,75
748,257,205,74
742,263,204,73
733,268,208,71
727,271,210,73
725,271,210,71
721,277,209,69
716,281,208,67
715,283,202,67
712,287,203,63
714,287,205,58
714,288,205,58
715,289,206,59
722,292,206,64
725,294,211,60
736,297,201,59
742,297,201,56
742,297,203,57
749,296,206,54
758,296,202,53
764,295,204,54
770,294,204,51
777,291,202,50
776,291,203,52
781,288,203,52
783,289,195,48
783,289,198,48
781,286,195,48
777,287,195,49
777,287,192,49
772,287,193,49
766,286,189,49
756,290,191,48
747,293,190,50
735,296,196,52
737,297,190,51
727,301,191,52
717,308,181,50
707,311,182,49
700,314,177,50
692,316,178,49
691,315,178,49
683,315,175,53
681,318,174,52
676,319,177,52
678,320,173,50
678,321,173,50
678,321,172,50
677,320,172,48
676,319,171,48
674,319,172,50
668,320,172,56
667,323,168,53
668,323,167,54
661,331,169,52
653,334,169,54
645,337,169,56
638,339,168,57
634,341,166,58
637,341,162,58
631,344,163,56
625,347,163,62
622,348,161,62
618,350,159,62
615,352,157,63
615,351,154,63
614,351,152,63
614,351,149,63
612,349,147,63
611,347,144,63
611,346,142,63
612,345,140,64
612,345,137,65
613,344,135,65
613,343,134,66
613,342,134,66
613,340,133,67
615,341,132,67
616,342,132,67
618,342,131,67
619,342,130,68
619,343,130,68
619,344,129,68
618,346,129,68
618,347,128,68
618,349,128,69
619,354,125,70
621,358,118,66
620,362,115,67
626,361,112,68
627,367,109,69
628,373,106,70
629,378,103,71
630,384,100,72
631,390,97,73
635,392,92,72
635,399,89,70
631,407,89,67
634,414,88,70
636,422,80,67
635,430,84,66
634,431,85,66
639,438,77,65
640,447,70,63
640,453,70,62
639,458,68,59
638,462,63,57
638,462,63,57
636,462,62,58
635,462,61,60
633,462,61,63
632,462,60,62
630,462,59,61
629,462,59,60
628,463,58,59
626,459,56,59
625,456,56,59
623,453,56,62
619,448,57,64
619,449,58,63
617,446,59,65
613,442,60,67
611,441,61,69
609,440,59,65
607,439,61,65
608,439,59,63
606,438,59,62
604,437,59,64
603,436,59,63
601,435,58,64
599,435,58,64
599,435,57,65
600,435,57,65
599,436,56,65
598,438,57,65
599,441,54,63
