427,0,363,430
426,19,352,419
422,41,349,427
415,63,348,438
411,79,346,442
414,79,345,439
407,93,344,445
399,107,345,447
398,116,341,452
394,124,346,457
389,132,355,465
394,133,345,459
395,143,345,451
395,153,345,446
388,163,347,449
383,172,351,444
378,179,349,446
379,180,349,446
372,183,350,455
364,185,354,459
358,184,356,465
355,187,351,468
349,187,351,469
347,190,353,468
343,189,351,470
337,193,353,468
332,197,355,474
327,200,356,478
317,205,360,481
317,206,360,483
313,210,356,492
309,219,354,478
312,230,344,469
310,240,347,480
314,248,342,456
314,246,344,469
312,252,343,452
306,258,344,447
298,265,344,455
283,270,344,450
254,275,364,444
255,272,369,447
237,276,373,443
225,292,380,427
209,283,410,436
205,282,411,437
199,273,431,446
205,267,421,450
190,267,432,451
187,250,473,470
200,240,487,468
216,237,511,452
235,220,528,447
234,213,536,451
264,205,537,432
278,197,567,416
306,193,601,428
322,198,640,438
335,203,673,439
342,202,677,444
357,210,692,453
351,227,734,449
365,233,752,456
383,240,756,449
385,238,770,456
388,237,784,464
