511,197,183,365
500,203,191,355
504,212,181,351
502,222,184,344
501,235,185,334
500,235,186,335
499,241,191,329
498,245,197,325
497,246,195,318
492,243,194,315
493,239,191,317
491,234,192,320
490,227,187,318
487,221,185,312
473,213,193,313
461,205,195,310
463,201,194,312
459,201,190,312
459,193,190,314
453,195,195,312
453,198,196,311
452,195,197,316
451,197,195,307
451,199,198,311
447,193,196,307
447,192,198,306
453,194,195,306
456,197,196,306
458,195,196,307
460,196,195,306
467,200,196,305
463,198,197,303
470,199,199,305
467,199,200,305
469,200,199,305
469,200,198,306
470,202,197,304
473,200,195,303
475,199,194,303
478,197,194,302
481,197,196,305
478,194,199,310
472,184,202,317
469,180,204,320
467,176,206,324
468,179,206,321
461,174,208,322
462,175,206,319
461,174,205,321
457,170,204,322
457,170,205,320
454,168,205,320
452,166,206,321
450,164,207,322
448,162,208,323
446,161,208,324
447,161,208,325
448,161,207,325
449,161,206,326
450,161,205,326
451,162,205,327
452,157,206,333
457,154,207,335
461,150,208,337
465,146,210,338
470,145,208,338
475,144,206,337
480,142,204,336
485,141,202,336
490,139,204,337
499,142,202,334
495,140,209,339
499,144,207,339
504,147,204,339
506,148,206,340
508,153,200,338
509,156,200,337
505,155,201,336
501,154,201,335
497,153,203,334
493,153,204,333
488,149,203,331
484,149,203,330
480,148,203,329
476,147,203,328
471,146,202,327
470,150,201,327
468,154,200,328
467,157,199,328
465,161,198,329
469,169,198,329
469,177,196,322
470,185,195,315
471,193,194,309
472,201,193,302
472,204,195,303
473,207,196,304
470,209,196,300
468,211,196,296
466,213,196,292
463,215,197,288
459,213,201,282
451,218,198,280
441,218,199,280
433,221,196,275
425,224,196,271
417,229,197,268
416,228,199,275
408,235,199,272
404,239,194,261
401,247,193,252
399,247,198,244
393,251,199,248
395,250,200,248
399,251,197,243
394,254,199,251
392,256,205,250
394,261,204,245
393,267,209,249
394,268,207,246
397,278,209,242
388,279,230,247
387,283,229,246
385,285,232,243
383,286,236,240
381,287,240,237
379,288,243,234
377,290,247,231
375,291,251,228
373,292,254,225
375,294,254,217
374,296,258,213
378,299,262,210
373,298,267,207
373,298,271,199
380,301,275,196
386,304,273,192
386,308,279,189
395,311,283,184
405,314,290,183
414,316,297,183
427,320,318,189
442,325,338,202
440,324,338,200
450,327,372,222
466,330,412,248
479,325,439,275
494,327,494,325
523,321,525,358
522,317,518,368
550,307,535,395
566,297,529,401
584,295,473,365
615,301,469,301
643,309,428,302
648,311,419,301
676,314,382,283
699,321,325,260
723,331,287,246
732,344,260,229
750,366,233,212
749,367,232,211
765,378,214,194
774,391,200,184
776,403,197,182
778,410,177,185
