554,217,16,32
554,218,16,32
554,219,16,31
554,220,16,31
554,221,16,30
554,222,16,29
554,223,16,29
554,224,16,28
554,224,16,28
554,225,16,27
555,226,16,27
555,227,16,27
556,228,16,27
557,229,16,26
557,230,16,26
558,231,16,26
558,234,16,23
559,233,16,26
559,235,16,25
560,234,16,26
559,234,16,26
559,234,17,26
559,235,17,26
559,235,18,27
559,236,18,27
558,236,19,27
558,237,18,27
558,237,18,28
558,238,18,28
558,238,18,28
558,239,17,29
558,240,18,27
557,240,18,28
556,240,18,28
556,240,18,28
555,240,19,28
555,240,19,29
554,240,19,29
554,241,19,29
553,241,19,29
553,242,19,29
552,242,19,29
552,242,19,30
551,243,19,30
551,243,19,30
550,242,19,30
549,242,20,30
548,242,20,31
548,241,20,31
547,241,21,31
548,239,19,32
547,239,20,32
546,239,20,33
545,239,21,33
544,239,21,33
543,239,21,33
542,239,22,34
541,239,22,34
540,239,23,34
539,239,23,35
537,237,25,36
537,238,24,36
536,237,24,36
535,237,23,37
535,238,25,37
534,237,24,38
533,236,24,38
533,236,25,39
532,235,25,40
530,235,26,40
528,236,28,40
526,232,27,42
525,231,27,43
525,230,28,43
523,228,29,44
521,226,29,45
519,225,30,46
517,223,30,47
515,222,31,47
513,222,32,47
511,222,34,48
509,218,33,52
506,215,34,53
502,212,35,56
498,210,37,58
498,211,36,57
494,208,38,59
491,205,39,62
487,203,41,65
483,200,43,67
478,199,47,70
477,201,46,67
473,196,49,73
466,194,51,77
461,195,54,78
454,194,57,81
448,192,60,85
449,191,59,86
444,191,62,86
438,189,65,90
435,185,70,97
428,184,74,99
425,183,77,103
426,182,77,104
422,181,81,108
418,179,84,111
415,177,90,116
413,174,93,122
408,168,99,130
409,167,99,131
406,165,105,137
398,158,110,143
393,154,116,149
389,150,123,155
383,147,129,161
384,146,129,162
380,143,136,169
378,141,140,174
379,139,144,181
379,139,151,189
380,141,156,189
378,139,155,189
376,139,163,197
376,137,168,202
378,141,173,205
377,141,182,210
378,141,187,214
378,141,187,214
377,141,197,219
377,140,205,226
376,144,214,234
370,141,225,237
370,143,233,238
368,141,231,241
365,142,243,247
363,143,252,255
359,148,256,258
352,151,269,265
345,155,277,270
332,157,288,275
312,163,313,285
302,174,326,289
293,178,346,300
283,183,353,306
275,190,377,320
271,190,381,324
254,198,409,335
240,208,419,337
241,208,434,348
236,210,446,350
228,219,463,363
224,218,474,367
208,224,491,368
193,231,509,369
178,237,526,371
163,244,544,372
165,247,547,369
166,251,550,366
168,255,553,362
169,258,557,359
174,266,564,360
179,266,563,355
194,279,567,343
198,278,570,338
202,277,574,334
219,279,566,325
237,281,558,317
227,277,585,318
231,275,565,308
238,274,556,305
235,267,552,303
220,261,564,313
194,245,577,330
174,234,597,349
158,199,615,396
153,199,619,405
136,173,650,444
119,147,681,483
100,132,728,538
73,117,758,507
67,113,789,476
57,114,806,471
47,115,847,478
45,110,860,476
55,119,862,445
64,141,868,419
57,151,875,416
69,157,862,407
81,164,849,416
93,171,836,426
106,195,840,412
141,211,831,409
154,215,838,418
167,220,846,428
181,239,862,425
224,248,831,408
231,244,831,411
249,237,828,414
266,237,809,405
272,238,803,399
278,239,797,394
281,236,794,396
277,227,784,393
273,218,774,391
270,209,764,388
265,203,757,386
261,196,750,383
257,189,743,381
260,181,728,379
263,173,712,378
267,166,697,377
265,166,704,373
276,161,692,377
546,217,150,131
555,215,151,132
555,216,156,128
556,218,161,125
558,217,159,122
561,217,159,123
565,218,160,124
567,219,162,125
568,219,165,126
570,220,168,127
572,221,171,128
572,221,173,126
572,222,175,123
573,223,179,124
573,224,183,125
575,225,183,124
577,227,183,123
579,229,183,122
578,226,188,122
577,224,194,122
578,225,196,122
579,223,200,121
579,222,202,121
578,220,205,121
578,219,207,120
577,217,209,120
577,216,212,120
574,215,215,120
571,215,218,120
568,214,221,120
565,214,224,121
558,212,235,121
553,213,239,121
549,214,244,121
548,214,244,120
542,212,256,115
537,213,264,114
533,213,271,115
527,209,279,117
520,206,289,117
517,208,291,118
503,204,302,117
503,203,301,111
493,198,307,109
482,197,318,110
472,196,325,109
469,199,328,107
467,203,332,105
464,207,335,103
462,211,339,101
452,220,365,105
452,229,381,103
449,228,377,103
447,235,386,101
446,240,394,99
451,248,410,97
457,252,414,97
459,255,420,98
459,255,415,96
459,256,417,99
467,251,412,106
466,251,411,105
466,252,410,105
466,253,409,104
466,254,409,104
469,261,404,102
472,267,400,101
475,274,396,99
477,279,388,96
480,283,380,93
482,288,372,90
484,292,364,87
487,297,356,84
488,303,348,78
489,308,336,76
488,312,322,72
489,312,320,71
486,316,307,70
477,321,301,70
467,326,294,68
453,325,290,74
447,332,275,78
449,330,271,80
440,335,268,82
437,340,261,79
435,343,257,81
433,345,253,81
435,344,245,81
434,345,247,80
437,342,244,83
439,337,242,78
442,329,237,80
445,321,234,79
447,315,228,80
446,314,227,79
445,310,226,79
441,308,222,80
439,307,217,75
435,311,215,72
435,310,209,74
436,309,204,77
434,315,206,76
436,323,204,78
445,333,198,79
456,343,194,79
467,349,191,81
464,349,195,80
477,354,190,79
489,355,188,82
501,352,180,85
509,351,183,87
520,347,175,90
520,347,176,91
530,345,171,93
539,345,169,94
548,347,162,96
555,351,159,96
561,356,153,96
562,355,153,96
566,360,150,95
570,364,148,98
574,365,143,99
576,371,141,96
580,375,137,94
581,375,136,95
582,380,133,93
585,384,130,91
587,388,126,90
591,393,121,87
595,397,116,87
592,399,119,87
597,403,112,86
600,409,109,83
604,411,105,83
609,413,103,83
611,414,104,83
611,413,105,83
617,414,102,82
622,418,99,79
627,420,98,77
629,424,100,74
635,423,92,73
635,423,92,74
640,425,88,72
646,427,89,71
651,427,87,71
655,427,84,70
657,426,84,72
658,426,83,73
661,427,83,72
669,431,78,68
672,431,75,69
676,431,73,69
680,430,71,68
680,431,70,68
683,431,68,68
686,432,66,67
687,432,65,67
691,434,64,66
693,436,64,66
692,437,64,66
697,438,60,64
700,442,58,63
704,446,57,63
707,450,56,63
711,454,55,63
714,458,54,62
718,462,53,62
721,466,52,62
725,470,48,60
725,472,52,59
730,473,46,61
729,473,46,61
733,476,44,61
732,478,46,62
735,480,43,62
737,483,42,62
739,486,41,61
738,486,42,62
740,489,40,59
741,492,40,59
742,495,38,56
744,499,37,48
745,501,36,46
745,501,37,46
745,503,39,47
514,168,351,481
515,148,351,502
520,141,344,487
526,130,343,481
529,128,344,481
534,127,354,479
543,133,349,498
547,144,357,495
554,149,358,490
553,149,362,491
554,152,365,481
557,140,365,492
566,128,356,492
573,112,360,494
577,91,360,495
573,73,366,495
575,68,365,499
571,52,374,501
568,38,380,508
562,25,376,520
556,30,390,529
548,36,391,526
549,35,388,525
543,50,387,520
538,69,385,523
533,92,379,520
522,116,391,529
512,138,391,534
516,139,386,534
507,146,387,539
494,152,402,529
489,147,399,531
478,142,402,526
466,133,413,521
472,135,404,519
464,121,407,522
454,113,410,518
444,105,411,524
430,102,417,528
411,99,430,544
408,100,444,544
396,101,440,536
382,104,441,550
366,105,456,559
363,122,457,559
370,136,442,556
366,131,447,563
360,147,460,554
363,154,457,557
372,159,432,554
378,161,426,558
395,161,387,559
401,157,381,563
420,155,324,561
435,151,309,569
435,148,316,572
445,141,314,578
