398,5,410,713
406,8,384,711
418,6,365,714
415,7,365,713
428,11,344,709
421,35,331,684
430,56,323,663
436,77,318,642
447,82,319,635
441,101,321,618
453,125,303,593
463,152,313,567
472,171,323,548
483,193,333,526
499,196,343,523
498,197,331,522
503,203,372,517
516,198,360,521
530,190,378,530
532,193,389,526
540,189,404,530
539,188,413,531
541,187,432,532
542,188,452,531
548,192,472,527
554,196,491,523
557,204,511,515
562,207,531,512
553,204,542,515
550,191,566,528
529,175,590,544
516,143,613,576
477,106,664,613
479,107,662,612
439,79,713,640
384,49,796,670
325,14,861,705
262,0,942,720
194,0,1026,720
196,0,1040,720
124,0,1130,720
63,9,1201,701
34,38,1246,682
44,70,1236,650
58,125,1205,595
78,129,1187,591
118,172,1094,531
179,223,942,445
227,256,825,410
261,286,723,384
296,300,617,374
285,300,623,370
313,311,534,341
324,322,459,313
344,337,389,291
363,348,337,265
377,363,301,237
377,366,298,236
402,376,266,228
433,384,231,209
462,394,198,189
483,403,183,166
509,408,162,163
509,408,162,159
531,409,147,151
553,411,133,138
571,414,123,132
588,416,113,126
602,414,103,114
604,413,101,115
615,413,95,109
627,410,87,103
639,410,82,97
651,408,77,91
664,407,72,86
665,405,71,89
672,404,70,84
680,402,67,82
688,401,63,78
698,403,57,72
704,403,58,68
706,405,55,67
710,404,53,65
715,403,51,63
720,402,49,61
725,401,47,60
730,400,44,58
733,400,42,56
736,399,40,55
739,397,38,53
743,396,36,52
746,395,36,51
749,394,36,50
750,393,36,49
755,392,35,47
758,391,35,46
630,320,10,19
630,322,10,18
630,324,10,18
630,324,10,18
630,325,10,18
630,326,10,19
630,330,10,18
630,330,10,20
629,332,11,20
629,332,11,20
629,334,11,22
629,336,11,21
629,338,11,22
628,340,11,23
628,342,12,23
628,343,12,22
627,344,12,22
627,345,12,23
627,348,12,23
627,350,12,24
628,352,12,25
627,353,11,23
627,354,12,24
627,356,12,25
627,358,13,27
627,361,13,26
626,363,13,26
627,363,13,26
626,365,13,27
625,367,16,27
625,367,16,33
623,369,19,30
623,370,18,32
623,371,17,32
623,372,19,34
622,373,21,36
623,374,21,36
622,375,20,34
621,376,22,34
621,376,22,34
620,376,24,34
618,373,29,42
616,372,33,46
613,371,39,54
608,363,47,58
605,365,51,61
603,361,58,66
598,354,64,77
592,343,79,92
578,324,107,105
550,301,165,129
554,297,160,134
468,243,325,233
390,170,497,278
55,0,1196,458
0,0,1280,408
0,0,1280,408
0,1,1278,447
0,6,1280,448
0,0,1280,473
560,388,116,159
570,414,93,130
581,433,75,106
584,439,68,96
587,446,61,87
589,453,57,77
595,457,47,70
597,460,43,63
598,458,40,63
600,456,36,63
602,455,33,64
603,450,29,66
604,447,27,68
604,444,27,70
604,444,27,66
604,444,27,66
604,445,28,66
604,446,28,65
605,447,27,64
605,450,27,59
604,454,31,54
604,456,31,53
604,457,31,51
604,459,31,49
605,461,31,47
605,463,31,46
605,464,31,44
605,466,31,42
605,468,31,40
605,470,31,39
605,471,31,37
606,473,30,36
606,475,30,34
607,479,29,33
420,142,225,181
419,137,233,183
418,134,239,180
416,129,243,180
419,125,241,176
422,125,238,176
422,119,242,175
426,118,245,176
430,117,241,173
432,117,237,156
427,118,243,154
423,117,249,151
419,118,246,149
416,120,244,147
412,122,242,145
409,124,240,143
405,126,238,141
402,128,235,139
399,130,233,138
393,132,230,137
395,138,233,130
392,139,232,127
390,140,232,124
388,142,232,121
385,143,232,119
383,145,232,116
381,146,231,113
378,147,231,111
376,149,231,108
374,150,231,105
372,152,231,102
367,151,225,94
369,152,217,92
359,150,217,91
352,148,220,91
352,147,220,93
348,151,214,86
345,152,212,83
336,155,218,84
331,160,217,82
327,164,218,82
324,166,221,82
318,171,219,79
315,176,215,74
310,179,215,71
305,180,217,68
299,181,216,64
298,181,219,64
293,184,218,61
293,184,214,61
296,186,214,64
301,189,210,62
308,190,210,64
310,189,209,63
324,192,204,63
317,194,219,65
339,197,208,64
346,203,212,63
351,206,211,64
350,207,212,65
354,212,214,67
353,215,214,67
352,219,213,68
349,226,213,68
344,232,216,69
345,232,215,68
343,239,216,69
343,246,217,71
341,255,218,74
344,261,214,74
342,270,214,78
343,271,210,75
349,280,208,74
357,289,204,71
364,295,203,72
370,302,201,67
380,308,200,73
380,305,198,77
391,313,197,75
402,322,196,72
413,325,198,76
426,324,196,79
438,332,191,78
436,333,191,79
450,337,189,78
460,340,183,79
467,349,176,80
474,354,173,81
481,357,166,81
481,356,168,83
483,364,165,80
485,366,159,76
482,368,157,77
477,371,158,76
477,374,150,76
476,374,152,75
474,381,144,70
471,380,144,73
467,382,142,76
465,385,139,76
461,385,139,76
460,384,138,77
459,384,137,77
458,383,136,78
457,383,135,79
456,382,134,79
455,381,133,80
454,381,132,80
453,380,132,81
453,379,131,82
457,382,122,80
460,384,120,81
462,389,118,80
462,388,118,81
463,393,117,81
467,397,116,82
470,400,115,83
472,404,117,85
474,410,115,83
475,409,113,84
480,415,111,81
486,418,107,81
489,421,104,83
493,426,102,83
496,429,100,83
498,428,99,84
503,433,96,84
507,438,97,82
512,444,91,81
517,447,91,81
519,453,89,78
525,455,87,77
532,458,85,77
538,460,83,76
545,463,81,76
555,465,75,75
566,468,69,73
564,468,74,74
572,473,72,74
583,478,71,73
594,484,70,72
600,489,70,71
607,494,73,73
606,493,73,75
618,498,68,75
629,503,65,78
636,510,67,75
646,516,65,70
657,522,59,66
658,522,58,66
671,526,57,58
681,529,55,51
691,533,55,46
699,531,59,45
707,530,59,46
707,530,59,45
716,528,60,46
726,525,58,46
733,523,60,47
745,521,58,46
756,519,56,48
755,519,55,47
765,519,52,47
775,520,52,46
784,521,51,46
795,521,50,46
804,521,49,45
803,521,50,46
812,521,49,45
822,521,48,45
518,107,356,310
515,105,349,301
513,107,344,304
512,107,344,304
508,118,337,305
504,131,334,307
490,150,338,305
477,170,347,306
468,184,338,308
467,186,342,307
462,197,344,310
462,205,334,313
472,210,319,319
480,214,305,320
489,212,287,326
489,214,285,323
504,206,257,332
516,196,230,341
535,191,199,351
554,190,172,353
564,186,163,373
564,190,157,371
565,190,156,391
566,193,160,404
564,186,175,421
566,194,179,417
574,183,181,433
581,182,181,440
589,181,181,447
592,182,184,455
605,181,174,473
608,186,171,473
584,183,195,487
593,181,188,485
569,180,202,496
531,184,228,504
509,182,242,507
475,180,270,514
451,179,289,529
450,178,292,531
438,176,309,529
411,166,335,544
