404,132,626,587
411,119,614,601
412,119,611,601
419,106,601,613
415,111,604,609
409,112,595,608
398,113,590,607
383,112,584,608
386,106,582,613
364,117,585,603
353,134,578,585
338,144,566,576
330,157,555,554
322,180,557,540
325,182,542,538
319,196,560,524
328,206,554,514
340,200,533,512
346,203,548,517
356,196,544,524
353,199,553,520
355,186,550,532
357,173,547,545
359,160,545,558
361,147,542,571
363,135,539,584
360,131,541,588
358,128,542,591
356,125,544,594
350,123,548,595
345,122,553,597
332,113,561,600
328,111,570,609
335,98,552,618
326,82,552,627
329,63,551,657
322,50,545,670
316,29,553,691
317,27,546,693
311,11,549,709
298,2,553,717
301,0,550,720
300,2,545,718
305,12,541,708
307,8,533,712
297,36,532,684
301,53,511,667
304,75,498,645
297,107,486,613
280,129,474,590
281,126,468,593
265,144,464,575
247,166,490,553
