530,157,240,436
531,163,242,428
532,169,244,421
533,176,246,414
534,182,249,407
535,188,251,399
536,195,253,392
536,198,254,385
536,202,255,378
536,206,256,371
537,210,258,364
547,210,250,357
538,217,264,352
538,218,265,349
539,219,266,346
539,220,267,343
540,221,268,340
541,222,269,337
543,219,270,336
545,216,272,335
548,214,274,335
548,209,274,337
549,205,275,340
549,201,276,342
550,196,276,345
550,192,277,347
551,188,278,350
551,184,276,352
551,180,275,353
551,177,273,355
551,173,272,356
551,169,270,358
551,166,269,360
551,165,269,360
550,164,270,361
550,163,271,362
549,162,273,362
547,160,274,361
546,159,276,360
545,161,277,358
544,164,278,357
542,163,281,359
540,163,285,362
539,162,289,365
537,162,292,368
536,161,296,371
534,161,300,373
532,160,303,376
531,160,307,379
529,159,311,382
528,159,315,385
528,159,315,386
528,159,316,387
528,159,316,388
528,159,317,390
528,159,318,391
528,159,318,392
528,159,319,394
528,159,319,395
528,159,320,396
528,159,321,398
530,157,321,397
533,155,322,398
536,153,322,398
538,152,323,398
541,150,323,398
544,148,324,397
546,147,324,398
549,145,325,398
552,143,325,398
555,142,326,398
558,139,327,396
557,137,328,395
555,134,329,394
554,132,330,393
551,132,330,392
548,132,329,391
546,132,329,391
543,132,328,390
540,132,328,389
538,133,328,389
538,133,328,388
538,133,329,388
538,133,330,387
538,134,330,387
538,134,331,386
539,136,331,385
540,139,332,384
541,141,332,383
542,143,332,382
543,146,333,382
546,145,333,380
550,144,333,379
554,144,333,378
557,143,333,376
561,143,334,375
565,142,334,374
569,142,334,372
572,141,334,371
573,141,334,370
574,142,335,369
578,144,334,366
582,147,334,363
586,150,333,360
590,152,333,358
595,155,332,355
599,158,332,352
603,160,331,350
607,163,331,347
611,166,330,344
616,169,330,342
619,171,329,337
622,174,328,333
625,177,327,329
628,180,326,325
631,183,325,321
634,185,324,316
637,188,323,312
640,191,322,308
643,194,321,304
647,197,321,300
648,201,320,295
649,206,320,290
650,210,319,285
651,215,319,281
652,219,319,278
647,225,319,270
642,231,318,262
637,237,318,255
632,243,318,247
631,245,319,242
619,252,323,237
618,253,325,229
613,253,328,224
607,254,332,219
602,254,335,214
605,252,338,212
608,250,341,210
611,248,344,208
614,246,347,205
616,244,350,203
618,242,351,200
617,240,359,198
616,238,366,196
616,237,373,194
616,228,377,204
616,219,380,214
616,212,383,223
617,205,386,232
607,190,390,255
598,176,393,278
589,157,409,320
578,149,444,325
570,137,449,292
568,133,451,301
552,132,444,275
520,139,467,294
492,138,480,301
464,138,502,323
435,147,518,317
436,151,517,308
407,146,540,328
395,149,547,336
388,153,563,343
387,160,576,355
394,165,587,368
393,170,589,361
403,179,587,371
413,188,586,381
416,199,586,379
422,202,580,386
421,201,585,397
419,203,588,396
434,201,583,400
449,199,578,404
465,197,573,414
479,200,564,410
489,198,553,407
490,201,549,401
768,261,117,119
762,258,116,120
756,257,121,123
752,256,120,122
747,255,121,123
743,254,122,123
739,253,123,124
735,252,124,125
732,251,125,124
729,250,125,124
727,250,126,124
725,248,126,124
723,247,126,124
721,246,126,124
719,245,127,125
716,244,128,124
713,243,129,124
710,242,131,124
706,241,133,125
702,240,136,125
698,239,138,126
694,238,140,126
691,239,143,127
687,239,146,127
684,239,148,127
681,239,151,127
677,240,154,128
674,240,156,128
671,240,159,128
668,241,162,129
665,240,165,129
663,240,168,130
661,239,171,130
659,239,174,131
657,238,177,131
656,237,179,131
656,236,181,131
656,235,183,131
653,235,190,131
653,235,193,127
654,235,197,124
655,234,198,127
656,234,196,126
654,235,200,124
652,237,203,123
649,238,206,122
647,239,210,121
645,240,211,119
643,241,213,117
640,242,215,115
636,239,216,113
630,239,220,111
624,238,232,107
626,237,232,105
617,235,236,101
609,234,241,97
601,235,243,94
594,236,246,92
588,235,248,93
587,234,249,94
576,234,250,95
576,240,250,100
569,248,250,106
567,256,251,111
569,261,252,119
569,266,252,121
572,271,252,126
575,275,253,132
578,280,253,137
581,285,254,142
584,289,254,147
584,292,258,148
587,292,249,152
591,293,242,152
595,292,233,159
590,294,230,164
589,300,228,156
587,298,230,158
589,305,221,158
590,307,217,160
593,312,204,159
609,317,185,181
608,321,183,163
609,322,181,161
608,325,176,153
606,325,174,147
604,326,170,144
605,326,164,141
603,327,160,135
603,327,160,134
603,328,156,132
605,326,147,136
603,329,143,128
603,332,138,123
604,337,132,118
605,337,133,118
605,343,127,113
604,348,125,111
607,353,122,108
607,359,122,105
611,365,118,102
617,366,108,100
621,370,105,98
625,373,101,98
627,375,99,97
628,377,94,97
630,380,91,95
630,380,91,95
632,381,90,95
634,383,87,93
637,385,84,93
636,382,88,94
636,381,84,93
636,382,84,93
635,381,82,92
633,380,78,90
631,379,77,89
630,376,74,88
626,372,75,88
626,371,74,88
623,369,77,88
621,366,73,85
618,363,72,84
615,360,72,84
611,357,73,84
611,357,73,84
608,354,72,82
606,351,72,81
607,347,70,81
605,343,69,81
603,338,70,83
603,339,69,81
603,335,68,79
602,332,67,82
603,328,66,78
602,324,65,77
601,321,64,78
602,320,64,78
602,319,65,77
601,317,66,78
602,316,63,76
