791,160,136,83
789,160,138,81
787,161,142,81
786,163,146,81
785,164,150,81
783,166,154,81
782,167,158,81
781,168,162,81
779,167,166,82
778,167,170,84
777,167,174,86
776,167,178,88
775,167,182,90
774,167,186,90
772,166,190,91
771,166,193,91
770,166,197,91
769,166,200,92
768,166,204,92
769,166,203,92
771,166,202,92
770,166,207,88
769,167,210,84
771,168,212,85
771,169,216,87
771,170,217,89
772,174,218,87
773,177,218,90
772,183,221,90
771,189,224,90
770,195,228,90
771,194,227,90
769,202,226,87
767,207,230,88
764,214,230,82
761,217,232,84
756,220,234,83
756,219,234,83
752,221,237,81
747,220,240,81
743,219,243,81
739,218,246,81
735,218,249,81
735,217,254,79
729,217,250,78
725,216,252,76
721,216,250,76
716,215,250,74
710,216,252,72
711,217,253,71
705,219,254,73
706,221,253,71
702,225,254,69
699,230,257,68
697,234,256,70
698,235,256,67
699,240,251,67
698,244,248,69
698,247,249,69
697,251,242,70
692,255,245,68
695,257,238,65
692,259,238,62
691,259,225,62
690,259,223,59
691,257,219,56
691,252,213,55
691,253,212,54
697,247,200,57
704,244,193,56
702,239,197,60
713,237,186,59
717,235,180,61
716,235,180,60
725,240,173,56
731,240,169,59
740,245,163,55
746,249,159,54
756,255,152,55
756,256,152,54
760,263,153,54
770,268,146,58
778,277,140,55
786,285,136,53
789,293,136,51
790,293,134,52
790,301,136,52
793,308,135,51
795,315,131,45
797,319,128,44
800,324,125,44
801,325,121,44
802,325,118,45
802,327,115,45
802,329,111,44
801,330,108,44
801,331,104,45
801,333,101,45
801,334,97,45
800,335,94,46
802,336,91,49
803,339,90,50
802,343,88,51
805,346,86,51
805,349,85,52
806,353,83,52
806,359,81,52
808,359,79,54
809,362,78,54
809,366,76,55
811,370,74,55
810,378,72,54
810,384,71,54
810,390,69,54
816,393,64,56
811,395,65,53
812,404,64,53
815,414,62,53
814,416,59,56
813,424,57,54
812,432,56,52
813,432,56,52
809,440,55,49
807,448,54,50
806,454,54,49
804,459,53,49
802,468,52,48
803,471,51,47
801,476,51,46
799,481,50,46
796,487,49,45
792,494,49,44
790,498,48,43
789,504,47,43
785,504,46,42
783,505,46,41
780,507,45,40
776,512,48,39
776,511,44,39
773,513,43,38
768,515,42,37
764,517,41,36
763,517,40,33
755,515,42,32
752,514,41,32
750,515,39,31
746,512,38,31
743,511,36,30
735,510,40,30
728,509,48,31
727,510,40,30
727,508,38,29
727,506,36,29
726,504,34,28
726,502,33,28
726,500,31,27
725,498,29,27
725,496,27,27
725,494,25,26
724,492,27,31
724,490,22,25
723,488,22,25
721,485,22,25
719,483,22,25
718,481,22,25
716,478,22,25
715,476,22,25
713,474,22,25
711,472,22,25
710,469,22,25
708,467,22,25
706,465,22,25
704,463,22,25
