393,150,328,290
376,136,332,284
366,128,336,280
356,121,342,276
347,114,347,273
347,111,350,271
343,100,354,269
337,89,361,272
331,84,368,268
314,78,380,263
306,70,390,266
306,66,385,270
298,66,389,267
291,66,394,264
284,66,399,262
277,67,404,259
283,66,404,258
278,63,409,261
283,69,402,250
286,74,405,249
291,81,413,238
295,91,408,226
302,101,409,217
305,100,406,219
312,109,403,211
327,119,396,201
332,130,392,187
338,137,390,179
344,144,388,172
350,151,386,164
356,158,384,157
362,165,382,149
364,171,379,146
369,177,376,136
377,182,368,129
377,183,368,128
377,186,363,124
381,190,357,118
376,190,357,116
374,190,354,114
369,190,347,111
367,192,353,110
364,193,343,105
361,188,341,108
355,188,340,106
353,185,334,105
351,184,329,101
350,184,332,101
348,182,328,101
347,178,325,97
348,174,320,97
352,171,314,93
353,167,306,92
352,170,308,89
354,166,301,88
352,162,297,87
346,160,299,83
348,157,292,83
348,155,282,83
349,155,282,82
348,153,280,85
349,154,274,83
352,153,272,83
349,157,267,81
353,160,258,79
349,157,263,82
351,162,257,80
353,165,248,81
350,168,245,80
349,170,238,80
348,170,231,81
348,171,232,79
347,171,225,79
346,172,220,77
346,174,215,73
348,175,208,72
352,177,201,70
352,177,200,70
361,180,193,68
370,185,184,67
378,187,176,73
384,194,172,71
393,206,169,69
398,208,163,69
402,215,159,67
410,225,155,66
415,234,151,65
422,244,147,64
425,248,143,62
427,251,139,61
431,256,134,60
432,263,133,59
431,267,131,57
429,271,129,55
428,275,131,54
427,277,132,54
426,279,127,54
428,281,122,56
433,286,118,56
429,289,112,56
425,295,116,57
424,294,113,56
427,298,111,57
429,301,107,59
424,308,115,59
433,311,104,60
437,317,99,61
435,318,101,60
434,325,104,62
437,334,107,63
436,339,113,67
444,349,107,63
452,356,101,66
452,358,99,63
459,369,96,62
465,376,96,65
470,383,94,65
476,391,101,66
490,405,92,67
486,405,99,68
493,413,98,69
507,424,89,69
519,435,86,69
531,446,83,69
543,458,80,69
542,458,80,71
554,468,80,69
566,479,79,71
579,490,79,72
588,501,77,74
600,517,87,69
601,516,85,66
620,526,82,67
642,536,79,68
662,545,76,65
678,555,71,61
693,563,67,56
700,566,65,53
718,570,63,50
736,574,62,47
754,578,60,44
773,576,55,46
793,579,51,46
793,580,52,43
812,580,53,43
832,580,53,43
850,578,53,43
869,577,54,43
887,575,54,45
889,575,52,45
908,574,52,44
927,572,51,43
943,568,54,46
963,566,51,46
980,563,51,43
981,563,51,41
999,559,49,41
1016,555,50,40
1035,549,47,41
1052,544,45,42
1066,539,47,44
1065,539,46,42
1084,533,44,43
1099,527,45,45
1114,520,46,44
1130,514,48,41
1144,507,45,41
