464,43,416,529
467,41,412,525
469,40,407,522
478,30,389,526
488,22,363,564
493,16,342,561
502,11,312,567
519,15,275,563
522,12,272,568
535,21,248,564
540,25,237,569
536,34,239,567
532,43,240,565
528,52,242,563
528,56,244,561
528,65,232,558
525,73,231,561
509,90,246,562
505,110,252,550
507,126,245,558
511,124,243,557
501,148,252,571
491,171,262,548
503,195,258,524
500,213,264,506
497,229,269,490
494,227,274,493
491,232,285,487
516,230,264,489
523,218,267,502
507,206,291,513
511,191,291,524
513,184,290,535
516,168,290,551
510,142,300,551
510,114,302,559
526,88,289,569
542,63,275,579
538,65,286,570
535,48,295,570
532,35,305,571
525,31,331,589
518,37,358,587
511,42,385,585
504,45,404,590
497,47,429,602
490,71,465,587
483,93,492,599
476,114,518,591
469,134,545,583
465,139,555,573
