288,132,396,222
296,129,397,211
295,128,398,212
296,124,404,206
315,116,398,212
324,110,405,207
337,104,401,207
354,99,398,205
349,100,407,206
360,98,416,202
373,102,411,202
386,107,412,195
399,116,410,192
411,126,411,189
406,125,418,185
423,131,413,191
431,146,416,184
442,162,409,179
447,177,406,175
451,188,402,166
450,188,402,169
455,197,404,161
460,202,400,153
464,204,403,157
469,207,404,150
475,210,398,145
474,211,400,145
480,222,400,142
490,230,396,137
504,242,396,135
519,253,397,142
538,266,391,129
538,267,390,131
551,275,389,129
564,282,390,124
571,289,388,121
582,289,386,122
590,285,381,122
589,284,384,123
590,286,375,113
587,276,377,117
578,271,378,108
567,261,378,110
557,245,370,110
561,244,369,112
543,239,369,102
531,227,366,101
521,214,366,97
517,204,358,93
513,195,359,91
515,194,359,95
517,186,355,90
515,184,354,87
523,184,344,86
526,185,344,86
531,189,342,87
533,190,338,85
537,196,337,85
538,204,340,85
543,212,336,83
554,221,329,81
557,229,325,81
557,229,324,82
556,234,325,80
560,240,318,80
559,245,318,79
557,249,316,78
564,252,307,80
562,253,308,80
564,255,304,87
569,262,304,83
570,265,303,79
580,270,298,81
590,272,297,91
587,274,301,87
594,282,306,85
607,289,294,96
613,296,296,92
619,309,291,98
626,317,287,98
628,318,283,100
629,319,279,104
631,320,276,106
633,315,271,111
636,309,265,115
639,304,260,119
635,303,259,122
629,288,258,124
622,273,258,127
610,254,247,133
613,248,242,142
600,232,241,151
601,231,242,149
599,222,232,166
586,227,230,184
582,212,230,220
565,227,240,197
587,231,222,200
588,230,225,199
576,238,218,188
572,237,220,194
571,238,221,185
569,235,222,182
574,233,215,172
578,233,210,173
580,226,208,170
576,217,216,167
584,207,200,161
586,204,200,158
577,198,207,159
576,200,206,160
571,203,201,155
561,212,205,150
555,220,199,148
538,232,203,147
528,247,200,141
528,247,198,142
516,259,197,134
503,270,203,136
504,277,195,128
