241,0,842,606
327,0,636,541
348,0,586,524
388,19,476,469
407,56,435,397
440,83,348,348
469,103,295,316
490,116,245,288
497,121,234,284
511,143,197,250
520,155,187,231
523,165,178,219
526,174,164,204
529,185,150,187
529,190,151,182
535,195,133,173
538,201,126,164
541,207,118,156
544,213,110,147
548,223,99,136
551,225,94,133
555,229,82,125
557,237,79,115
557,242,74,108
557,245,71,103
557,249,68,99
557,253,65,95
557,256,63,91
557,259,60,87
557,262,58,83
558,266,56,78
558,268,52,75
559,270,49,72
560,273,46,69
560,275,45,66
560,278,44,62
560,281,43,59
561,283,42,57
562,284,40,56
563,286,39,54
564,288,37,51
566,290,34,48
566,291,33,46
567,292,32,44
567,292,32,44
568,293,29,43
570,294,30,42
570,295,28,41
571,297,27,39
573,297,27,38
573,297,27,38
577,298,22,35
578,300,20,33
579,300,21,34
580,301,21,31
581,302,20,30
582,302,19,30
583,302,19,30
584,303,18,28
585,303,18,28
587,304,17,28
587,305,17,26
587,305,18,27
588,305,18,26
589,306,17,25
591,306,17,25
592,307,17,24
594,307,16,24
593,307,16,23
595,308,17,22
598,307,15,23
598,306,16,23
600,307,16,22
602,307,16,22
601,307,16,22
604,308,15,23
250,148,108,158
250,148,108,160
250,149,111,164
249,151,112,165
248,150,112,164
248,150,113,165
248,150,116,167
247,146,119,170
250,141,120,171
254,134,121,173
254,137,120,170
254,126,120,174
253,119,127,176
253,114,127,181
248,111,134,180
245,113,137,181
243,114,140,182
241,115,142,183
238,116,145,184
236,117,148,185
234,119,151,187
228,115,152,190
224,114,154,190
220,113,155,190
216,112,158,190
211,111,160,190
207,110,162,191
203,110,164,191
198,109,166,191
194,108,168,191
191,112,170,192
188,113,173,193
186,115,177,194
184,117,181,194
182,119,185,195
180,121,189,196
182,122,193,198
185,123,197,199
187,125,201,201
189,126,205,202
192,128,209,203
195,134,212,205
200,134,219,207
207,138,230,210
212,141,234,214
217,143,239,218
216,147,243,220
216,150,248,221
213,153,253,220
210,156,259,220
207,160,276,227
201,162,281,225
195,164,287,224
189,167,295,227
183,169,302,228
176,171,308,228
170,173,315,228
160,175,321,227
156,176,324,227
139,176,341,229
123,177,357,231
86,178,373,240
45,183,394,234
29,190,402,232
26,190,403,233
23,190,404,234
0,190,408,238
2,196,415,249
0,206,428,247
6,209,442,264
0,211,443,256
3,221,455,266
3,217,457,281
3,212,478,310
3,208,482,332
3,196,497,364
0,196,504,366
3,190,500,418
4,179,510,442
1,175,519,386
4,182,528,358
0,191,562,344
0,191,567,352
0,200,602,345
42,209,620,357
105,223,604,334
169,233,583,315
229,237,557,315
229,237,556,312
272,238,535,305
302,258,526,288
325,264,515,287
334,270,504,287
344,277,493,287
347,277,489,287
348,282,478,280
350,281,466,281
528,248,157,174
532,245,155,169
531,238,159,173
531,238,158,172
533,234,162,172
536,228,165,169
538,223,168,173
541,220,168,176
539,217,173,174
540,218,172,174
539,215,173,178
535,211,183,181
534,210,181,178
528,207,184,182
521,205,184,186
520,206,184,186
513,203,191,185
500,201,198,184
488,199,205,184
476,197,212,184
464,196,219,184
461,194,223,183
450,194,227,182
438,194,231,180
426,194,235,179
413,193,239,177
399,192,243,176
393,194,247,175
382,192,252,173
374,192,256,172
365,192,260,170
356,190,261,171
347,185,269,171
349,186,265,171
343,184,270,170
341,184,276,165
338,180,272,168
336,180,275,163
336,176,287,160
332,177,293,163
334,177,294,159
339,169,296,163
347,168,292,158
350,168,287,153
353,174,293,146
355,175,286,148
361,179,284,142
367,183,283,136
373,187,281,131
377,186,274,130
378,189,280,125
377,192,280,123
379,194,274,116
382,200,270,108
382,199,265,113
384,201,268,114
382,212,267,110
382,212,263,111
383,216,259,104
381,221,271,108
380,226,263,104
378,230,260,101
373,234,259,99
373,232,264,101
369,235,267,96
363,237,265,91
357,240,263,87
352,243,261,82
346,246,259,78
350,248,256,74
347,248,258,75
350,255,257,71
353,262,256,67
359,268,254,64
364,275,254,60
364,276,253,59
373,285,254,53
388,290,252,54
402,295,249,54
417,300,247,55
432,305,245,56
434,307,242,55
451,309,239,55
467,318,237,56
479,324,232,56
490,330,225,55
501,337,218,53
502,337,215,53
508,342,210,53
511,346,205,54
515,350,200,55
515,353,193,54
515,357,187,54
516,360,181,54
516,364,175,53
516,367,169,53
513,371,162,53
513,375,157,51
513,380,153,50
513,384,148,49
512,389,144,48
516,394,137,47
519,400,131,46
522,406,124,45
525,411,117,45
529,412,114,44
535,415,106,43
540,419,104,43
545,423,101,43
550,428,98,43
555,432,96,43
555,430,95,45
557,435,95,48
562,439,92,47
566,444,89,47
569,448,84,47
572,453,79,47
575,453,78,46
578,457,77,45
580,462,76,44
583,464,72,48
585,468,62,47
585,474,57,48
583,474,57,47
582,474,57,46
580,474,57,45
577,474,57,45
573,473,56,44
571,473,54,44
571,473,53,45
570,473,52,47
567,475,51,46
565,478,51,46
563,481,50,46
561,484,50,46
560,484,50,46
558,488,48,46
558,490,47,46
557,493,46,46
558,496,44,47
559,503,43,45
560,503,41,45
561,507,41,44
562,510,41,43
563,514,42,43
566,517,41,42
569,519,40,42
568,520,39,42
569,522,41,41
573,524,40,41
577,526,38,42
580,527,38,40
582,528,38,40
582,528,39,41
586,529,37,40
590,530,36,40
594,531,35,39
599,531,35,39
603,531,35,39
603,531,36,39
609,533,36,39
614,532,35,39
615,532,38,38
623,532,36,39
630,531,33,39
631,532,32,38
637,531,31,39
643,531,31,39
475,203,216,516
476,203,205,516
476,200,197,515
479,201,196,515
475,210,196,509
475,209,196,510
478,223,190,496
483,217,186,500
483,216,191,501
481,221,190,498
476,221,208,498
473,210,217,505
470,193,221,523
468,170,219,547
471,144,213,572
474,143,208,574
471,121,209,597
468,106,211,613
