605,108,189,286
604,107,190,287
604,106,191,288
603,104,192,288
603,103,193,289
596,104,193,290
594,112,194,291
598,109,181,292
594,107,196,292
594,105,197,293
594,103,198,294
591,105,199,294
591,102,199,295
593,98,200,296
593,96,201,297
593,85,206,296
593,91,203,298
594,88,204,299
594,85,204,300
594,83,205,300
595,80,206,301
595,82,207,299
595,84,207,298
595,86,208,296
595,88,208,294
595,89,209,292
595,91,209,290
595,93,210,289
595,95,210,287
595,97,211,285
595,98,211,283
593,104,211,283
592,109,212,282
593,105,212,281
593,103,212,280
592,111,212,280
590,119,212,279
588,127,213,278
586,135,213,278
584,143,213,277
588,146,214,278
588,150,211,278
589,152,209,280
590,154,207,283
591,155,205,285
592,157,203,288
587,157,202,291
583,157,202,294
588,156,201,296
594,155,201,298
595,156,212,289
596,157,214,281
595,159,211,275
600,161,210,276
618,161,205,268
614,158,217,269
610,156,231,271
609,155,227,278
609,149,229,284
611,147,228,280
610,143,232,281
612,140,228,282
613,140,235,283
615,141,236,279
613,145,234,273
613,155,229,271
609,157,232,271
606,159,234,271
603,161,237,270
601,160,242,271
600,160,247,272
598,160,253,272
597,159,258,273
592,161,254,282
592,161,253,282
591,161,252,282
591,162,252,282
591,162,251,282
590,162,250,282
595,164,257,282
590,163,268,282
587,165,270,280
584,167,280,278
606,166,261,275
600,169,265,273
603,160,269,270
595,165,281,267
587,170,294,265
579,176,306,263
578,180,300,261
580,183,301,264
582,177,319,277
567,183,326,278
561,184,334,280
520,191,358,282
499,200,369,283
479,209,380,285
469,212,400,281
450,220,410,281
452,221,399,279
429,223,415,284
458,226,391,291
455,231,396,291
454,233,402,291
455,233,407,290
456,233,413,290
457,233,418,290
458,233,424,290
460,233,430,290
454,240,435,290
453,247,465,289
454,239,461,297
454,254,488,285
445,265,519,288
451,270,533,301
458,272,548,316
458,260,568,341
459,249,588,366
475,220,599,397
485,189,610,455
486,169,622,514
476,162,680,536
457,181,707,439
453,183,710,438
421,196,722,412
404,201,743,422
387,207,744,411
349,219,752,433
338,221,734,425
329,223,739,430
318,227,726,430
337,205,677,452
329,220,653,421
297,228,673,422
306,240,648,400
308,237,642,401
310,255,626,385
323,261,600,357
323,269,587,344
330,267,571,328
340,280,551,313
343,277,550,305
346,284,535,291
345,293,519,286
345,305,500,278
348,312,476,270
347,319,454,264
343,318,456,263
345,326,437,246
341,329,422,248
340,333,406,242
339,335,397,235
341,338,373,230
343,338,376,221
343,339,367,214
351,336,336,223
367,337,324,215
