871,170,150,158
868,170,153,158
865,170,156,158
862,170,157,158
859,170,158,158
855,170,160,158
850,170,163,158
846,170,165,158
841,170,167,158
837,170,169,158
821,170,179,156
818,169,174,158
807,171,180,161
809,170,179,160
801,172,182,160
792,174,185,161
779,175,187,160
769,177,189,160
760,179,201,159
759,177,204,163
753,181,205,158
747,183,208,158
742,185,211,159
737,187,214,159
732,189,217,160
727,191,221,160
720,194,225,161
712,197,228,161
704,199,231,162
697,205,225,157
690,210,228,156
688,211,228,154
680,215,228,152
673,218,228,151
665,222,228,149
657,225,228,148
649,229,228,146
646,229,228,145
644,229,229,144
641,229,229,138
639,230,230,133
641,228,228,130
643,227,226,128
646,225,225,125
646,221,223,123
646,217,222,120
647,212,220,118
647,208,218,115
648,204,217,113
642,206,221,109
635,201,234,106
638,202,232,100
642,202,231,95
636,202,239,89
645,203,232,88
649,199,223,92
654,204,227,87
658,204,225,87
663,204,222,86
667,205,220,86
672,205,217,86
669,211,216,80
668,209,219,83
675,216,216,82
667,223,221,83
662,233,217,78
659,241,220,74
655,243,222,71
649,250,225,72
647,259,212,69
648,265,205,71
647,268,212,72
647,271,213,75
641,273,214,78
641,276,216,82
642,279,217,85
643,282,219,88
644,285,220,92
645,287,221,95
641,288,223,98
647,293,224,102
652,295,218,107
657,299,217,108
661,301,217,108
665,304,214,109
668,303,213,110
671,305,211,112
673,303,212,116
680,312,209,113
685,312,213,110
690,316,209,111
691,316,209,110
698,321,216,112
709,330,210,107
727,343,203,111
752,356,187,112
773,369,176,93
771,368,186,94
791,376,172,84
806,379,176,80
820,379,169,85
834,383,160,76
842,385,166,78
842,385,167,78
852,385,163,79
862,386,158,79
869,385,152,82
874,385,147,84
876,384,143,85
877,384,141,85
876,383,141,87
874,379,140,88
871,377,138,88
865,373,134,90
859,370,130,89
859,369,128,89
849,365,125,91
838,362,127,91
830,359,120,90
821,358,119,87
