189,1,656,719
186,0,659,719
183,0,661,719
180,0,664,719
177,0,667,719
175,0,669,719
172,0,672,719
169,0,674,719
166,0,677,720
203,0,637,708
147,1,685,718
145,0,690,719
124,13,711,706
110,0,720,720
103,0,724,720
95,0,727,720
51,0,763,720
48,0,764,720
28,0,785,720
0,0,813,720
0,17,809,702
0,44,806,676
0,64,814,656
0,79,803,640
0,131,814,589
5,174,813,546
0,237,805,483
0,296,809,423
391,176,219,438
391,177,214,432
393,200,204,407
391,215,209,388
394,230,207,372
393,234,213,367
398,237,207,366
399,236,207,367
400,236,210,370
401,233,214,372
389,225,223,375
378,217,233,379
367,209,242,383
368,205,243,387
367,201,244,387
380,198,233,388
377,192,235,386
374,187,237,385
372,182,239,384
369,177,241,383
373,171,241,382
375,168,239,382
377,166,238,382
379,164,236,382
382,161,235,382
384,159,233,382
386,157,232,382
389,155,230,382
391,152,229,382
393,150,227,382
395,155,226,382
393,158,225,381
392,162,225,380
390,165,225,379
389,169,225,378
385,169,226,376
380,170,227,374
376,170,229,373
372,171,230,371
368,171,231,369
364,172,233,368
362,171,232,367
361,171,232,367
359,170,231,366
358,170,231,366
357,166,231,366
356,162,230,365
355,159,230,365
354,155,230,365
354,147,232,367
354,152,233,361
353,148,231,361
352,144,230,361
351,140,229,361
350,139,228,361
349,138,228,361
348,136,227,361
347,135,227,360
346,133,227,360
345,132,226,360
344,130,226,360
343,126,226,360
343,130,226,360
343,135,226,361
343,140,226,362
343,140,226,362
343,140,226,363
342,141,226,364
342,141,226,364
342,141,226,365
342,142,227,366
343,141,228,366
345,141,229,367
346,141,230,368
348,140,231,369
349,140,233,370
351,140,234,371
352,140,235,372
354,139,236,373
355,139,237,374
357,139,239,375
357,137,239,376
358,136,239,376
358,135,239,377
358,133,239,378
359,132,239,378
359,130,240,379
359,129,240,379
360,127,240,380
360,126,240,380
360,125,240,381
360,123,240,382
360,121,241,383
360,119,241,384
359,119,241,386
359,120,242,387
358,120,242,388
358,121,242,390
357,122,243,391
356,128,243,392
355,134,244,394
354,139,244,395
353,145,245,396
352,151,246,398
351,157,246,399
350,163,247,400
343,171,252,399
341,175,253,396
338,178,254,393
336,182,255,390
334,186,256,387
330,186,260,386
326,186,264,386
324,186,265,384
323,186,266,382
322,185,267,381
323,183,263,383
323,182,265,382
323,181,267,381
323,180,269,380
324,180,271,380
321,174,274,387
323,173,276,387
325,172,278,386
327,171,280,385
329,170,281,384
330,169,283,383
332,168,285,383
334,167,287,382
335,173,291,381
336,179,295,379
336,184,299,378
336,192,307,375
338,195,302,381
335,197,309,374
329,200,311,386
322,202,316,387
316,203,321,382
316,196,320,376
316,200,321,378
325,202,316,374
323,205,327,371
328,208,339,368
330,211,339,365
332,214,340,363
335,217,341,360
346,222,349,368
365,212,353,388
337,217,370,361
341,215,368,358
322,211,390,360
323,216,391,355
316,212,395,354
311,211,407,350
314,211,401,348
315,211,404,346
317,211,407,344
318,211,410,342
319,211,413,339
321,211,417,337
315,214,421,333
325,218,425,329
331,222,436,320
329,225,440,313
340,229,443,309
352,233,447,306
364,236,451,303
375,240,454,300
391,242,472,296
395,243,469,293
410,251,466,290
411,249,478,293
443,247,459,299
476,236,428,321
475,231,422,330
486,231,410,328
477,213,404,378
463,217,437,402
431,218,475,367
397,224,499,310
360,232,531,318
358,235,535,321
312,240,562,330
291,241,573,346
275,248,584,358
272,246,591,352
283,248,596,352
279,250,601,351
292,254,606,351
316,256,611,345
339,258,616,351
371,252,594,350
383,237,579,349
390,234,570,354
404,233,551,338
396,229,536,322
383,221,515,324
377,233,484,308
372,244,456,301
375,249,453,299
371,274,431,300
364,307,405,279
354,329,380,276
350,360,365,265
344,385,340,248
339,389,347,245
471,237,157,160
468,231,159,162
468,228,159,160
469,223,159,160
470,220,160,160
471,221,160,159
471,218,162,160
474,217,164,157
475,215,165,158
478,215,166,157
482,214,166,160
484,215,167,155
488,215,167,156
490,215,169,156
495,215,169,155
497,215,169,154
498,215,174,155
499,214,174,157
500,214,178,156
499,214,182,152
500,213,183,160
502,207,196,160
501,208,197,162
501,207,196,163
504,204,191,166
505,206,189,168
503,207,198,168
506,208,196,161
512,206,190,161
513,205,189,161
499,206,207,166
498,203,208,169
493,202,213,170
498,200,204,171
495,203,211,169
497,203,208,170
493,206,207,171
488,209,215,163
487,210,216,170
477,205,222,173
480,214,226,166
478,210,222,171
474,215,230,167
478,220,226,160
476,223,232,158
476,224,230,157
473,222,233,161
472,220,235,163
471,225,238,159
466,229,243,162
466,232,247,157
469,231,240,154
470,235,238,154
471,232,237,157
471,235,235,150
467,236,241,149
464,234,240,149
457,235,240,147
454,240,239,141
457,240,235,140
444,242,243,142
444,241,238,138
440,244,237,137
437,244,236,134
437,245,235,134
437,244,235,135
434,245,241,132
434,244,241,128
437,248,239,123
437,244,250,121
435,243,256,123
433,244,254,114
437,241,258,113
441,240,260,108
440,236,263,108
439,226,274,111
436,229,285,100
435,229,286,100
432,221,296,104
423,214,308,104
427,208,306,108
426,208,309,100
424,205,312,101
424,204,313,101
426,202,315,103
426,203,322,103
426,202,322,105
422,210,328,100
421,212,329,100
420,211,327,100
413,212,336,103
409,214,327,98
404,224,327,89
395,223,330,97
389,220,331,100
394,221,326,100
388,223,328,95
386,220,330,97
378,217,331,97
376,215,332,104
372,209,340,109
379,210,329,109
380,215,328,99
381,211,330,100
387,209,322,100
389,205,320,102
397,208,310,98
396,206,309,100
402,208,306,99
407,208,300,99
404,209,303,109
402,214,298,108
406,221,287,107
406,224,280,105
405,233,274,104
404,241,269,103
403,250,263,102
402,259,257,102
400,267,257,104
401,269,257,103
402,271,257,109
408,281,253,97
412,284,242,107
419,290,234,108
428,294,227,109
429,293,222,112
434,295,226,113
441,300,219,109
443,303,213,108
450,303,204,110
458,303,196,110
458,302,193,109
458,301,191,109
458,301,189,108
460,301,184,108
463,302,177,102
465,299,168,107
465,298,170,109
467,294,161,108
468,289,154,107
466,282,153,110
469,278,154,107
467,273,159,107
466,276,154,103
465,272,152,108
463,270,151,109
462,272,148,110
461,273,145,110
461,274,143,110
460,275,141,110
460,277,139,110
457,280,139,102
456,281,137,102
455,282,135,103
454,283,133,104
452,283,131,103
450,283,129,102
449,283,128,102
446,286,124,100
442,285,125,102
442,287,126,101
442,287,122,99
440,286,121,97
439,287,120,96
437,286,119,96
437,284,118,99
436,282,117,100
437,282,117,100
439,280,114,103
441,280,112,103
442,278,113,107
445,279,108,105
448,280,105,106
449,279,104,106
452,281,102,106
453,284,101,105
456,287,100,106
457,291,98,104
459,294,96,105
459,294,96,106
460,295,94,107
458,298,93,107
457,301,92,108
456,304,91,109
455,306,89,108
455,308,86,108
455,310,83,108
455,312,81,108
452,313,81,107
449,315,81,107
447,317,82,107
447,316,79,108
447,319,80,107
446,324,83,108
446,329,87,106
446,334,87,101
447,341,88,94
447,340,88,95
447,343,90,92
450,345,91,87
453,346,91,93
455,346,92,93
459,345,91,86
458,345,92,86
461,344,90,86
464,343,90,88
467,342,89,90
470,341,86,92
471,342,85,91
471,342,84,91
468,344,91,93
468,343,87,96
468,346,86,96
467,348,86,97
466,351,85,98
465,352,86,96
464,353,87,99
465,356,87,99
464,360,88,98
465,362,89,96
467,365,91,93
468,363,87,95
471,364,89,95
473,366,91,98
462,267,253,288
453,272,251,281
447,274,254,275
446,274,253,274
438,266,248,273
425,255,264,266
411,237,247,278
399,225,254,270
383,215,265,265
379,213,269,269
377,195,273,279
379,182,268,273
379,174,271,275
377,168,270,263
388,162,279,279
388,159,279,281
395,154,275,284
402,149,271,286
410,144,272,290
424,142,265,286
441,141,258,293
441,136,260,295
455,131,258,305
472,134,224,305
482,140,249,307
485,144,250,307
499,147,248,312
498,147,261,311
505,155,262,312
