337,272,248,271
328,267,250,285
328,265,248,289
328,264,246,293
328,262,243,296
328,260,241,300
328,261,242,313
328,262,243,325
328,263,241,327
328,263,239,329
326,266,241,325
324,268,244,321
322,271,246,317
320,274,249,313
317,278,255,311
315,282,266,316
310,283,273,318
308,287,282,320
306,292,293,325
314,283,307,350
301,300,322,342
305,306,339,352
303,306,338,357
296,301,363,365
286,294,392,385
268,280,441,417
258,273,475,439
240,251,497,460
226,248,519,471
198,222,541,496
171,197,564,522
146,175,594,542
98,153,602,566
48,101,654,618
44,86,658,633
0,37,672,682
0,4,700,715
0,1,740,716
6,1,795,717
0,1,867,718
0,0,860,720
0,1,929,718
0,44,960,675
0,136,975,583
11,224,960,495
195,279,769,440
262,280,706,439
358,279,598,440
448,282,459,377
489,286,369,313
530,286,279,253
507,257,263,241
506,255,260,244
503,228,231,218
489,213,211,206
476,205,195,194
474,203,180,178
477,204,158,161
479,211,151,152
482,219,134,142
484,226,118,135
485,241,104,125
485,257,96,122
487,276,86,114
486,276,86,115
488,293,79,106
493,308,68,101
494,325,63,92
496,337,58,88
497,350,60,82
498,350,58,84
504,364,56,81
505,372,54,78
507,381,51,72
510,389,48,69
513,396,44,68
515,396,44,67
518,401,42,64
521,405,40,61
524,410,38,59
527,414,35,56
525,418,37,49
526,418,36,50
527,419,35,52
