353,272,146,165
355,263,155,167
354,265,156,165
353,262,166,169
353,258,175,172
347,252,190,176
341,247,205,180
335,241,219,184
336,240,221,186
329,234,233,186
317,225,260,200
302,217,286,204
288,210,312,209
274,203,338,214
275,197,344,218
259,191,363,216
240,186,394,215
222,180,425,214
204,174,457,213
185,169,488,212
181,166,490,215
179,165,509,213
183,163,535,215
201,161,547,216
218,159,559,217
248,159,582,211
254,160,587,209
287,161,565,203
330,166,548,189
367,182,517,165
402,190,484,156
440,201,430,142
445,203,420,142
451,205,410,142
465,207,379,135
479,209,348,128
489,209,322,123
508,208,288,115
507,209,287,113
512,206,261,116
518,202,248,119
532,201,222,109
540,203,211,111
548,205,200,113
557,207,190,115
574,215,180,108
592,224,170,102
617,239,142,96
