280,118,732,312
246,124,752,308
247,143,737,298
245,143,729,297
202,153,760,288
192,159,766,287
180,169,771,279
180,176,770,287
184,183,770,286
189,190,770,284
194,197,771,283
200,214,775,269
217,223,774,268
235,232,774,268
253,242,773,268
260,242,770,267
281,248,768,262
302,254,766,257
323,259,763,252
348,260,757,242
373,253,748,239
371,254,749,240
398,246,731,224
418,238,719,217
427,228,718,200
423,218,711,189
429,202,704,193
426,210,715,178
431,204,688,181
435,205,672,173
434,204,666,161
430,198,652,153
426,192,638,146
427,191,640,142
427,178,626,143
427,165,612,145
426,157,598,141
426,148,584,137
430,141,563,143
424,142,567,141
423,147,559,126
417,146,546,127
405,155,538,124
395,168,529,118
392,183,509,123
388,183,512,125
386,196,497,129
383,209,474,124
373,222,471,120
369,229,461,117
365,230,451,117
363,232,450,112
360,235,439,109
364,238,427,106
369,241,416,104
371,244,410,101
373,247,404,98
375,250,398,96
377,253,392,93
379,254,383,91
381,256,374,90
378,259,367,91
375,261,363,91
373,263,360,90
371,265,353,89
369,267,345,88
367,269,338,87
365,271,331,86
368,273,325,86
369,272,324,87
373,275,321,90
377,280,318,90
385,280,315,91
392,280,312,92
400,281,309,93
407,281,306,94
426,282,301,93
444,283,296,92
463,284,292,90
489,277,292,88
513,271,288,94
510,273,292,89
528,263,301,94
557,252,293,99
581,248,285,100
592,239,292,103
617,232,278,101
619,233,277,99
623,235,278,96
633,232,272,96
644,229,267,96
647,228,262,97
650,228,258,99
652,227,253,100
655,227,249,102
652,231,247,104
649,236,245,107
646,240,243,109
646,241,241,109
645,243,239,109
643,250,235,109
640,258,232,109
646,268,222,113
649,278,224,111
652,289,215,112
654,292,209,110
657,295,204,112
660,298,199,114
662,301,194,117
665,304,189,119
668,307,185,116
669,309,183,113
676,309,180,114
683,310,176,115
690,311,173,116
697,312,169,117
704,313,166,118
711,314,163,119
718,315,159,120
725,316,156,121
735,320,154,123
747,323,138,123
755,328,134,121
754,328,136,119
765,335,131,116
772,341,132,116
778,349,122,108
782,356,122,101
786,363,114,94
787,362,112,96
792,365,107,98
783,367,107,92
779,369,116,88
773,370,117,84
766,372,115,82
765,372,117,79
758,371,115,79
744,369,120,80
734,368,120,80
721,375,112,78
698,383,107,80
694,386,109,76
674,389,107,76
655,392,106,76
635,395,105,76
615,397,103,76
596,400,102,76
598,400,99,73
576,405,100,69
559,403,98,71
540,400,102,76
521,398,99,78
503,396,100,80
504,397,99,79
486,398,96,78
470,402,97,76
