423,135,109,189
423,137,108,187
424,140,108,185
425,143,108,183
425,146,108,181
426,149,108,179
427,152,108,178
427,155,108,177
428,158,108,175
427,161,109,172
426,165,111,170
429,167,110,171
431,169,110,172
432,169,110,172
433,168,110,173
434,168,110,173
435,166,110,172
435,165,110,171
436,163,110,170
436,161,110,169
437,160,111,169
436,162,110,168
435,164,110,168
435,166,110,167
434,168,110,167
433,170,110,166
433,172,110,166
432,174,109,165
432,177,109,165
432,179,109,164
433,183,111,163
435,183,111,164
438,184,112,165
441,184,112,166
443,185,113,167
446,186,114,169
449,186,114,170
451,187,115,171
454,187,115,172
457,188,116,173
460,189,117,175
466,189,108,175
469,192,108,175
471,194,109,176
472,197,109,176
471,197,109,176
472,201,111,176
473,202,111,179
473,203,114,180
472,205,117,181
472,210,122,180
471,209,123,180
471,208,124,181
470,207,125,182
470,206,126,183
470,205,127,184
469,204,128,184
469,203,129,185
468,202,130,186
468,201,131,187
468,200,133,188
470,200,133,188
472,200,134,188
474,201,135,188
476,201,136,188
479,202,137,189
481,202,137,189
483,202,138,189
485,203,139,189
487,203,140,189
490,204,141,190
491,203,143,192
493,202,145,194
495,201,147,196
496,200,148,198
498,199,151,200
500,198,153,202
501,197,155,204
503,196,157,206
505,195,158,208
507,195,161,211
504,196,164,211
501,198,165,213
498,200,167,214
495,202,168,216
492,204,169,218
489,206,170,219
485,208,171,220
481,209,172,220
477,211,173,220
474,213,174,221
468,205,177,230
468,205,179,231
468,205,180,233
468,207,184,234
471,209,184,236
474,212,187,241
477,215,188,242
480,221,190,243
483,221,192,245
481,226,196,248
483,227,206,258
484,217,216,269
491,220,219,269
497,226,224,266
495,229,229,266
501,232,234,269
510,228,236,271
514,229,237,271
518,226,239,276
524,231,234,268
524,235,237,268
524,238,239,268
523,232,243,268
524,246,245,267
524,249,247,267
524,253,250,266
524,256,252,266
524,260,255,266
525,264,258,266
527,270,260,263
517,270,264,254
521,279,266,250
517,276,268,249
512,273,262,253
499,266,266,253
481,263,264,252
460,244,270,246
431,230,274,252
435,231,267,252
407,224,276,251
385,214,285,250
368,200,278,259
361,206,281,248
348,206,285,247
346,206,289,246
345,206,294,245
345,201,289,254
350,211,299,242
354,216,301,241
365,221,311,240
369,222,306,240
374,226,310,238
380,231,315,237
391,240,322,237
402,250,329,237
421,263,335,237
423,267,340,234
440,275,348,235
457,284,355,236
477,294,363,237
491,299,371,233
513,303,370,230
515,301,373,237
524,307,384,227
528,306,388,226
506,297,403,223
511,298,397,223
500,299,401,222
494,300,418,223
489,301,410,220
488,296,413,217
489,294,411,213
491,293,409,210
490,297,412,201
492,295,402,201
489,300,391,195
486,295,386,201
484,281,377,210
482,267,362,225
480,253,348,239
477,253,351,232
472,253,346,242
471,245,327,240
469,238,339,214
475,241,339,215
489,245,331,225
489,241,333,232
503,248,324,216
519,252,317,218
534,258,309,213
545,258,302,202
556,256,291,197
556,255,290,198
562,251,283,192
574,242,273,178
580,241,264,178
579,239,256,167
576,238,246,153
579,240,243,151
579,241,227,152
573,239,218,141
570,239,209,135
567,241,199,132
566,246,190,126
567,245,191,126
563,250,182,121
561,253,174,117
560,255,167,111
559,259,160,108
555,265,160,104
557,264,155,104
416,130,481,395
438,134,492,386
461,139,494,377
483,144,495,367
506,149,480,359
504,142,485,361
509,148,483,355
509,154,485,348
511,163,488,342
515,177,484,340
519,181,500,338
519,179,503,341
521,182,514,341
524,187,523,335
536,187,515,337
526,188,535,334
529,192,525,325
525,194,535,320
513,188,550,323
501,183,564,327
489,193,576,312
481,195,578,311
465,206,583,308
458,203,593,312
454,217,601,302
448,240,620,297
451,263,632,287
449,287,650,285
445,315,666,274
443,318,670,270
433,339,668,264
415,345,682,262
384,352,688,250
345,349,692,249
299,349,694,242
305,347,690,244
262,351,691,237
219,355,692,231
190,360,683,225
173,365,675,223
160,382,681,216
155,378,680,216
155,393,675,213
168,411,673,204
187,430,672,199
242,452,644,183
276,467,639,174
274,465,640,173
308,473,634,170
329,476,634,169
372,482,617,162
408,481,587,144
429,469,580,149
429,469,580,151
452,456,558,153
470,437,541,159
473,419,543,162
491,401,517,163
494,379,500,169
499,376,496,170
492,363,492,176
503,340,451,174
499,321,431,173
502,307,416,176
506,293,402,179
506,288,397,181
506,282,392,183
506,277,387,184
506,271,382,186
497,266,376,187
496,271,356,178
494,263,357,192
488,265,344,190
480,267,331,191
471,271,323,189
465,275,302,193
458,282,291,188
456,282,296,187
449,290,279,183
445,301,266,183
441,312,253,183
433,322,245,182
422,329,240,184
419,327,241,188
415,338,231,180
409,346,220,176
402,357,216,167
402,361,207,165
403,365,199,162
403,369,198,160
404,374,192,155
409,378,180,153
412,386,176,150
420,391,170,145
424,395,164,144
424,396,164,144
430,401,158,137
434,407,153,134
435,410,148,130
440,413,143,125
443,415,140,124
446,417,135,118
452,418,127,117
458,421,124,115
464,425,117,112
469,430,110,108
474,432,103,110
473,433,104,108
477,437,99,110
481,443,97,108
487,449,92,108
481,456,99,112
487,462,97,107
487,464,94,105
499,468,77,100
508,475,71,88
510,479,67,82
519,481,63,77
527,483,62,75
526,483,63,75
533,484,61,75
538,485,61,71
540,486,66,68
604,146,267,309
607,142,247,319
609,141,243,320
609,144,241,322
610,144,252,325
606,142,262,328
600,143,274,325
594,145,281,323
600,142,274,327
589,143,291,324
578,148,303,317
571,149,299,327
566,150,305,332
560,155,302,337
559,156,303,336
557,161,304,336
550,166,308,342
547,180,307,339
551,188,307,333
552,193,303,331
552,186,303,340
565,197,289,333
579,196,276,331
588,192,266,329
594,184,257,339
589,178,262,338
590,174,261,344
577,169,270,338
558,158,291,345
541,145,315,351
532,129,316,364
520,119,319,363
517,121,320,364
506,110,317,368
499,106,314,376
493,100,302,383
488,96,303,392
488,94,297,396
490,92,295,396
483,91,298,405
482,90,297,407
468,85,303,414
460,86,300,414
454,81,305,421
454,82,304,421
448,81,312,432
449,80,309,434
448,78,307,430
447,80,318,429
445,80,313,435
450,75,310,444
442,80,317,438
438,81,333,448
437,85,338,450
429,86,349,448
417,89,375,452
