629,232,296,188
626,232,297,186
623,233,299,184
621,234,301,182
618,235,303,180
616,236,304,178
614,234,305,176
613,231,305,174
611,229,305,172
613,227,303,170
615,225,301,168
612,220,305,170
610,221,304,163
600,219,304,157
590,217,304,151
580,216,304,145
570,219,310,144
562,223,307,139
552,226,304,134
541,229,301,130
530,233,299,125
520,238,297,122
520,239,294,119
511,243,292,117
503,248,290,114
496,251,289,108
489,254,288,103
483,258,287,98
482,257,287,96
481,256,287,94
481,256,288,92
489,258,286,91
497,262,279,87
506,266,273,84
509,271,272,82
512,277,271,80
514,289,268,78
517,302,266,77
519,320,264,74
522,338,262,71
520,340,260,68
515,359,253,65
518,376,252,65
517,390,247,61
517,404,243,58
517,418,239,55
514,418,234,54
512,424,237,55
521,428,229,50
528,429,223,48
535,430,218,46
547,427,217,44
544,427,222,42
554,419,212,41
566,410,209,47
575,402,202,41
585,390,199,47
591,379,194,49
593,379,189,50
597,369,187,48
600,359,185,46
603,348,179,45
605,337,173,45
608,327,167,44
603,325,169,43
604,315,163,45
608,304,147,47
606,295,146,48
602,288,139,45
602,279,130,45
600,275,134,51
597,271,134,49
603,265,124,54
603,258,121,51
606,252,114,53
611,246,111,48
613,247,110,48
618,241,105,47
621,233,106,51
625,230,99,49
631,227,103,50
635,225,100,51
638,225,98,51
650,225,93,53
654,226,93,53
661,227,92,55
672,235,88,54
682,239,83,54
682,240,83,55
688,244,84,58
702,257,78,56
709,266,77,56
722,280,74,55
737,292,63,57
738,292,60,56
746,302,62,54
752,310,59,51
759,316,65,52
764,324,64,47
771,330,60,48
774,329,59,50
779,333,59,49
786,337,57,52
790,341,58,54
792,345,57,54
798,348,52,56
801,349,50,53
798,354,52,54
799,360,52,54
806,367,45,51
807,378,45,50
806,387,44,49
809,387,41,49
811,398,41,47
811,409,41,47
811,421,43,44
