641,34,299,686
648,28,296,686
649,26,293,691
650,26,292,693
649,22,292,697
651,17,287,703
646,22,295,698
643,25,300,695
640,34,301,686
665,230,223,427
665,238,223,414
666,246,223,402
667,253,223,389
668,261,224,376
668,269,224,364
669,258,218,370
670,262,217,361
671,267,217,351
671,245,216,369
672,246,215,362
673,248,214,356
674,250,213,350
674,251,213,343
675,253,212,337
676,254,211,330
677,256,210,324
678,258,209,317
678,259,209,325
679,261,208,319
680,263,207,313
681,264,206,307
681,266,205,302
682,267,204,298
683,269,204,295
684,271,203,291
684,272,202,288
685,274,201,284
686,270,198,285
681,268,209,293
688,262,220,285
687,259,219,288
692,248,226,292
697,237,228,296
703,232,228,296
709,227,228,297
715,222,227,297
721,218,227,298
729,224,248,288
734,204,253,306
737,202,257,304
743,192,258,308
749,182,260,313
755,172,262,318
761,162,264,323
767,153,266,328
773,143,268,333
774,139,270,337
783,120,270,342
789,106,274,351
790,98,290,356
789,92,292,360
789,87,294,365
789,82,297,370
788,76,299,375
786,76,302,377
783,77,304,378
781,77,306,380
778,77,309,382
776,77,311,384
774,78,314,386
770,75,317,391
766,73,321,396
762,71,325,401
758,69,329,407
754,67,333,412
750,64,337,417
747,62,341,423
743,60,345,428
743,61,345,426
744,62,346,424
743,59,349,432
750,42,345,440
744,37,358,440
756,16,349,452
757,3,356,452
760,1,359,438
761,0,361,439
760,0,369,431
761,0,365,427
758,0,381,419
751,0,393,429
749,0,399,453
744,0,404,453
740,0,404,456
738,0,414,486
744,0,409,504
748,2,405,512
747,7,401,517
739,7,411,501
742,20,419,499
740,25,423,500
737,30,427,502
735,35,431,503
732,40,435,505
741,41,439,506
736,47,442,507
731,52,446,509
726,58,450,510
721,63,454,512
716,68,458,513
714,71,463,514
711,73,468,516
708,75,473,517
706,69,478,519
703,72,484,520
700,76,489,521
697,80,494,522
694,84,499,524
691,88,504,526
682,88,509,527
668,100,523,508
658,107,533,499
646,102,542,491
638,117,552,483
631,130,561,475
621,141,571,467
599,149,580,458
593,158,590,450
588,155,599,442
589,159,596,439
590,164,594,437
591,169,591,434
593,174,589,432
594,179,586,429
595,184,584,427
597,189,582,425
588,186,577,423
579,190,573,422
568,193,574,421
558,196,577,420
547,199,579,419
537,202,581,418
527,205,583,417
486,204,590,416
476,209,596,415
452,213,603,415
445,217,609,414
438,222,616,413
417,225,622,413
425,231,629,412
409,232,639,409
440,230,649,407
448,231,659,404
450,224,668,402
408,225,678,399
389,231,688,396
365,229,698,393
342,227,708,391
333,229,718,388
325,231,728,386
337,220,726,385
341,217,722,381
342,203,737,402
326,181,753,426
320,172,767,446
322,159,785,447
329,136,797,483
348,115,806,531
364,112,790,577
370,109,815,547
367,112,824,550
377,122,806,465
373,109,768,538
395,117,749,521
419,111,722,525
427,113,697,528
428,118,707,523
438,112,694,510
432,109,687,499
437,104,672,488
428,116,661,456
428,112,655,456
417,110,668,460
427,114,649,446
429,115,642,439
423,117,630,412
417,126,641,413
417,138,630,408
425,141,617,406
407,156,618,395
591,125,375,261
573,118,388,264
566,113,400,261
549,118,414,257
558,114,404,260
553,119,401,245
545,114,412,243
528,114,423,233
514,119,420,222
505,122,434,217
510,121,431,224
500,126,438,215
484,130,448,209
471,135,455,200
467,139,454,202
459,145,458,196
455,147,461,198
447,155,477,193
429,165,486,192
420,169,484,187
414,177,483,188
402,185,480,176
402,184,475,175
403,193,482,167
403,198,482,164
404,204,485,161
405,212,485,161
411,220,488,162
404,222,494,162
414,228,487,161
418,238,493,156
423,247,508,157
433,263,502,152
447,270,502,153
445,271,509,153
462,279,504,149
478,284,501,148
483,287,504,140
490,286,504,133
496,282,498,128
497,280,502,133
500,279,500,121
503,273,502,123
510,271,493,125
507,267,496,127
506,265,489,130
504,264,497,127
505,267,487,125
494,267,490,119
483,265,487,121
473,268,486,121
472,272,475,124
471,271,478,125
468,272,465,123
469,271,462,123
464,266,458,125
464,265,456,125
462,261,456,127
459,262,460,125
459,260,454,126
462,266,446,121
466,259,439,132
466,263,433,131
468,266,426,126
469,266,421,127
469,267,414,128
469,268,407,130
468,271,403,129
468,274,393,130
467,276,386,129
462,282,398,125
466,279,378,128
465,281,371,128
463,281,366,127
461,285,359,124
466,287,347,120
463,286,350,120
472,286,338,120
476,289,333,119
485,290,326,120
487,299,326,106
508,301,311,99
507,301,312,100
518,301,305,98
533,303,297,98
547,304,290,97
560,305,282,98
575,306,273,96
573,308,275,94
583,311,270,92
598,317,258,91
603,322,260,89
611,327,246,90
618,332,239,89
622,337,235,87
626,342,230,86
630,348,226,85
634,353,222,84
638,358,217,83
643,360,213,86
643,360,212,87
644,363,203,88
644,364,197,88
645,365,190,88
645,365,184,87
644,366,179,87
644,367,174,87
643,368,169,86
642,369,164,86
642,369,159,86
639,370,156,82
636,371,153,79
633,372,150,76
630,373,147,73
628,373,144,69
624,373,139,69
620,373,135,69
616,372,131,69
613,372,127,68
611,372,124,68
609,372,121,67
607,372,118,67
605,371,115,67
603,369,115,70
604,368,115,70
601,370,110,69
596,368,111,70
592,369,107,70
588,369,104,70
584,370,102,70
582,372,103,69
580,373,97,68
573,373,98,73
569,374,95,71
564,375,90,69
559,375,81,64
555,376,82,62
551,378,81,60
546,378,76,60
541,379,77,58
536,379,78,56
525,380,76,55
527,378,75,54
517,379,72,52
508,377,72,55
501,376,65,50
493,377,63,51
481,375,63,48
480,374,63,48
471,374,58,44
460,370,58,43
445,371,59,39
432,368,60,38
421,365,56,38
419,366,59,37
405,363,58,36
391,358,60,37
379,350,56,40
363,345,59,43
350,340,57,42
350,340,58,43
334,332,59,45
320,324,58,48
303,317,61,50
288,309,57,52
274,302,56,53
274,301,55,53
262,295,52,55
246,287,51,56
235,281,48,56
220,273,49,56
206,262,47,59
206,261,46,60
193,255,46,60
529,189,487,530
552,182,465,532
558,180,470,534
574,179,467,536
572,180,468,535
570,182,469,534
563,181,472,535
575,181,441,530
564,179,440,541
584,172,398,543
575,180,409,539
590,170,378,546
604,172,343,543
615,168,306,549
619,168,283,547
643,164,250,554
644,161,247,555
653,154,232,557
645,147,232,566
629,128,241,585
610,119,252,600
