330,116,205,449
332,113,196,449
334,119,196,441
334,128,198,429
338,138,197,417
337,137,197,417
340,149,197,404
342,162,197,388
353,165,188,381
356,169,188,374
357,170,194,371
359,170,189,366
362,169,189,362
365,168,188,361
370,172,187,360
375,171,187,360
378,175,188,360
377,175,189,357
376,181,192,361
380,187,190,358
371,191,211,366
378,193,202,360
379,194,198,358
380,193,197,360
379,191,198,361
379,191,194,359
375,188,199,359
372,180,196,364
367,175,194,363
367,176,194,361
365,181,194,356
365,171,190,355
364,170,191,349
364,167,191,345
361,165,193,341
361,166,193,339
362,167,191,336
361,165,190,337
357,163,191,334
356,164,187,333
347,166,194,330
355,160,184,334
352,165,183,329
347,162,185,332
346,161,184,331
345,159,182,335
341,168,185,329
342,163,185,332
339,169,185,330
335,176,187,325
329,182,193,324
334,178,179,322
332,179,179,322
332,178,179,323
329,180,182,321
330,179,182,320
329,179,184,318
329,178,183,316
327,178,185,314
326,175,187,318
319,186,195,311
325,178,183,311
325,181,181,309
326,177,180,310
325,176,178,308
325,175,177,309
324,172,178,310
323,171,179,310
323,167,181,310
325,162,180,310
319,173,191,300
326,167,181,303
329,165,179,301
332,161,176,302
335,160,174,302
336,161,174,301
334,155,177,298
334,157,176,299
334,148,178,303
337,148,179,304
330,147,195,304
337,139,185,303
338,139,185,304
339,137,183,304
340,135,181,303
343,133,176,304
341,132,178,302
337,132,179,302
335,128,178,306
334,130,179,303
328,133,182,303
331,128,176,303
329,133,179,303
329,139,178,301
328,150,180,298
330,149,180,302
331,157,181,301
334,164,180,301
335,172,182,301
335,178,184,303
332,189,193,301
340,187,182,297
340,191,182,296
338,192,186,299
342,190,183,298
340,192,186,298
342,189,185,302
340,190,185,300
341,188,187,300
342,185,189,303
338,184,195,304
342,177,192,303
346,180,189,304
349,178,186,303
350,182,188,303
354,186,188,301
357,188,189,303
359,191,188,302
362,198,188,298
363,198,189,296
359,205,195,296
365,200,192,296
366,200,192,291
366,200,193,285
368,197,191,283
368,195,193,287
366,193,193,282
367,189,192,280
367,184,191,278
366,179,192,274
364,178,196,273
368,174,191,272
373,175,189,271
378,174,187,269
378,176,191,267
378,179,194,265
380,183,191,263
381,183,192,265
379,191,194,259
379,197,198,260
373,195,207,273
372,200,216,268
372,201,220,272
372,200,222,274
369,204,226,275
375,211,222,272
371,218,226,266
374,224,227,265
375,230,229,261
376,230,228,263
377,233,225,266
377,238,226,262
377,243,228,258
377,248,230,254
370,251,237,249
371,252,233,245
368,254,231,244
368,255,234,241
367,256,237,239
367,257,240,236
369,258,241,233
371,259,242,229
373,259,242,226
369,261,245,221
371,264,255,213
370,265,259,213
370,266,264,213
369,267,268,213
369,267,272,213
371,266,273,216
363,271,277,199
366,274,281,199
369,276,284,199
363,276,287,194
367,282,291,190
371,286,294,190
376,284,298,195
380,296,301,187
384,296,304,190
386,295,307,194
392,298,312,194
393,292,324,204
408,284,323,220
407,271,339,238
415,255,334,268
418,255,329,267
403,234,355,312
366,217,405,351
354,207,428,338
342,201,466,298
324,198,500,296
323,203,505,293
292,198,539,273
283,201,551,289
282,205,558,291
277,206,552,286
283,204,545,295
273,205,559,293
290,209,561,290
307,213,563,288
330,216,579,290
356,215,539,276
378,214,567,286
383,211,562,291
400,215,564,297
421,215,558,297
444,200,544,316
470,200,522,307
476,207,513,306
477,214,511,304
483,205,500,309
486,200,477,295
487,196,456,293
472,191,465,288
466,191,432,283
466,187,430,282
457,186,421,268
444,184,416,263
441,179,405,260
449,179,396,257
442,185,395,250
438,178,396,255
448,181,388,247
449,187,383,245
