469,237,185,389
471,216,183,408
456,201,201,429
453,190,186,438
450,187,192,438
447,179,190,448
444,172,188,458
441,165,186,468
438,157,184,479
435,150,182,489
432,143,180,499
431,128,185,513
429,114,190,526
432,108,190,533
435,102,191,540
438,95,191,548
440,89,192,555
444,94,194,557
447,98,196,559
451,103,199,562
454,108,201,564
453,111,208,570
452,115,215,577
451,119,222,583
451,127,231,583
451,136,240,583
451,145,240,574
451,153,240,566
451,162,239,557
451,170,239,549
451,179,239,540
436,182,264,537
422,185,289,534
420,183,288,536
419,181,288,538
422,170,287,549
425,159,287,560
428,148,286,572
435,100,275,619
443,52,265,667
451,54,254,665
430,47,272,673
437,42,267,677
444,37,261,682
