510,262,30,46
510,261,28,46
510,260,26,47
511,259,25,48
510,257,25,49
509,254,26,51
507,252,27,52
507,251,27,52
507,252,27,52
506,251,28,52
504,252,30,51
503,251,29,51
502,250,29,51
502,249,29,52
501,248,29,52
501,248,29,53
500,247,29,53
500,247,29,53
499,246,30,52
498,245,31,53
498,247,32,51
498,245,30,53
498,245,30,53
498,245,30,53
498,244,31,52
497,243,31,52
497,243,32,53
496,243,33,54
496,242,34,54
496,242,35,55
495,242,36,56
495,241,37,57
494,240,37,58
493,239,38,59
492,237,39,59
491,236,39,60
491,235,40,61
490,234,41,62
489,233,41,63
487,229,38,65
485,230,42,63
483,228,42,64
482,227,43,65
481,226,43,66
480,225,44,67
479,224,45,68
478,223,45,69
477,222,46,70
478,220,43,72
478,219,44,73
478,222,45,70
477,222,46,70
475,222,47,71
474,222,48,73
473,223,50,75
472,223,51,77
471,224,52,78
470,224,54,80
469,224,56,82
468,225,55,85
467,228,57,84
464,229,59,85
461,230,61,87
459,232,61,89
456,233,61,91
453,234,62,93
451,236,62,95
448,237,62,98
446,239,63,94
441,241,63,95
435,243,68,97
430,244,69,100
426,246,71,103
422,248,72,106
417,250,74,103
413,252,76,105
408,254,77,107
403,256,79,108
398,258,80,110
394,260,82,112
394,260,84,114
391,261,85,114
389,262,87,115
386,263,89,116
384,264,91,117
382,264,92,119
379,264,94,121
377,264,96,123
375,265,98,125
373,267,99,125
369,271,105,125
366,272,107,126
363,273,110,127
360,274,113,129
357,275,115,130
354,276,118,131
351,278,121,133
348,279,123,134
345,280,125,136
342,281,128,138
336,285,134,138
326,285,139,141
316,285,144,145
306,286,150,149
303,286,155,153
299,287,161,157
296,288,166,161
293,289,172,164
289,290,177,168
289,297,183,169
284,298,186,169
284,301,193,172
285,305,201,176
286,309,209,180
286,312,216,184
287,316,224,188
292,318,228,190
296,320,237,195
301,322,245,200
307,325,258,203
316,326,270,208
326,324,269,210
336,323,267,212
347,322,267,215
347,319,286,217
348,317,306,219
348,314,325,221
349,312,345,224
350,310,350,229
348,301,372,236
343,298,388,235
333,295,400,238
323,292,411,242
314,289,430,246
316,289,419,249
313,295,431,252
310,299,443,258
307,297,463,271
293,293,490,292
295,268,491,321
293,263,495,332
271,239,524,365
301,211,484,432
290,198,521,486
315,221,519,423
350,249,503,386
353,245,501,388
355,262,514,380
367,271,517,318
382,278,517,284
407,294,505,282
435,290,501,285
433,292,500,287
462,304,487,280
485,304,469,283
501,307,448,275
517,311,427,267
520,304,410,273
522,306,403,269
521,313,393,252
