702,292,29,41
704,292,28,39
704,293,29,39
708,295,29,38
708,295,29,37
709,295,29,37
709,295,29,37
709,295,29,37
710,295,29,37
710,295,29,37
710,296,29,37
710,296,28,37
710,297,28,36
710,298,28,36
710,298,28,36
709,296,29,37
709,295,30,39
708,293,30,40
708,292,30,40
709,292,30,39
709,292,30,39
709,290,30,39
709,288,30,40
709,286,30,40
709,283,30,41
708,280,31,41
708,278,31,41
707,276,31,42
707,274,31,42
706,272,31,43
706,270,31,43
707,267,31,44
708,264,32,44
709,261,32,45
710,258,33,45
713,252,33,46
716,246,34,47
719,240,34,47
720,240,35,48
724,235,35,48
727,230,36,49
731,225,36,49
735,221,36,49
736,217,37,50
736,217,38,51
740,212,38,51
743,206,39,52
746,203,43,55
751,198,38,53
756,194,39,55
755,194,41,55
759,191,40,57
764,188,41,58
769,184,43,59
773,182,45,58
779,180,45,59
779,181,45,60
783,181,47,62
790,183,47,64
796,184,51,66
801,186,51,69
809,186,51,69
808,186,51,69
814,185,51,71
820,185,52,73
826,185,53,75
832,185,54,77
838,185,55,79
840,182,54,79
847,181,55,80
855,181,56,82
862,178,58,82
869,176,61,83
876,174,64,84
876,172,65,85
885,169,65,86
893,167,68,88
901,165,70,90
909,163,72,91
918,160,74,93
919,161,70,92
925,162,71,93
932,164,73,95
935,166,76,97
938,168,78,99
939,168,79,100
940,168,80,101
941,168,81,103
945,169,82,103
946,170,80,99
948,172,78,101
943,172,85,107
943,172,85,105
939,174,85,105
936,177,87,106
932,179,88,107
929,182,89,108
926,184,90,109
925,187,91,110
914,185,92,111
913,187,91,112
902,188,97,114
895,189,101,113
892,194,99,110
892,195,98,111
886,196,104,113
886,201,107,112
888,202,114,116
892,204,125,124
893,206,141,132
893,206,141,133
902,213,159,141
901,220,191,147
916,221,229,174
921,225,298,202
933,230,346,229
942,233,337,231
902,251,377,272
826,265,454,303
694,286,585,335
562,306,717,367
485,306,794,409
493,305,786,405
468,323,566,347
475,310,379,284
506,307,266,224
532,302,206,187
560,305,164,161
561,306,159,159
580,302,133,149
600,299,114,148
602,294,109,159
602,288,108,170
603,290,105,177
602,286,102,185
599,300,107,171
592,305,116,195
585,312,122,210
573,316,128,221
558,324,146,253
561,327,140,247
537,329,169,271
529,330,195,303
522,329,223,343
513,315,264,380
506,282,307,427
500,286,305,413
495,268,358,451
499,236,394,472
512,232,400,468
625,326,140,116
606,324,142,115
606,321,140,116
592,320,148,117
578,317,150,116
565,314,152,115
552,312,154,114
547,310,154,114
542,309,154,113
537,307,154,112
532,306,155,112
527,302,157,112
522,299,159,112
518,296,162,113
519,296,162,114
515,292,162,111
509,287,167,113
504,282,172,116
498,280,176,114
492,275,182,112
495,276,177,111
486,272,178,109
478,267,180,110
472,263,179,111
463,258,188,114
455,253,188,114
455,253,187,113
444,247,191,113
438,242,195,111
431,237,185,106
425,232,191,108
423,228,192,107
421,225,193,107
420,222,194,106
418,219,195,106
418,216,200,106
420,216,205,99
420,214,208,97
421,213,209,98
422,210,214,95
426,205,210,99
428,202,214,96
433,198,214,97
437,196,215,94
437,196,214,95
444,194,213,91
447,190,215,91
456,188,213,90
461,186,214,89
466,184,215,88
466,182,214,91
472,182,218,86
479,177,215,84
484,174,214,80
488,166,214,79
490,158,216,79
490,160,216,77
494,153,213,75
497,149,215,72
504,143,210,69
509,138,217,69
515,133,220,67
516,133,218,67
521,130,217,66
530,127,216,65
535,129,215,62
544,129,210,60
550,133,208,58
549,134,208,57
554,138,205,57
560,145,204,57
561,155,201,58
563,164,199,59
564,174,200,61
565,174,197,59
563,182,197,63
566,187,192,65
566,194,190,65
568,200,186,67
571,206,184,67
567,209,189,62
572,212,186,63
577,215,184,64
582,219,181,63
587,222,179,62
592,226,176,61
597,229,174,60
606,232,172,58
614,231,171,57
625,229,169,57
634,230,168,56
646,226,163,58
644,227,166,55
649,226,163,55
654,225,160,55
660,225,158,55
665,224,155,55
671,224,153,55
671,224,153,56
673,224,151,55
675,225,149,54
677,227,147,53
679,230,145,53
681,233,143,52
683,235,141,51
685,238,139,50
687,241,137,50
689,244,136,53
689,250,136,55
690,258,133,54
685,261,137,52
689,270,132,52
685,279,131,53
683,290,130,53
684,299,126,54
680,310,127,53
682,310,125,54
681,319,123,57
680,328,123,57
676,337,125,55
680,344,124,57
686,349,118,58
686,348,117,57
689,353,116,56
691,356,114,56
694,359,112,56
696,361,109,55
699,364,107,55
699,364,106,54
702,367,104,54
698,372,109,53
698,376,105,56
701,381,99,56
700,394,97,55
700,394,98,56
699,404,96,55
699,415,91,57
703,427,86,57
698,435,84,57
698,444,82,58
698,446,83,58
700,453,78,59
702,460,73,59
702,467,71,61
703,473,67,61
701,479,67,61
701,479,68,61
704,482,65,58
707,486,57,54
707,489,54,50
705,492,56,46
705,493,52,44
705,493,52,44
704,494,49,44
701,493,49,44
699,492,49,44
696,492,49,44
694,491,49,44
691,490,49,44
689,490,44,45
684,490,44,41
678,489,42,40
671,487,40,39
664,486,39,39
664,485,39,39
656,483,38,38
648,483,37,38
641,481,37,40
379,210,416,474
386,227,411,481
385,230,417,478
386,244,417,476
391,258,419,462
395,266,417,454
397,274,426,444
402,278,427,441
403,279,422,435
408,288,433,427
406,299,443,420
413,293,438,427
409,296,452,424
402,304,464,416
400,305,464,415
396,298,469,422
393,300,472,420
392,297,473,418
386,294,481,419
383,281,490,439
380,291,498,428
378,279,496,441
375,265,504,455
369,261,518,459
371,253,522,467
377,248,523,472
376,250,526,470
380,238,533,482
379,228,543,490
380,222,548,498
377,208,563,511
375,191,574,529
383,186,563,534
375,173,573,547
367,157,586,554
365,136,584,584
359,118,590,602
348,104,606,616
343,99,607,621
338,89,622,631
332,93,629,626
