569,232,227,116
570,234,231,114
572,237,236,112
573,239,241,110
575,242,246,107
577,245,251,106
579,249,257,105
580,249,256,105
591,254,253,103
595,257,260,102
606,260,253,104
608,262,261,101
608,263,269,101
608,262,272,103
611,262,275,101
615,262,277,99
619,262,281,100
624,260,275,96
626,260,280,95
628,259,278,97
632,259,279,95
633,257,281,92
630,257,291,91
629,261,291,91
625,261,297,89
624,261,298,90
621,263,293,89
617,267,291,90
613,271,295,91
609,275,300,93
610,277,301,95
612,282,299,89
610,288,301,90
610,295,301,95
604,300,309,92
602,307,301,95
596,315,311,96
596,316,311,95
591,323,309,90
584,327,310,92
576,326,306,95
565,325,311,94
557,328,318,88
561,326,313,89
549,323,311,90
534,316,318,93
522,316,318,90
510,310,313,95
498,305,311,96
493,304,314,94
481,303,317,92
469,296,320,96
464,294,312,93
457,285,307,98
453,281,306,100
449,278,306,102
446,275,305,104
442,272,305,106
439,269,305,111
439,271,308,110
434,274,314,108
438,275,309,108
438,282,321,102
439,283,312,100
441,285,307,98
441,285,309,99
438,282,307,102
439,284,304,99
444,281,300,98
435,277,303,95
434,274,299,99
432,269,296,101
434,267,288,99
433,266,290,100
435,265,284,95
436,265,282,93
438,264,280,95
441,264,275,96
448,265,265,98
447,264,267,98
453,261,273,102
460,260,262,106
468,258,265,113
466,263,272,110
475,265,265,113
472,263,270,115
482,269,265,115
493,275,259,115
502,278,253,118
505,283,255,114
508,288,257,111
511,288,253,111
514,289,250,112
517,289,247,113
521,290,243,113
524,290,240,114
517,287,246,112
512,287,245,112
508,286,245,112
511,282,230,110
515,279,215,108
502,277,225,109
499,275,222,110
496,272,218,111
487,268,218,113
487,266,216,112
486,264,213,112
486,261,211,111
492,262,201,113
492,262,203,112
497,263,201,108
510,263,198,111
519,265,194,111
530,267,188,114
532,274,172,123
531,272,172,126
538,274,169,128
546,276,166,130
564,278,153,155
566,280,155,153
568,282,158,152
570,283,153,151
565,293,157,148
566,300,158,141
562,307,162,139
557,316,161,135
553,326,158,129
553,328,157,127
547,335,153,125
539,340,154,122
531,345,158,116
524,344,161,118
522,345,161,116
521,345,160,116
521,344,157,118
522,344,153,116
522,343,152,116
521,343,152,115
520,342,150,115
519,343,151,115
518,344,150,114
518,341,141,113
518,344,140,109
