409,34,740,684
405,27,741,683
405,24,741,681
405,19,738,692
403,17,738,700
396,15,740,694
394,14,739,703
393,14,751,706
397,12,743,708
406,11,722,708
416,11,716,707
419,8,708,708
425,6,701,713
429,10,694,710
436,17,696,703
453,27,679,692
454,48,699,672
470,63,702,657
467,68,739,642
487,95,734,612
511,119,716,600
510,134,752,586
530,169,740,551
516,197,762,523
520,193,738,512
536,217,719,503
546,243,696,477
539,262,699,458
552,278,685,442
554,278,657,442
559,290,658,429
652,212,188,281
654,207,186,275
656,202,185,270
658,198,184,264
660,194,183,262
661,191,183,260
663,188,182,258
664,184,182,256
666,180,182,254
667,176,181,252
667,172,182,253
666,169,184,252
666,166,186,251
665,163,188,250
664,161,189,249
663,158,191,248
663,155,192,249
663,152,193,250
663,149,194,250
663,146,195,251
664,143,196,252
663,143,197,252
663,142,198,253
662,141,198,253
662,141,199,254
661,140,200,254
661,139,201,255
660,138,201,255
659,138,203,256
658,137,204,257
656,136,205,258
655,136,207,259
654,135,208,260
651,135,210,261
649,136,212,263
646,136,213,265
643,137,215,267
641,137,217,269
642,136,216,270
646,136,212,267
645,144,213,266
642,144,215,268
639,144,218,271
637,144,220,274
634,144,223,277
632,144,226,280
629,144,228,283
626,144,231,286
624,144,233,289
621,144,236,292
619,144,239,294
615,138,242,301
614,139,243,302
613,139,245,303
612,139,246,304
611,140,247,305
610,140,248,305
609,140,250,306
608,141,251,307
607,141,252,308
606,142,254,309
604,140,256,312
603,139,259,316
602,137,262,320
601,136,265,324
600,134,268,328
598,133,271,332
597,132,274,335
596,130,277,339
595,129,280,343
593,131,285,340
594,131,286,341
595,132,287,342
596,132,289,343
597,133,290,344
598,134,291,346
599,134,293,347
600,135,294,348
601,135,296,349
602,136,297,350
603,137,298,352
611,138,298,350
619,140,298,349
626,142,299,346
633,144,301,344
640,146,302,342
647,148,303,340
657,150,303,339
668,153,303,338
672,152,302,335
677,152,301,332
687,151,299,333
689,152,300,328
693,157,293,320
694,161,290,316
695,159,292,316
693,167,291,308
688,171,295,307
683,174,293,304
682,178,286,304
675,189,299,294
672,188,300,297
669,192,302,295
667,196,304,293
665,200,306,291
663,204,307,289
661,208,309,287
659,212,311,285
657,216,313,283
655,220,315,281
653,224,316,279
654,227,318,278
656,229,319,277
657,232,321,276
659,235,328,273
660,238,336,270
662,241,344,266
664,244,351,263
660,247,359,259
656,249,367,255
652,252,375,252
649,252,383,251
633,248,394,249
617,249,405,248
600,250,416,247
599,248,422,245
579,249,434,244
559,251,446,242
539,252,458,241
519,254,470,240
506,244,481,248
493,249,492,244
480,252,503,243
467,248,513,257
455,243,524,274
442,226,535,304
429,192,546,359
427,180,546,371
411,168,558,406
394,153,577,449
378,144,590,452
338,136,613,411
317,132,615,385
319,132,611,383
287,145,610,352
255,161,592,341
239,159,580,342
219,171,562,320
198,171,547,316
201,174,542,317
197,173,525,308
190,171,509,303
188,175,505,291
199,177,480,290
204,181,463,281
209,186,446,273
214,191,430,264
224,189,399,247
226,190,388,246
236,194,369,235
247,199,351,224
244,195,351,223
255,202,340,218
270,209,323,208
283,222,304,201
561,278,229,255
547,263,236,256
550,261,229,258
540,248,226,256
530,235,224,254
520,222,222,253
510,210,220,252
502,201,218,247
504,203,216,243
493,193,221,242
483,183,226,242
477,179,224,241
472,175,223,240
463,171,229,239
459,167,230,238
456,163,230,237
452,159,234,235
448,155,238,233
444,151,242,231
441,151,246,228
443,153,248,227
446,151,246,221
451,156,248,216
447,158,255,214
458,160,253,216
462,164,259,214
461,166,258,210
466,170,255,209
465,179,263,201
467,185,266,203
471,193,266,201
472,198,272,195
472,201,268,194
479,207,266,189
478,215,270,185
481,220,272,183
483,226,275,179
487,228,273,176
490,231,271,170
486,235,278,168
492,240,277,165
495,241,275,162
498,243,274,159
501,244,272,157
504,246,271,154
508,248,269,148
509,249,267,143
510,250,266,138
511,252,264,133
512,256,258,126
510,255,266,126
517,257,253,119
516,258,257,115
521,256,249,111
521,261,251,105
521,257,250,109
519,258,251,109
529,256,245,111
531,256,245,112
533,256,245,113
535,256,245,114
537,260,243,113
540,263,242,111
542,266,240,109
542,273,237,110
543,281,233,111
543,289,229,112
544,296,226,113
544,298,228,113
544,310,218,120
540,324,215,120
534,331,204,118
531,342,199,122
526,359,191,123
523,361,191,120
523,372,183,122
518,386,171,122
514,400,162,121
522,407,146,128
528,415,126,134
527,420,126,134
514,424,127,121
509,430,128,117
509,432,120,112
506,437,114,105
502,439,112,100
503,438,110,100
505,442,103,96
505,445,97,88
505,447,92,85
504,448,89,79
504,448,85,75
504,448,84,76
504,449,81,72
507,451,75,67
507,453,70,64
506,455,67,62
507,456,65,61
506,456,65,61
507,457,62,59
505,458,60,56
504,459,58,54
503,460,56,52
502,461,54,50
503,460,50,49
500,462,51,49
498,462,50,49
496,462,48,49
495,463,48,49
493,463,47,49
491,464,45,48
492,463,43,48
490,465,42,44
490,465,39,44
487,465,39,43
487,465,37,42
488,465,35,41
486,464,34,42
487,463,32,41
487,462,30,40
487,462,30,39
488,460,27,37
488,460,27,38
490,459,25,36
491,456,24,38
491,455,26,35
