620,116,636,601
621,120,638,597
623,124,640,593
625,128,642,590
626,132,645,586
628,136,647,583
630,140,649,579
631,144,644,574
633,148,639,570
635,160,639,558
637,173,640,546
635,187,645,532
632,201,647,518
630,225,650,494
629,228,651,491
626,243,653,476
623,264,656,455
621,281,659,439
618,303,642,416
615,319,607,400
613,314,610,405
609,336,551,383
605,350,504,369
601,365,460,355
597,380,379,329
593,388,360,314
593,391,358,311
588,400,357,300
583,411,321,277
578,418,294,258
573,425,266,239
570,430,245,221
567,429,242,221
564,431,223,207
561,433,207,199
558,440,183,179
555,441,167,172
552,442,154,161
549,443,155,158
546,443,144,152
544,444,132,145
540,442,124,143
537,442,117,137
535,442,110,131
535,443,108,129
533,443,101,123
532,443,95,117
530,443,89,114
530,444,83,107
529,445,82,103
529,447,80,102
528,448,78,100
527,449,75,97
527,450,71,91
526,452,68,85
526,453,64,81
524,453,66,78
525,455,59,75
524,456,56,72
523,457,54,69
523,458,51,65
522,458,48,62
522,459,46,60
522,460,44,58
522,460,41,56
522,461,39,54
521,461,38,52
519,461,36,50
517,461,35,49
516,461,38,47
515,463,37,45
512,462,36,45
511,463,36,44
509,463,35,42
508,464,35,40
507,464,33,39
505,465,32,37
504,466,31,36
502,466,30,34
501,467,29,33
502,468,28,34
500,468,28,34
498,469,27,33
496,470,26,32
494,470,25,31
492,471,24,31
492,472,24,29
490,472,23,29
488,474,21,27
485,474,21,27
482,474,20,27
479,475,20,24
480,475,19,25
477,476,20,25
474,477,19,24
472,477,19,24
