587,53,217,499
586,63,208,483
588,61,209,482
588,63,210,485
594,59,203,492
597,64,200,478
600,67,198,478
598,80,199,468
601,89,198,454
601,88,200,457
599,96,213,446
589,104,219,445
593,109,210,438
598,115,205,430
598,120,207,423
600,119,202,424
603,124,206,416
606,128,204,408
606,131,207,402
607,130,205,400
596,138,220,383
603,134,213,387
600,134,213,385
600,137,212,383
599,135,212,380
606,131,203,384
599,134,210,382
599,134,209,382
595,134,211,387
581,129,224,391
588,138,226,375
585,139,228,371
587,138,231,369
587,139,229,364
587,131,228,370
585,133,228,367
585,133,229,365
586,134,230,363
586,135,231,361
587,136,232,359
588,137,233,357
591,137,233,355
594,137,233,353
597,138,233,351
600,138,233,349
603,139,234,348
606,141,234,344
609,143,234,340
612,146,234,336
615,148,234,332
618,151,235,329
619,152,234,326
620,153,233,324
621,155,232,322
622,156,232,319
623,158,231,317
624,159,230,315
625,161,230,312
626,162,229,310
627,163,228,308
628,162,227,309
629,161,228,307
630,160,229,306
631,160,231,305
633,159,232,304
634,158,234,303
635,158,235,302
636,157,237,301
638,156,238,300
639,156,240,299
640,155,241,298
643,154,240,297
646,154,239,297
650,154,238,297
653,153,237,296
656,153,235,297
659,152,234,299
662,152,233,300
665,151,232,301
668,151,231,302
672,151,230,304
675,153,230,303
678,155,230,302
681,157,231,302
684,160,231,301
687,162,232,301
690,164,232,300
693,167,232,299
696,169,233,299
699,171,233,298
703,174,234,298
705,175,235,298
707,176,237,298
709,177,239,298
711,178,240,298
714,180,242,298
716,181,244,298
718,182,245,298
720,183,247,298
722,184,249,298
725,186,251,298
727,187,252,297
730,189,253,296
733,191,255,295
736,192,256,294
739,192,257,294
741,192,258,295
744,192,259,296
747,192,260,296
750,192,261,297
753,193,263,298
752,195,266,296
751,198,269,295
751,201,273,294
750,204,276,293
750,206,280,292
749,209,283,291
749,212,287,290
747,215,291,294
748,217,295,287
749,220,300,281
745,220,304,281
741,220,308,280
737,220,312,280
733,221,316,279
735,216,320,279
725,221,324,279
721,221,327,278
717,221,331,278
712,221,335,277
708,221,339,277
693,224,347,281
678,226,355,286
667,229,359,285
647,231,372,275
644,234,369,276
631,236,374,276
628,239,370,283
611,245,406,280
610,246,403,283
578,246,424,285
581,243,435,287
570,250,439,284
552,251,450,287
534,252,462,290
516,254,474,293
498,256,485,296
492,256,497,300
471,257,508,303
455,259,514,295
428,261,557,270
431,266,561,270
380,268,606,274
399,269,587,264
335,273,626,278
313,283,622,278
269,291,640,279
250,290,640,289
231,290,640,299
213,290,640,310
201,277,621,335
209,267,622,349
237,257,603,368
234,236,614,384
265,209,599,429
263,203,601,430
289,200,626,443
321,186,607,410
344,179,590,345
357,179,573,341
360,177,552,354
355,175,560,352
348,177,544,366
348,179,522,360
350,175,492,366
352,171,475,357
360,164,456,360
361,165,460,364
373,160,442,358
390,153,432,361
418,153,428,355
446,147,416,351
477,149,413,350
478,146,416,352
509,150,408,349
542,150,407,351
576,155,398,353
599,161,396,349
622,161,388,352
616,161,395,351
631,172,392,349
633,176,389,340
633,182,388,337
631,184,380,336
620,188,379,332
624,189,374,326
611,192,373,326
599,195,372,325
591,200,369,322
588,207,366,322
427,182,640,361
430,174,632,366
427,167,646,362
428,160,656,351
426,151,678,342
431,138,688,332
435,131,697,323
433,131,704,327
440,124,707,318
450,122,715,314
464,130,719,306
460,137,735,314
466,149,737,312
464,153,735,307
466,172,736,302
464,190,734,299
464,205,734,293
460,220,729,281
462,233,708,281
459,234,711,280
460,247,699,265
470,240,684,259
476,230,670,243
487,218,659,241
490,215,653,228
492,214,651,217
506,214,618,216
509,219,598,203
514,235,569,186
521,247,541,172
526,256,513,156
526,258,516,157
531,243,502,154
537,228,488,151
557,213,458,144
576,199,429,137
596,184,399,131
599,183,395,129
623,166,376,127
656,155,363,115
681,161,338,100
706,161,318,98
732,161,298,96
731,161,305,95
757,161,286,94
783,162,266,92
803,167,252,93
823,172,238,94
843,177,224,96
841,182,224,89
848,193,225,90
849,206,212,87
850,219,199,85
852,233,186,83
853,246,173,81
853,250,171,83
844,260,167,80
836,270,164,78
829,283,155,77
825,289,146,75
819,296,137,73
820,298,135,70
814,312,127,65
810,317,121,65
802,331,116,65
794,344,111,65
789,359,106,65
793,358,100,65
788,370,95,65
774,386,90,65
758,402,84,65
746,414,80,61
731,427,76,54
731,428,74,52
714,434,71,49
695,439,70,48
674,445,70,47
652,449,70,47
630,452,69,52
629,451,69,51
616,451,60,54
588,451,71,60
569,454,67,54
551,455,66,56
530,457,64,56
530,456,64,58
508,458,66,57
488,459,67,56
469,459,64,55
452,462,61,54
434,460,60,58
433,460,61,58
415,462,61,54
397,462,60,54
381,462,55,53
365,462,54,51
349,461,55,51
349,461,56,50
334,460,54,51
322,458,51,53
440,193,323,436
434,189,328,447
442,183,320,433
443,182,321,433
442,178,318,432
447,179,314,429
450,180,319,430
457,177,320,430
461,176,318,433
460,177,320,432
464,174,323,431
476,183,310,426
482,185,312,420
489,189,304,415
492,193,301,417
491,194,304,414
490,196,309,418
490,195,303,417
488,194,315,412
486,191,313,414
485,186,318,416
482,189,322,415
485,185,316,420
478,193,315,419
468,183,319,428
472,181,313,443
470,181,319,435
471,181,316,437
476,176,309,430
467,179,316,421
460,172,322,415
459,165,318,415
453,150,322,413
450,152,325,418
445,135,325,415
440,115,331,421
437,96,330,432
433,76,338,436
430,59,345,442
430,61,346,437
432,46,352,448
428,40,354,454
433,39,351,454
431,45,357,456
432,51,364,470
433,47,360,475
431,54,364,464
429,63,366,473
427,73,368,483
425,83,370,492
423,93,372,502
418,94,381,506
425,108,374,505
424,115,378,508
422,122,384,514
