310,119,166,144
310,120,172,143
311,121,175,142
312,122,179,141
313,123,182,140
313,125,185,139
314,128,187,138
315,130,190,137
316,133,193,137
314,135,196,132
312,138,198,131
311,141,200,131
309,144,203,130
308,147,205,129
306,150,208,129
305,153,210,128
303,156,213,127
302,159,215,127
300,162,218,126
299,165,220,125
298,169,223,125
297,171,223,123
297,174,224,122
297,176,225,120
296,179,226,119
296,182,227,118
297,183,229,116
298,184,231,116
299,186,233,115
300,187,235,114
301,189,238,113
303,192,237,110
305,195,238,108
307,198,238,105
309,201,237,103
311,204,238,100
314,207,238,98
321,211,243,96
326,215,241,93
331,219,240,91
336,224,239,89
341,228,238,87
347,233,237,85
352,237,236,83
357,242,235,81
354,241,237,81
355,243,243,83
356,240,239,87
357,259,242,72
357,267,241,68
358,275,240,65
358,278,239,62
358,280,237,64
358,283,236,65
358,286,234,67
358,288,233,68
359,293,231,68
360,297,230,68
361,301,229,67
362,305,228,67
363,310,228,69
371,315,226,69
372,321,224,70
373,321,222,71
375,325,220,72
379,333,218,73
380,336,216,73
382,339,214,74
384,345,213,75
385,345,211,76
386,348,209,77
385,351,208,76
387,356,205,76
381,357,205,75
380,359,204,74
381,358,202,74
379,362,201,73
376,366,196,72
374,369,195,72
372,373,188,71
369,377,192,71
372,376,184,73
374,380,180,70
373,383,178,70
376,384,175,71
378,385,172,70
383,388,167,70
383,387,166,70
387,388,162,71
390,390,164,71
395,392,161,72
397,394,162,71
396,394,158,72
399,394,155,72
402,394,153,73
406,394,151,74
409,394,149,75
412,394,147,75
416,394,145,76
419,394,143,77
423,395,141,78
430,394,137,78
437,395,134,78
444,396,131,78
451,397,128,78
455,398,126,78
459,399,125,78
464,400,123,78
473,404,120,78
478,406,114,81
483,413,112,78
483,413,112,78
491,419,109,81
484,423,112,81
502,435,101,82
499,438,97,83
505,448,94,79
508,451,95,80
508,457,95,78
514,467,96,76
519,473,95,72
526,478,93,71
531,482,83,64
533,483,83,66
537,487,82,60
545,491,78,58
559,493,72,53
565,494,76,54
568,495,74,54
568,495,73,55
582,499,68,55
585,497,72,56
590,500,74,56
599,501,69,57
604,506,68,53
605,505,67,54
610,508,68,53
616,512,67,51
618,515,72,50
627,518,67,50
632,519,67,55
635,520,68,54
640,523,70,53
643,525,71,54
647,528,72,53
651,531,74,52
655,531,76,52
657,532,74,52
668,534,68,51
677,534,65,51
679,535,67,54
684,536,65,51
691,537,61,51
691,537,61,51
699,537,57,50
708,537,52,49
714,536,51,48
721,534,49,47
727,531,48,48
727,532,49,48
735,531,46,44
740,527,45,45
747,525,44,43
755,523,41,42
762,520,38,43
762,520,38,43
770,519,36,40
776,516,35,40
783,514,34,40
788,513,34,39
793,510,37,38
792,510,36,38
799,507,33,37
803,505,35,37
809,502,36,37
814,499,33,36
819,497,32,35
819,496,32,36
826,492,29,36
830,490,32,35
837,487,28,35
842,484,26,34
848,481,26,35
847,482,28,35
