232,135,241,263
232,132,241,270
230,128,245,272
226,129,249,271
223,125,262,274
223,125,267,272
224,125,272,270
224,126,278,268
225,126,283,265
225,126,288,263
238,129,278,250
248,132,275,247
234,131,307,246
236,132,309,245
239,134,316,245
241,136,322,245
245,138,331,245
249,140,339,246
253,143,334,254
257,145,330,252
261,147,326,251
265,150,322,249
260,149,321,249
269,155,324,239
269,158,325,233
270,161,326,227
270,163,337,221
270,166,347,216
271,168,358,210
271,171,369,204
272,174,380,199
272,170,381,202
273,173,387,199
269,178,394,192
263,182,396,188
258,186,399,183
253,188,402,180
248,190,405,178
243,192,408,175
237,194,411,172
226,202,416,168
223,203,412,168
220,205,411,168
217,207,411,168
214,210,413,167
212,214,415,166
209,222,417,160
210,229,420,156
212,236,422,152
214,243,424,148
216,250,427,145
228,258,420,140
242,270,415,134
256,279,418,130
279,291,411,124
285,287,403,129
297,299,407,121
315,309,406,116
338,317,403,111
353,325,401,107
372,328,404,105
372,329,398,103
387,332,393,102
397,333,392,102
406,334,381,100
412,331,380,100
415,329,377,103
415,329,377,103
420,328,366,105
419,321,361,107
418,327,363,105
423,322,348,102
426,322,341,102
427,321,339,103
429,319,331,103
430,320,320,100
431,319,308,102
438,320,295,100
440,321,291,104
440,322,288,105
440,318,283,110
439,321,282,108
443,321,260,110
442,324,251,109
442,322,254,114
442,323,251,112
443,323,246,120
446,325,235,121
443,330,232,124
441,330,228,123
436,334,221,116
433,332,224,117
431,330,216,118
427,331,208,121
420,334,204,118
413,338,197,117
407,341,199,114
408,341,196,114
400,347,196,111
393,352,190,111
389,356,187,111
382,357,186,115
379,364,179,109
378,362,178,109
372,366,184,108
371,369,174,114
369,375,168,114
367,383,164,113
367,390,162,113
367,392,162,111
370,402,149,111
369,407,150,111
370,413,146,114
372,418,140,117
374,422,139,121
374,422,139,122
376,425,133,123
380,425,128,129
394,429,113,125
389,434,115,114
396,440,109,105
394,441,110,103
398,441,107,94
402,438,104,90
406,428,101,90
408,420,101,91
411,410,102,90
411,409,103,91
414,400,104,91
418,391,106,92
424,385,103,94
427,378,106,91
429,372,108,92
430,373,107,90
432,365,109,92
436,358,110,92
440,351,111,93
444,343,113,95
449,336,115,96
451,337,114,96
458,330,115,99
459,322,119,100
465,315,119,100
470,310,120,101
477,306,119,102
476,307,121,100
481,303,121,102
487,300,120,104
492,297,120,105
498,296,119,107
507,298,115,107
506,296,116,108
512,295,114,110
518,295,113,112
524,294,111,115
532,296,109,116
538,299,109,115
540,297,108,116
546,299,108,118
553,302,109,117
558,303,112,118
565,306,113,116
570,307,115,117
572,307,114,117
578,305,115,119
583,305,117,120
589,303,117,122
595,303,117,124
599,301,119,125
599,302,118,125
605,301,118,129
605,299,119,127
608,297,120,129
608,294,121,131
608,292,121,133
609,292,122,134
609,290,122,134
608,291,122,136
607,290,122,138
604,290,122,140
602,296,123,140
601,294,124,137
600,295,123,143
