629,145,223,167
625,144,228,167
627,144,229,170
625,147,240,171
622,147,241,170
622,150,244,169
622,153,248,169
622,157,252,169
626,160,256,170
628,164,270,171
628,166,269,169
625,168,272,164
627,172,275,162
623,176,281,157
626,181,286,152
629,182,288,153
631,184,288,149
634,186,289,146
636,188,289,142
630,190,292,138
625,192,295,135
621,196,298,131
620,196,299,129
617,201,294,120
618,206,292,117
617,215,288,110
616,220,288,109
618,227,286,103
619,227,287,103
623,234,282,95
628,235,277,96
630,239,279,89
634,239,279,88
644,242,269,82
643,244,270,80
652,244,267,78
653,250,265,75
656,252,256,75
656,255,252,74
653,260,246,68
658,259,243,73
654,262,233,77
650,266,232,82
643,272,227,76
638,277,222,79
635,282,210,77
633,283,210,73
629,287,209,73
624,293,212,73
618,297,204,73
612,303,197,75
608,305,198,77
604,308,199,75
600,311,200,74
599,317,193,73
598,323,191,73
597,330,189,72
596,336,186,72
595,334,186,74
598,339,182,72
598,343,181,73
604,344,172,71
608,346,168,71
619,348,159,72
617,348,159,70
625,349,156,72
631,346,150,74
638,344,147,75
639,343,148,75
641,343,149,76
642,343,150,77
645,340,145,79
652,340,140,79
657,340,133,79
660,341,132,79
665,344,125,78
664,345,127,77
660,344,133,79
665,349,127,77
662,352,128,76
666,356,126,77
676,359,118,77
673,359,123,78
679,361,112,75
689,364,105,75
697,368,96,74
700,372,96,75
709,376,89,74
706,377,91,72
717,380,84,74
724,380,81,78
727,380,77,82
735,386,69,73
736,385,69,70
736,386,69,69
736,384,69,68
734,379,68,67
733,376,67,69
730,375,67,70
726,374,69,72
727,377,71,71
724,375,71,70
722,375,70,70
718,375,71,70
717,376,69,70
716,379,68,69
715,379,69,69
713,381,69,69
711,384,68,68
709,384,66,68
707,385,59,70
