680,264,218,265
657,254,229,265
634,244,240,265
631,239,243,269
613,230,250,268
595,221,257,267
597,211,252,268
588,204,261,267
576,194,264,267
571,192,266,268
565,182,268,268
561,179,269,260
556,173,272,259
552,167,275,259
548,161,278,259
544,155,284,264
547,152,274,262
545,149,274,262
543,147,275,262
546,147,272,257
542,148,280,256
542,148,277,253
542,149,281,252
543,151,285,252
544,153,289,252
545,155,293,252
547,157,291,248
547,158,291,248
551,159,293,245
552,161,289,242
554,162,290,240
554,163,289,239
552,162,285,236
554,163,282,237
554,165,284,231
554,167,286,226
556,167,283,222
558,166,280,219
558,165,282,216
558,166,281,215
564,169,275,206
570,168,272,203
576,169,270,204
582,170,263,200
590,169,259,195
587,169,263,195
595,170,257,188
599,167,258,182
600,167,260,176
601,167,262,171
603,167,265,166
607,168,257,162
608,163,262,161
615,164,259,154
622,165,256,148
629,166,254,142
637,167,251,135
637,166,248,135
651,170,244,134
648,179,250,131
646,188,257,128
645,199,255,124
645,211,254,121
642,216,256,117
639,234,253,112
636,252,249,108
634,269,244,107
632,285,239,106
630,302,234,105
631,307,232,104
629,320,230,103
632,337,223,108
637,349,216,110
641,360,208,111
646,372,201,112
647,374,197,115
651,388,186,119
648,401,184,121
651,419,178,117
648,430,168,114
646,441,158,113
646,440,154,114
648,450,137,109
644,457,135,99
632,461,127,92
630,463,123,87
628,466,119,83
629,467,119,83
626,467,111,83
628,464,103,88
623,462,99,89
618,460,96,91
614,460,93,92
613,460,94,92
607,465,88,89
600,471,85,87
594,477,82,85
587,482,79,83
581,488,76,81
583,488,74,81
577,493,76,82
574,499,72,78
572,505,68,75
569,512,65,72
567,518,61,68
566,522,59,67
564,525,57,65
563,529,56,63
562,532,54,62
561,536,52,60
560,540,51,59
560,540,51,59
561,543,49,58
561,546,47,57
562,548,46,56
561,547,45,55
561,547,43,53
561,547,43,52
561,546,41,52
561,545,41,50
561,544,40,50
560,543,40,47
560,542,39,46
560,542,39,46
560,541,38,45
559,540,37,45
558,539,37,45
558,537,36,44
558,536,35,43
559,536,33,43
