561,278,229,255
547,263,236,256
550,261,229,258
540,248,226,256
530,235,224,254
520,222,222,253
510,210,220,252
502,201,218,247
504,203,216,243
493,193,221,242
483,183,226,242
477,179,224,241
472,175,223,240
463,171,229,239
459,167,230,238
456,163,230,237
452,159,234,235
448,155,238,233
444,151,242,231
441,151,246,228
443,153,248,227
446,151,246,221
451,156,248,216
447,158,255,214
458,160,253,216
462,164,259,214
461,166,258,210
466,170,255,209
465,179,263,201
467,185,266,203
471,193,266,201
472,198,272,195
472,201,268,194
479,207,266,189
478,215,270,185
481,220,272,183
483,226,275,179
487,228,273,176
490,231,271,170
486,235,278,168
492,240,277,165
495,241,275,162
498,243,274,159
501,244,272,157
504,246,271,154
508,248,269,148
509,249,267,143
510,250,266,138
511,252,264,133
512,256,258,126
510,255,266,126
517,257,253,119
516,258,257,115
521,256,249,111
521,261,251,105
521,257,250,109
519,258,251,109
529,256,245,111
531,256,245,112
533,256,245,113
535,256,245,114
537,260,243,113
540,263,242,111
542,266,240,109
542,273,237,110
543,281,233,111
543,289,229,112
544,296,226,113
544,298,228,113
544,310,218,120
540,324,215,120
534,331,204,118
531,342,199,122
526,359,191,123
523,361,191,120
523,372,183,122
518,386,171,122
514,400,162,121
522,407,146,128
528,415,126,134
527,420,126,134
514,424,127,121
509,430,128,117
509,432,120,112
506,437,114,105
502,439,112,100
503,438,110,100
505,442,103,96
505,445,97,88
505,447,92,85
504,448,89,79
504,448,85,75
504,448,84,76
504,449,81,72
507,451,75,67
507,453,70,64
506,455,67,62
507,456,65,61
506,456,65,61
507,457,62,59
505,458,60,56
504,459,58,54
503,460,56,52
502,461,54,50
503,460,50,49
500,462,51,49
498,462,50,49
496,462,48,49
495,463,48,49
493,463,47,49
491,464,45,48
492,463,43,48
490,465,42,44
490,465,39,44
487,465,39,43
487,465,37,42
488,465,35,41
486,464,34,42
487,463,32,41
487,462,30,40
487,462,30,39
488,460,27,37
488,460,27,38
490,459,25,36
491,456,24,38
491,455,26,35
