779,235,90,120
778,234,90,120
777,233,90,120
775,232,90,119
774,231,90,119
773,230,90,118
771,229,90,118
770,227,90,118
769,226,90,117
768,227,90,117
767,228,82,118
766,230,82,118
765,232,82,119
764,235,82,120
763,237,82,121
762,240,82,122
761,242,82,122
760,244,84,123
759,247,86,124
758,249,88,125
758,252,90,126
758,254,90,127
759,257,91,129
760,260,92,130
761,263,92,132
762,266,93,133
763,269,94,135
764,272,94,137
765,275,95,138
767,277,98,136
770,279,98,136
774,280,99,135
778,282,99,135
782,284,100,134
786,282,100,136
789,281,100,138
792,279,100,139
796,278,101,141
799,277,101,143
797,278,105,147
795,279,109,151
795,278,112,152
795,277,114,153
795,276,116,154
797,275,115,157
800,278,120,156
799,276,123,157
798,274,126,158
797,273,127,159
797,269,128,160
796,265,129,161
795,260,130,162
795,256,131,163
795,252,132,164
794,248,133,165
786,233,146,171
773,226,159,167
771,225,161,170
774,224,157,168
773,223,156,173
778,223,151,176
776,226,155,182
775,229,158,188
774,233,162,194
775,236,163,191
777,240,164,189
775,243,168,190
773,246,173,190
771,254,181,189
769,253,181,192
767,256,185,193
761,257,191,195
755,257,196,196
747,263,208,193
741,263,212,194
736,262,217,195
730,262,221,196
725,261,225,197
719,261,229,198
714,261,234,200
706,261,238,208
699,260,242,208
699,259,238,210
684,263,250,209
676,264,253,209
677,268,257,209
668,269,261,209
658,271,265,210
649,271,269,210
639,272,272,210
629,274,276,210
633,281,285,212
638,288,293,213
642,312,302,215
643,311,311,217
646,324,319,218
658,329,327,219
670,335,336,221
680,337,335,220
690,339,335,219
700,341,335,218
708,341,325,229
708,346,322,229
696,359,330,220
681,351,341,231
680,355,339,223
674,357,341,227
653,331,359,253
624,306,384,276
613,276,386,312
607,264,389,349
616,255,429,391
622,252,427,392
610,250,487,394
592,259,492,321
549,274,516,314
532,293,540,335
514,297,541,321
514,294,543,324
486,311,545,327
454,307,569,342
409,308,589,332
393,321,587,321
382,325,582,313
380,329,584,312
366,335,587,294
344,312,606,310
340,307,598,297
355,294,608,283
355,277,590,273
364,279,581,273
360,259,587,270
352,246,591,261
338,245,610,250
333,249,606,241
325,253,605,248
322,256,598,238
312,268,601,232
297,283,603,241
277,294,619,234
264,314,591,238
249,328,573,231
254,323,573,236
228,344,582,238
