1095,228,9,15
1094,229,9,15
1094,229,9,15
1094,229,10,15
1094,229,10,15
1094,228,10,15
1093,227,10,15
1093,227,10,15
1094,227,10,15
1094,227,10,15
1094,227,10,15
1094,227,10,15
1094,228,10,15
1094,228,11,15
1094,228,11,15
1094,228,11,15
1094,228,11,15
1094,229,11,15
1094,229,11,15
1094,229,11,15
1094,229,11,15
1094,229,11,15
1094,230,11,15
1094,230,11,15
1092,230,11,15
1092,231,11,15
1092,231,11,15
1092,231,11,15
1092,231,11,15
1091,232,11,15
1091,232,11,15
1091,234,11,15
1091,234,11,14
1090,234,12,15
1090,234,12,16
1090,235,12,16
1089,235,12,16
1088,237,13,16
1088,236,13,17
1087,237,13,17
1086,237,13,17
1085,237,13,17
1085,237,13,17
1084,237,13,17
1083,237,13,17
1083,238,13,16
1083,239,13,16
1082,239,13,16
1081,239,14,17
1080,239,14,17
1079,239,14,18
1078,239,14,18
1076,240,15,19
1075,240,15,19
1073,241,15,20
1071,241,15,20
1068,243,16,21
1068,243,16,21
1066,244,18,22
1066,246,16,22
1064,246,17,23
1062,246,18,24
1061,247,19,26
1061,248,19,25
1058,250,19,26
1058,251,20,25
1054,252,21,27
1052,255,20,27
1051,258,20,27
1051,258,20,28
1049,261,21,28
1048,265,22,26
1046,265,22,27
1044,270,23,27
1043,271,22,29
1043,271,22,29
1041,274,24,29
1040,277,23,29
1038,280,25,30
1037,282,25,31
1035,286,27,31
1033,287,28,32
1031,289,29,32
1028,290,30,33
1026,292,31,34
1024,293,32,35
1022,295,33,37
1022,296,34,37
1019,298,33,37
1015,299,36,38
1012,301,37,39
1009,302,39,40
1006,303,42,42
1004,304,44,43
997,304,48,47
991,304,52,50
985,304,57,54
979,301,59,59
973,304,65,60
972,305,65,59
961,303,70,64
947,301,85,72
933,299,92,79
915,297,111,87
901,294,123,98
904,292,122,98
888,284,149,118
866,281,189,135
848,273,241,159
830,264,313,205
756,253,439,251
758,258,459,252
628,232,649,323
410,215,869,357
218,198,995,445
173,183,847,462
200,199,614,400
202,196,614,401
270,214,431,317
339,228,305,252
407,249,237,210
465,270,171,182
511,279,170,176
514,283,167,171
540,290,153,168
566,297,140,164
585,292,125,173
590,276,128,191
595,260,132,210
600,260,126,212
613,235,126,244
630,209,131,275
639,179,135,311
644,163,146,333
654,156,148,345
657,156,143,342
661,154,159,384
665,148,172,390
659,145,184,389
644,149,195,394
630,167,204,366
631,158,200,372
615,176,213,349
605,195,219,328
600,204,225,307
595,212,229,291
592,215,226,276
591,216,227,276
585,219,224,255
579,220,222,247
573,229,222,235
626,319,164,170
614,313,168,165
611,311,172,169
604,304,175,166
599,299,178,166
595,295,181,166
591,290,185,167
587,286,188,167
583,281,191,167
573,277,195,168
569,277,197,165
566,274,204,166
560,272,206,165
555,270,212,160
556,268,212,162
553,265,213,160
550,262,218,160
550,260,223,159
548,258,227,161
547,257,232,159
546,259,234,155
547,257,235,159
543,257,239,152
535,257,251,152
532,258,259,153
532,258,252,147
531,258,253,147
522,257,261,147
519,254,271,151
514,253,274,149
512,252,275,152
502,247,284,152
503,249,283,150
498,250,288,151
493,252,294,152
488,254,299,153
483,256,305,154
483,260,302,153
483,258,307,155
478,259,312,151
474,260,318,148
470,260,327,149
467,261,337,151
466,264,341,149
470,263,341,151
464,267,344,146
459,271,348,142
454,275,352,138
457,277,353,134
456,276,355,138
458,277,355,139
456,277,358,140
455,278,362,141
459,276,357,143
451,279,363,143
450,282,360,140
450,286,357,137
441,291,360,136
437,291,362,138
437,300,363,130
439,303,355,128
436,306,356,126
433,310,357,124
431,313,358,122
428,317,359,120
430,322,360,113
428,323,360,110
426,324,361,108
425,326,362,106
433,327,345,105
433,327,348,102
441,327,337,103
439,320,342,101
456,321,334,93
457,322,330,95
464,321,325,94
472,321,321,94
480,321,316,94
488,321,312,102
498,332,309,101
500,331,307,101
505,341,305,101
511,350,303,101
517,360,301,101
519,366,296,106
523,364,290,102
528,362,285,99
533,361,280,96
539,349,276,96
546,337,273,97
553,326,270,98
560,311,265,97
563,310,261,97
569,294,257,95
576,278,253,94
583,269,248,93
591,260,243,92
599,251,236,91
598,253,239,91
619,242,223,92
626,237,222,91
637,231,215,88
648,226,208,86
662,211,206,93
661,216,202,89
678,213,193,84
687,198,187,95
691,207,188,87
707,206,180,85
713,211,178,82
711,209,182,86
725,209,170,90
732,218,167,84
739,220,162,87
746,225,159,86
752,234,156,80
754,236,153,80
756,239,151,81
766,246,149,82
774,250,149,82
782,259,142,82
793,268,129,79
795,269,129,78
805,280,119,79
809,293,119,79
821,307,111,78
823,324,107,76
829,336,99,76
827,337,99,75
833,353,92,76
836,364,86,76
838,377,83,65
835,386,85,62
837,394,81,63
836,393,80,61
837,401,76,61
838,408,71,61
834,415,73,62
830,421,75,65
828,425,74,65
829,427,75,64
828,431,70,63
828,437,66,64
823,442,66,62
818,445,67,61
813,449,63,63
812,449,64,63
808,451,61,64
803,457,59,61
