591,125,375,261
573,118,388,264
566,113,400,261
549,118,414,257
558,114,404,260
553,119,401,245
545,114,412,243
528,114,423,233
514,119,420,222
505,122,434,217
510,121,431,224
500,126,438,215
484,130,448,209
471,135,455,200
467,139,454,202
459,145,458,196
455,147,461,198
447,155,477,193
429,165,486,192
420,169,484,187
414,177,483,188
402,185,480,176
402,184,475,175
403,193,482,167
403,198,482,164
404,204,485,161
405,212,485,161
411,220,488,162
404,222,494,162
414,228,487,161
418,238,493,156
423,247,508,157
433,263,502,152
447,270,502,153
445,271,509,153
462,279,504,149
478,284,501,148
483,287,504,140
490,286,504,133
496,282,498,128
497,280,502,133
500,279,500,121
503,273,502,123
510,271,493,125
507,267,496,127
506,265,489,130
504,264,497,127
505,267,487,125
494,267,490,119
483,265,487,121
473,268,486,121
472,272,475,124
471,271,478,125
468,272,465,123
469,271,462,123
464,266,458,125
464,265,456,125
462,261,456,127
459,262,460,125
459,260,454,126
462,266,446,121
466,259,439,132
466,263,433,131
468,266,426,126
469,266,421,127
469,267,414,128
469,268,407,130
468,271,403,129
468,274,393,130
467,276,386,129
462,282,398,125
466,279,378,128
465,281,371,128
463,281,366,127
461,285,359,124
466,287,347,120
463,286,350,120
472,286,338,120
476,289,333,119
485,290,326,120
487,299,326,106
508,301,311,99
507,301,312,100
518,301,305,98
533,303,297,98
547,304,290,97
560,305,282,98
575,306,273,96
573,308,275,94
583,311,270,92
598,317,258,91
603,322,260,89
611,327,246,90
618,332,239,89
622,337,235,87
626,342,230,86
630,348,226,85
634,353,222,84
638,358,217,83
643,360,213,86
643,360,212,87
644,363,203,88
644,364,197,88
645,365,190,88
645,365,184,87
644,366,179,87
644,367,174,87
643,368,169,86
642,369,164,86
642,369,159,86
639,370,156,82
636,371,153,79
633,372,150,76
630,373,147,73
628,373,144,69
624,373,139,69
620,373,135,69
616,372,131,69
613,372,127,68
611,372,124,68
609,372,121,67
607,372,118,67
605,371,115,67
603,369,115,70
604,368,115,70
601,370,110,69
596,368,111,70
592,369,107,70
588,369,104,70
584,370,102,70
582,372,103,69
580,373,97,68
573,373,98,73
569,374,95,71
564,375,90,69
559,375,81,64
555,376,82,62
551,378,81,60
546,378,76,60
541,379,77,58
536,379,78,56
525,380,76,55
527,378,75,54
517,379,72,52
508,377,72,55
501,376,65,50
493,377,63,51
481,375,63,48
480,374,63,48
471,374,58,44
460,370,58,43
445,371,59,39
432,368,60,38
421,365,56,38
419,366,59,37
405,363,58,36
391,358,60,37
379,350,56,40
363,345,59,43
350,340,57,42
350,340,58,43
334,332,59,45
320,324,58,48
303,317,61,50
288,309,57,52
274,302,56,53
274,301,55,53
262,295,52,55
246,287,51,56
235,281,48,56
220,273,49,56
206,262,47,59
206,261,46,60
193,255,46,60
