595,185,497,534
600,183,494,535
605,182,491,536
610,181,489,537
616,181,486,537
621,180,484,538
626,180,481,538
632,179,478,539
637,179,476,539
642,178,473,540
648,178,471,541
647,179,473,538
647,181,475,536
647,183,477,534
647,185,480,532
647,186,482,529
647,188,484,527
647,190,486,525
647,192,489,523
644,195,494,524
642,198,500,521
640,201,505,518
638,204,511,515
636,208,517,511
634,211,522,508
632,214,528,505
624,219,535,500
617,224,542,495
609,229,549,490
602,234,556,485
597,245,555,474
578,263,574,456
569,263,598,456
548,283,606,436
527,304,615,415
506,324,623,395
485,351,631,368
464,376,640,343
457,380,645,339
429,403,651,316
401,425,665,294
367,437,679,282
342,431,676,288
312,444,677,275
312,443,687,276
291,446,682,273
285,461,663,256
289,474,651,245
289,482,616,237
295,484,579,235
298,484,577,235
307,486,534,233
310,501,483,218
318,504,447,215
322,496,413,223
334,480,367,194
335,484,366,188
351,462,331,183
364,441,293,183
377,419,259,175
390,398,225,167
