1,1,1152,717
3,0,1133,713
0,12,1150,694
0,14,1098,683
8,10,1095,700
0,9,1090,693
3,9,1102,696
9,6,1058,699
3,5,1076,699
8,0,1067,704
1,1,1112,717
0,0,1114,720
6,0,1110,720
237,0,739,640
352,16,532,560
412,62,415,477
455,105,336,411
457,107,333,407
487,147,277,349
515,191,226,280
527,203,204,268
538,222,184,246
550,241,158,222
554,248,154,211
558,256,145,200
566,263,128,188
569,271,121,177
572,278,114,163
574,286,107,154
577,288,100,150
580,295,93,142
580,299,89,136
581,303,85,130
582,307,81,123
583,311,77,117
583,315,73,111
584,319,69,106
585,321,65,101
585,327,61,94
586,331,56,88
587,335,52,82
586,337,50,79
586,339,48,76
586,341,46,74
586,343,44,71
586,345,42,69
586,347,40,66
586,349,39,62
586,351,38,60
587,351,37,58
587,353,36,58
588,358,33,51
588,359,32,49
588,359,32,49
589,359,31,48
589,362,30,45
589,363,29,44
589,365,29,42
589,365,28,40
589,367,28,40
591,366,27,42
590,368,28,38
591,368,26,36
591,369,26,36
592,370,25,35
592,371,25,34
593,371,25,34
594,371,24,33
595,372,24,32
596,372,23,32
598,374,22,29
598,373,21,29
599,374,20,28
601,376,19,28
602,376,19,27
603,377,19,26
604,377,18,25
604,377,18,25
604,378,18,24
605,380,18,23
608,380,16,21
