544,194,172,413
540,195,174,414
537,202,172,401
540,204,165,396
540,210,167,385
545,214,165,374
545,215,170,369
548,216,165,367
546,217,169,360
550,216,171,357
551,216,175,349
550,208,182,352
548,206,181,351
550,205,180,352
546,206,183,346
547,204,187,342
549,203,185,342
548,202,185,341
548,201,184,341
547,200,183,340
547,199,183,340
543,198,185,338
543,196,186,339
542,194,187,338
542,192,188,339
541,190,189,338
541,189,190,339
542,189,190,342
546,192,189,338
547,191,191,338
553,191,185,345
553,191,186,345
553,191,188,345
553,191,190,345
553,191,192,345
553,191,194,345
553,191,196,345
553,191,198,345
553,191,200,345
560,190,200,345
567,189,199,345
574,188,199,345
581,187,199,346
585,187,199,343
588,187,201,343
591,187,203,342
595,187,205,341
598,187,207,340
601,187,209,339
604,186,209,337
611,185,209,335
620,184,208,334
628,182,209,332
640,183,211,333
647,177,216,339
648,179,216,336
650,174,216,339
650,172,220,344
651,172,221,346
648,174,225,344
650,178,223,344
649,177,224,344
649,176,225,345
649,175,226,346
649,174,227,347
649,173,228,348
646,173,229,350
644,173,230,352
641,173,231,354
635,177,231,357
630,181,230,360
624,185,230,362
619,189,229,365
617,190,224,362
616,187,227,361
614,188,227,353
611,188,227,355
608,189,223,349
604,189,222,349
601,190,222,348
598,190,221,347
593,195,220,345
588,200,220,343
583,206,220,341
582,208,220,337
582,210,220,332
581,212,220,327
580,214,221,323
586,208,221,318
591,203,221,313
596,198,221,308
597,198,221,305
603,196,222,302
608,194,222,299
614,192,223,296
619,190,223,292
623,192,223,292
627,194,223,291
635,196,225,290
644,198,227,289
652,200,230,289
655,202,233,289
657,204,236,289
660,207,240,290
663,215,243,289
666,224,247,288
670,232,251,288
671,238,253,287
672,244,255,285
673,250,257,284
674,256,259,283
680,259,263,280
686,263,266,277
693,266,270,274
699,270,274,271
699,270,280,272
698,270,286,272
698,269,293,272
698,269,299,273
697,269,305,273
693,267,313,266
694,264,320,266
694,261,327,266
694,257,334,266
694,253,341,266
694,250,348,266
693,246,356,266
693,243,363,266
697,235,370,266
701,228,377,266
705,221,384,266
690,218,404,278
669,220,428,274
662,222,441,273
642,223,465,282
627,227,485,289
611,230,507,293
597,218,526,323
567,199,559,356
566,195,566,370
551,192,587,385
527,175,602,408
514,156,658,478
466,121,764,565
445,114,792,569
446,120,784,562
417,115,828,524
381,131,851,467
334,142,884,476
326,159,812,465
318,176,740,455
318,181,733,448
339,186,666,435
348,203,612,416
385,213,535,388
401,221,497,370
431,223,455,355
432,224,453,350
449,223,439,350
455,215,457,356
507,223,443,357
543,216,428,361
589,217,423,372
582,219,425,371
599,224,421,373
616,230,416,376
634,236,412,379
675,177,208,149
671,175,212,148
667,173,216,147
657,171,224,146
653,169,229,145
651,167,230,143
639,165,241,142
641,163,238,141
640,161,239,140
636,159,243,139
631,157,247,137
632,154,242,131
629,156,252,133
622,159,256,132
615,161,261,131
608,164,266,130
601,166,270,129
594,167,276,129
586,169,283,128
579,170,289,128
571,172,295,127
566,172,299,127
562,172,303,127
552,170,309,122
543,168,316,117
535,168,322,118
533,167,322,116
522,167,324,114
511,167,326,111
500,167,327,109
490,167,329,104
488,164,330,102
487,162,331,101
486,160,331,98
485,158,332,95
484,156,333,93
483,154,333,90
491,154,331,88
491,155,331,87
492,156,331,86
493,157,331,85
499,162,327,84
501,166,315,85
502,166,315,85
503,167,316,85
511,167,310,85
519,168,304,85
527,169,299,85
536,166,297,86
541,163,292,82
541,164,294,83
545,165,293,83
548,166,289,84
551,167,285,85
551,168,281,86
552,170,277,87
551,172,279,88
551,176,272,90
552,181,266,91
552,186,263,92
553,191,259,93
555,193,255,93
558,195,251,93
561,197,247,92
565,198,243,91
570,200,239,89
574,201,235,87
578,202,231,85
581,203,227,83
585,204,223,81
587,208,223,80
593,204,218,88
596,209,215,85
602,213,210,83
608,217,205,82
613,221,200,81
619,225,195,80
621,227,194,83
623,230,193,86
625,233,192,88
628,235,188,87
632,237,183,85
636,239,179,83
640,241,174,82
644,243,170,85
649,246,167,88
649,247,163,85
649,249,160,88
649,251,157,90
651,257,146,91
654,264,136,92
656,270,132,97
657,270,129,97
654,276,126,102
651,283,122,107
648,289,118,113
646,296,115,103
643,303,115,98
643,303,113,99
638,309,114,97
627,311,112,96
626,312,104,100
621,314,104,100
615,315,103,106
610,318,102,106
605,321,102,105
599,324,101,103
593,327,101,102
587,330,100,100
581,333,100,99
579,333,103,99
573,332,101,99
568,331,99,99
563,330,97,97
558,330,95,95
553,329,93,93
556,330,89,93
552,327,85,91
548,321,83,92
542,316,83,94
675,131,352,470
685,141,340,468
687,142,348,471
689,144,357,474
691,146,366,477
694,148,361,479
697,150,356,480
700,155,353,479
696,158,356,476
692,162,358,473
689,166,361,470
682,167,363,466
676,167,365,463
669,168,368,461
666,165,369,458
662,162,371,454
659,153,372,457
655,144,374,459
652,135,384,463
654,126,400,479
655,130,395,470
658,137,407,470
661,145,412,470
663,154,417,471
656,165,432,464
651,171,438,469
654,171,429,469
673,176,425,473
675,182,439,465
681,189,449,459
687,185,435,458
677,182,455,453
679,180,450,454
676,177,455,441
668,166,470,442
662,158,480,438
660,145,478,446
664,128,467,452
669,129,474,450
672,114,469,453
675,99,465,456
