440,193,323,436
434,189,328,447
442,183,320,433
443,182,321,433
442,178,318,432
447,179,314,429
450,180,319,430
457,177,320,430
461,176,318,433
460,177,320,432
464,174,323,431
476,183,310,426
482,185,312,420
489,189,304,415
492,193,301,417
491,194,304,414
490,196,309,418
490,195,303,417
488,194,315,412
486,191,313,414
485,186,318,416
482,189,322,415
485,185,316,420
478,193,315,419
468,183,319,428
472,181,313,443
470,181,319,435
471,181,316,437
476,176,309,430
467,179,316,421
460,172,322,415
459,165,318,415
453,150,322,413
450,152,325,418
445,135,325,415
440,115,331,421
437,96,330,432
433,76,338,436
430,59,345,442
430,61,346,437
432,46,352,448
428,40,354,454
433,39,351,454
431,45,357,456
432,51,364,470
433,47,360,475
431,54,364,464
429,63,366,473
427,73,368,483
425,83,370,492
423,93,372,502
418,94,381,506
425,108,374,505
424,115,378,508
422,122,384,514
