612,224,254,317
611,217,254,319
613,213,255,316
611,212,258,313
612,212,260,307
610,213,260,305
612,210,261,305
614,205,259,306
614,199,263,309
613,194,266,307
611,194,262,308
611,187,262,309
612,180,263,310
613,173,264,311
614,166,265,312
615,159,266,313
612,156,271,313
610,154,276,313
607,148,274,316
605,142,272,319
603,137,271,322
595,129,277,326
593,130,282,326
593,130,282,326
592,130,282,326
592,130,281,327
578,119,284,336
575,116,284,335
575,118,286,336
573,119,288,334
577,125,286,334
577,122,290,337
575,120,292,338
572,118,294,344
571,116,302,339
573,110,303,344
576,105,304,349
577,98,307,350
578,90,309,351
585,82,309,351
592,75,310,351
594,69,304,358
601,64,309,350
609,55,311,356
614,50,302,361
621,47,312,362
622,51,316,363
624,52,312,362
625,52,317,365
627,55,317,366
624,55,321,372
621,56,324,379
618,57,328,386
615,56,332,387
612,55,336,388
609,50,340,393
606,45,343,398
606,43,344,402
605,40,345,406
605,37,346,409
604,35,347,413
597,32,351,410
593,33,352,413
589,33,353,416
585,34,355,419
581,35,356,422
576,38,359,427
571,41,361,433
566,44,364,438
561,47,367,444
558,50,373,437
558,50,374,440
559,51,376,444
557,57,380,447
554,63,383,449
552,69,387,452
549,75,391,454
551,78,390,454
535,81,401,454
528,88,406,452
536,101,393,445
536,111,394,433
537,121,396,421
542,124,394,419
546,126,392,417
550,129,390,415
546,125,396,415
542,120,403,414
547,121,405,400
549,115,407,401
550,110,409,402
554,112,410,400
558,114,412,398
562,116,413,397
563,118,417,394
565,120,420,391
567,122,424,388
568,124,428,386
570,126,431,383
572,128,435,380
575,130,438,369
574,130,439,369
576,131,447,367
576,131,448,367
576,126,449,368
575,127,451,365
575,129,454,354
576,126,454,358
580,130,454,359
586,128,456,362
587,128,442,365
587,136,450,350
603,143,482,348
605,148,479,345
612,154,485,343
618,165,494,340
623,173,499,339
619,181,508,339
624,193,515,330
621,195,513,328
631,204,492,322
611,211,501,328
600,217,502,327
562,226,518,321
550,240,521,310
552,237,520,312
528,238,533,310
510,243,527,299
475,241,577,301
472,241,580,310
459,240,572,303
455,233,573,312
448,225,578,325
446,218,578,334
421,201,604,369
435,182,577,393
418,172,586,422
413,170,591,423
417,159,621,478
408,163,614,397
400,166,609,368
403,170,609,376
397,180,609,362
404,182,603,364
401,192,587,378
400,187,568,386
395,180,566,382
377,168,566,392
374,154,562,387
375,159,561,380
364,143,558,384
378,112,537,395
368,123,547,366
369,118,546,368
380,125,542,350
375,126,543,347
380,128,539,326
396,127,523,315
399,130,527,298
406,138,530,289
418,139,520,276
420,135,517,281
423,141,515,265
433,140,512,258
449,145,504,255
451,153,497,253
456,157,485,249
458,156,483,251
463,164,476,248
470,168,462,244
