398,5,410,713
406,8,384,711
418,6,365,714
415,7,365,713
428,11,344,709
421,35,331,684
430,56,323,663
436,77,318,642
447,82,319,635
441,101,321,618
453,125,303,593
463,152,313,567
472,171,323,548
483,193,333,526
499,196,343,523
498,197,331,522
503,203,372,517
516,198,360,521
530,190,378,530
532,193,389,526
540,189,404,530
539,188,413,531
541,187,432,532
542,188,452,531
548,192,472,527
554,196,491,523
557,204,511,515
562,207,531,512
553,204,542,515
550,191,566,528
529,175,590,544
516,143,613,576
477,106,664,613
479,107,662,612
439,79,713,640
384,49,796,670
325,14,861,705
262,0,942,720
194,0,1026,720
196,0,1040,720
124,0,1130,720
63,9,1201,701
34,38,1246,682
44,70,1236,650
58,125,1205,595
78,129,1187,591
118,172,1094,531
179,223,942,445
227,256,825,410
261,286,723,384
296,300,617,374
285,300,623,370
313,311,534,341
324,322,459,313
344,337,389,291
363,348,337,265
377,363,301,237
377,366,298,236
402,376,266,228
433,384,231,209
462,394,198,189
483,403,183,166
509,408,162,163
509,408,162,159
531,409,147,151
553,411,133,138
571,414,123,132
588,416,113,126
602,414,103,114
604,413,101,115
615,413,95,109
627,410,87,103
639,410,82,97
651,408,77,91
664,407,72,86
665,405,71,89
672,404,70,84
680,402,67,82
688,401,63,78
698,403,57,72
704,403,58,68
706,405,55,67
710,404,53,65
715,403,51,63
720,402,49,61
725,401,47,60
730,400,44,58
733,400,42,56
736,399,40,55
739,397,38,53
743,396,36,52
746,395,36,51
749,394,36,50
750,393,36,49
755,392,35,47
758,391,35,46
