447,233,267,403
439,228,271,404
432,224,276,406
425,220,280,407
418,216,285,409
412,215,288,411
407,214,291,413
401,213,294,416
396,212,297,418
391,211,299,428
387,220,296,420
384,217,298,423
382,214,301,426
380,212,304,430
378,208,306,433
375,205,308,436
373,201,310,438
371,197,312,441
369,194,314,444
366,190,316,447
369,194,317,444
366,191,318,446
363,188,320,449
361,186,322,452
358,183,324,454
356,181,326,457
353,178,328,460
350,175,330,463
348,173,332,465
345,170,337,474
343,168,335,473
343,170,336,474
343,172,337,476
343,174,338,478
344,176,339,479
344,178,341,481
345,180,342,483
345,181,343,484
346,183,345,486
347,185,345,482
348,187,345,478
346,186,346,477
345,186,348,476
343,185,350,476
342,185,352,475
340,184,353,475
334,190,355,469
327,195,356,463
320,201,357,458
313,206,359,452
311,210,362,449
307,216,367,447
304,222,372,446
301,222,371,445
298,222,369,445
296,223,368,444
293,224,374,442
290,226,379,439
287,227,385,436
284,229,391,434
281,231,397,432
279,228,400,430
278,225,403,429
277,222,406,428
275,219,409,426
274,215,412,425
273,212,415,424
271,209,418,422
270,206,421,421
269,203,424,420
271,198,440,411
279,187,437,412
279,184,444,410
280,180,451,409
280,177,458,408
281,174,466,406
279,176,471,405
276,178,476,404
274,180,481,403
272,182,487,403
270,187,498,398
266,197,505,390
261,199,512,390
257,202,519,390
252,204,526,390
248,206,523,393
244,208,540,391
239,210,547,391
235,212,554,391
230,214,561,391
231,218,570,391
231,221,576,380
232,225,582,369
232,228,598,372
233,232,615,369
233,235,633,373
233,239,640,366
234,243,647,367
234,246,654,362
235,250,665,364
235,253,673,365
221,260,687,367
208,268,700,367
194,273,714,371
180,275,728,378
167,283,742,379
153,284,756,386
139,284,776,403
126,260,788,433
98,215,808,483
98,214,806,484
87,173,805,544
4,162,821,557
0,142,827,577
0,132,871,492
23,139,845,464
15,141,848,460
47,145,811,453
83,154,792,440
111,163,783,442
143,172,770,416
153,185,751,408
157,180,746,411
167,179,746,416
181,184,725,393
170,181,724,401
159,176,698,402
138,182,684,384
138,182,690,386
119,178,690,386
96,170,660,384
79,158,647,385
57,144,652,391
46,135,658,391
42,133,652,396
28,137,657,393
15,141,663,391
22,146,648,398
28,150,634,405
37,154,633,402
47,157,633,399
61,162,629,394
75,166,626,389
