261,0,686,720
264,0,693,718
267,0,688,718
268,0,695,718
273,0,691,719
279,0,681,719
273,0,701,718
263,0,721,708
265,0,718,719
252,0,730,714
216,0,797,720
191,0,815,720
166,0,834,720
141,0,853,720
133,0,856,720
99,0,872,720
66,0,889,720
33,0,905,720
0,0,922,720
0,1,913,719
0,0,916,720
0,0,919,720
0,0,946,720
0,0,988,720
0,0,1041,720
0,0,1102,720
0,0,1108,720
0,0,1151,720
0,0,1220,720
0,51,1280,668
0,165,1280,554
0,278,1274,441
0,277,1280,440
0,389,1266,331
0,416,1225,304
0,384,1162,336
1,319,1087,400
0,238,1044,482
0,238,1035,481
0,211,986,509
0,163,953,554
0,149,960,571
0,118,972,601
0,110,991,610
1,111,986,608
0,110,1091,610
0,142,1095,577
51,175,1040,544
102,208,1017,511
175,231,934,468
173,228,937,461
245,249,834,415
289,264,773,401
323,274,712,392
365,281,633,373
385,284,586,367
390,288,579,360
414,302,523,334
438,317,468,309
452,338,426,288
468,348,381,281
474,360,351,266
480,365,340,259
488,374,310,245
495,383,279,230
503,392,249,216
505,401,229,203
509,403,214,195
513,406,208,196
520,412,193,179
528,416,179,174
529,419,169,165
532,422,161,158
532,423,156,153
533,423,155,151
538,422,146,142
541,419,137,136
542,415,129,131
548,411,120,126
549,408,115,122
552,406,110,124
