653,260,108,94
648,260,111,94
646,259,113,93
644,259,115,93
642,258,118,92
640,257,120,91
638,257,122,91
636,256,125,90
634,256,127,90
633,255,129,89
631,254,132,88
631,255,135,88
632,255,137,87
633,255,139,87
634,255,142,87
635,255,144,87
636,256,146,87
635,256,150,87
634,256,154,87
633,256,158,87
633,257,163,87
633,255,163,86
636,254,163,86
639,253,163,87
636,254,169,88
633,256,174,83
626,258,185,83
627,258,184,80
625,258,185,79
621,258,187,80
613,261,197,77
605,261,205,78
598,261,211,75
594,260,215,74
595,261,214,74
593,260,216,75
586,258,221,73
585,256,220,74
585,257,220,72
580,254,225,74
576,256,232,73
571,258,235,73
578,261,228,73
575,264,234,69
566,264,245,73
561,266,252,73
561,264,253,78
557,267,261,76
569,265,252,82
566,274,256,75
562,280,262,75
568,283,256,77
571,282,254,78
569,284,257,78
568,288,254,84
566,288,257,92
565,289,256,96
567,290,251,102
567,288,248,104
568,287,245,105
569,286,242,107
575,282,236,109
577,279,233,110
581,274,234,118
581,276,233,112
583,274,233,117
580,274,231,114
581,272,224,120
578,272,225,119
572,276,218,115
576,274,217,119
572,275,218,115
565,279,218,115
561,280,212,118
555,282,217,117
551,286,220,116
552,283,218,117
553,286,209,116
558,288,200,118
560,292,194,120
563,297,191,117
569,306,188,118
568,307,186,115
574,314,179,111
591,326,168,108
599,328,163,114
612,336,155,112
627,345,143,104
630,346,140,104
634,353,144,103
649,355,134,110
659,358,125,109
663,366,124,107
669,366,117,110
669,366,117,110
668,375,116,103
669,374,109,104
670,378,108,103
667,379,103,103
664,382,105,104
665,382,95,107
658,385,92,103
655,387,88,104
649,389,88,103
647,391,85,100
645,393,82,99
645,395,82,98
642,396,81,98
639,397,82,96
637,396,82,95
638,395,81,99
636,396,80,92
636,396,80,92
637,395,78,92
638,392,78,92
636,391,80,92
643,391,74,92
642,389,77,93
645,389,72,94
