900,326,17,22
900,325,17,22
901,325,17,22
901,325,17,22
902,325,17,22
902,325,17,22
903,324,17,23
904,324,17,23
904,324,17,23
905,324,17,23
905,324,17,23
906,324,17,24
906,323,17,24
907,322,17,24
908,322,17,24
909,321,17,25
910,320,17,25
911,319,17,25
912,318,17,25
913,317,17,26
915,316,19,26
916,314,19,27
917,311,19,27
918,309,19,28
919,307,20,29
920,305,20,29
921,302,20,30
921,299,21,30
922,297,21,30
922,294,22,30
923,291,22,31
923,289,23,32
923,287,23,33
923,284,24,34
923,282,24,35
923,280,25,36
923,278,25,37
923,276,26,38
923,273,26,39
923,271,27,40
922,269,27,41
921,267,28,42
920,264,28,43
920,262,29,44
919,260,29,45
918,258,30,46
917,255,30,47
916,253,31,48
915,251,31,49
915,249,32,50
912,247,35,50
912,245,34,53
910,242,35,56
909,239,36,60
907,237,38,61
906,233,39,64
904,230,40,66
903,227,42,68
901,224,43,71
899,219,45,74
896,218,50,76
896,218,49,79
892,214,52,86
890,212,54,88
885,210,59,88
883,206,60,98
873,202,66,96
876,204,64,100
867,201,70,107
859,197,70,113
854,193,75,120
843,189,81,127
830,182,91,138
830,183,90,139
822,175,99,146
813,167,109,154
804,159,119,162
793,142,129,170
784,124,145,182
783,123,147,182
780,97,167,202
776,69,188,217
773,42,221,244
765,26,266,269
754,18,316,303
756,19,319,303
739,15,385,355
694,16,506,421
646,10,608,516
541,19,732,617
331,48,948,671
341,40,938,680
93,93,1185,627
59,162,1166,558
2,236,1075,484
3,255,844,465
0,246,655,442
0,247,662,440
39,256,566,369
174,270,422,315
293,281,315,259
374,287,255,232
443,295,213,203
439,296,216,208
492,296,181,190
530,306,158,176
550,307,145,161
573,308,131,159
589,316,119,151
593,318,117,150
608,326,111,143
613,329,107,140
611,336,107,141
613,345,106,137
612,346,105,144
612,347,100,144
611,349,103,149
608,346,104,167
605,331,104,187
591,309,124,211
576,290,133,231
575,292,134,229
567,269,147,259
563,248,144,280
562,222,151,315
564,204,156,337
575,185,173,354
573,184,179,352
580,164,197,375
573,153,212,379
566,141,227,384
553,142,239,367
540,150,250,343
537,151,251,339
530,144,257,327
528,146,256,317
528,150,258,294
531,153,255,287
527,154,253,277
525,156,250,272
518,157,248,264
