781,92,181,432
781,91,181,427
781,90,181,422
781,89,182,418
781,89,182,413
781,88,183,408
781,87,183,404
781,87,184,399
781,86,184,394
781,89,184,388
781,92,184,383
780,112,186,363
779,138,186,344
778,154,187,327
777,163,187,317
787,178,180,292
784,180,182,291
781,190,184,282
778,201,186,272
774,200,187,267
771,199,189,276
775,189,180,276
776,190,178,275
775,180,176,282
765,160,182,301
756,141,189,320
754,136,188,326
752,130,188,332
750,125,187,339
748,125,190,340
746,125,193,341
739,128,202,336
739,136,199,327
739,145,196,318
739,144,199,319
740,141,193,322
739,149,198,306
739,143,192,309
741,140,192,313
740,141,193,312
740,143,195,312
739,140,194,310
739,138,194,309
739,135,194,307
739,133,194,306
739,131,194,304
739,128,194,303
740,124,193,303
742,121,193,304
744,124,195,301
748,126,195,302
737,124,204,298
744,126,196,302
745,128,197,300
743,125,198,296
743,123,199,295
747,125,194,294
747,126,190,293
751,128,190,292
747,125,194,291
751,123,195,291
749,122,191,288
745,113,195,291
744,116,194,289
744,119,193,288
744,123,193,287
743,127,197,288
746,126,196,289
748,125,195,289
750,124,194,290
753,123,193,291
753,125,192,290
753,127,192,289
753,129,192,288
753,131,192,288
754,133,192,287
754,135,191,286
754,137,191,286
754,139,191,285
754,141,191,284
755,143,191,284
752,149,196,269
752,149,196,269
752,153,198,268
750,160,197,269
750,161,196,270
751,161,195,272
752,162,194,273
752,162,193,275
753,163,192,276
754,164,191,278
755,168,190,276
756,172,189,274
757,177,188,273
758,181,187,271
759,185,186,270
760,187,188,271
761,189,190,272
762,190,191,273
763,192,193,275
764,194,195,276
766,197,196,272
769,205,199,264
773,207,198,263
773,206,200,268
774,207,200,258
773,204,199,269
773,210,197,258
770,212,201,261
769,215,203,261
773,212,201,275
769,217,212,272
767,213,213,276
771,216,213,275
776,220,213,274
780,222,213,277
784,224,214,279
788,226,214,276
792,228,214,273
796,230,214,270
801,232,215,268
799,233,216,266
798,235,218,264
797,237,219,262
796,238,221,260
795,240,222,258
794,242,224,256
793,244,226,254
791,247,234,245
799,244,225,247
806,243,218,248
806,243,221,247
806,242,224,245
807,242,226,244
808,242,228,243
808,241,230,241
809,241,232,240
809,240,235,238
819,240,227,229
818,240,231,227
817,239,234,233
815,243,232,228
812,248,230,223
803,252,235,217
794,257,241,211
790,262,241,206
786,266,241,200
782,271,241,194
778,275,241,189
773,280,241,183
769,284,241,177
761,284,244,177
753,284,246,177
745,274,249,187
739,272,251,186
731,274,254,184
722,276,257,183
713,279,259,181
705,281,262,180
696,283,264,179
688,285,267,177
675,280,271,186
664,283,275,186
652,283,280,190
640,275,284,206
628,268,288,223
623,264,284,229
610,255,285,245
598,247,287,261
573,239,312,277
573,231,306,257
528,231,354,235
526,227,357,234
517,219,348,239
473,220,413,229
462,220,428,243
443,218,446,239
437,221,459,239
431,223,472,239
425,226,485,239
420,229,499,239
424,226,507,245
425,235,517,239
427,242,525,237
428,242,525,239
437,248,531,237
451,256,529,239
458,260,535,237
465,265,540,235
481,269,531,234
479,267,541,239
481,280,530,222
479,278,525,235
469,283,525,227
472,280,512,233
468,277,504,233
469,281,509,230
