723,376,60,104
723,378,60,103
724,379,59,102
724,381,59,101
724,383,58,105
724,385,58,103
724,386,57,101
724,388,57,99
724,390,56,98
724,392,55,96
724,393,55,94
724,394,55,94
724,395,55,90
726,398,55,90
725,399,55,88
725,399,54,87
724,399,54,85
724,400,54,81
723,400,54,80
723,400,57,80
722,401,55,82
722,400,55,80
723,399,55,78
723,398,55,76
723,401,56,70
723,400,55,73
723,400,55,77
724,396,56,82
724,393,55,94
724,392,55,94
724,391,55,94
726,390,55,93
727,389,55,92
728,388,55,92
729,388,55,91
731,387,55,90
732,386,55,90
733,386,55,89
735,385,55,88
736,384,55,88
737,384,55,87
739,385,56,84
742,383,57,85
744,381,58,87
744,379,60,88
748,383,62,83
750,376,62,88
753,375,63,87
755,374,68,87
757,374,67,88
759,373,67,88
761,368,69,89
762,364,70,91
763,360,72,93
765,356,74,94
766,352,75,96
768,347,77,97
769,343,79,99
770,339,80,101
772,335,82,102
773,331,84,104
775,325,85,106
777,319,87,109
779,313,89,111
781,307,90,113
783,301,92,116
785,295,93,118
787,289,95,121
789,283,97,123
791,277,98,125
793,271,100,128
796,264,102,130
798,258,103,132
801,251,105,134
803,249,107,137
806,246,109,139
810,238,110,143
811,239,110,143
812,241,110,143
816,239,111,145
819,237,113,147
820,234,116,150
821,232,119,154
823,230,122,158
824,228,125,162
825,225,128,165
826,223,131,169
827,221,134,173
828,218,137,176
829,216,140,180
830,214,143,184
829,213,146,189
828,212,150,193
827,211,153,198
825,211,157,203
824,213,159,204
823,216,162,206
822,218,164,207
821,221,167,209
819,223,169,210
818,226,172,212
816,225,176,221
811,225,179,223
808,220,183,231
809,221,186,232
802,221,189,233
796,222,192,234
792,217,195,235
785,220,198,236
778,222,201,238
778,221,204,239
782,223,209,239
770,224,215,240
762,226,218,244
754,227,221,248
742,228,227,247
733,233,234,247
724,237,241,246
710,236,248,246
696,236,255,245
681,235,261,245
672,238,272,248
663,242,282,252
654,246,293,256
648,242,303,260
641,247,311,270
634,252,320,279
623,257,331,280
619,262,337,281
607,265,351,282
592,272,365,283
591,270,368,282
591,268,371,282
593,266,374,281
596,264,377,281
599,262,380,281
601,260,383,280
604,258,386,280
606,256,388,279
616,248,391,279
612,252,394,279
650,233,399,279
654,218,404,279
659,229,409,279
677,231,414,279
688,240,448,285
692,238,447,284
692,255,446,283
692,273,445,281
692,290,444,280
691,307,443,279
700,323,451,280
707,330,458,281
684,345,479,276
675,347,485,278
661,352,490,280
672,353,496,282
620,351,542,311
622,351,534,304
592,334,526,305
555,317,524,288
564,283,529,301
566,245,555,355
559,205,564,407
557,209,577,403
585,197,633,427
617,169,639,401
671,159,604,371
683,155,596,392
704,146,575,391
707,147,572,390
711,153,568,379
714,158,565,368
717,164,562,356
705,168,552,347
693,171,541,339
682,175,531,330
670,178,520,321
658,182,510,312
646,185,499,303
635,189,489,295
637,188,478,289
640,186,467,283
643,185,456,277
646,184,446,271
649,183,435,266
611,90,269,192
610,95,272,190
610,99,275,189
610,104,279,188
610,109,282,187
610,113,285,186
609,118,288,184
609,123,291,183
609,128,295,182
609,132,298,181
609,137,301,180
606,140,307,178
603,143,313,176
601,147,319,174
598,150,325,172
596,153,331,170
593,156,336,168
590,159,342,166
588,163,348,164
585,166,354,163
583,169,360,161
581,171,367,161
579,173,373,161
577,174,380,161
576,176,386,157
574,178,393,153
572,180,400,149
571,181,406,145
569,183,413,141
567,185,419,138
566,187,426,134
559,195,431,133
552,204,436,131
545,213,440,130
539,221,445,129
532,230,450,128
525,238,455,127
518,247,460,126
520,256,456,122
521,264,453,118
523,273,450,115
526,274,453,122
528,275,456,129
537,277,457,129
545,278,459,129
554,279,461,129
562,281,463,129
571,282,465,129
580,283,466,129
588,284,468,129
597,286,470,129
601,289,469,130
594,292,483,121
587,294,480,124
580,297,477,126
573,299,474,129
566,302,471,131
559,304,468,133
552,307,465,136
546,309,462,138
539,312,459,141
538,314,457,144
537,316,456,148
537,318,455,151
544,318,451,152
551,318,447,152
558,317,443,152
565,316,441,150
572,314,438,147
580,312,436,144
587,311,433,141
583,310,425,142
580,309,418,142
577,308,410,143
576,308,410,143
570,306,405,144
563,305,401,146
557,304,396,147
550,303,391,148
543,302,387,149
537,301,382,151
547,304,376,150
556,308,369,150
571,312,365,148
586,315,361,147
601,319,357,145
603,318,353,143
620,324,347,139
637,329,342,136
654,335,336,132
671,341,331,128
674,348,326,127
676,355,320,125
679,362,315,124
681,370,309,123
683,377,304,122
686,384,298,121
688,391,293,119
691,398,287,118
693,409,277,117
695,420,267,116
699,425,260,115
703,430,254,113
707,435,247,112
711,440,240,111
715,445,234,109
719,450,227,108
723,455,220,107
727,460,214,105
731,465,207,104
735,470,200,103
737,476,193,101
738,482,185,99
741,488,174,97
744,494,163,95
748,500,153,94
746,503,147,92
745,507,141,89
744,510,135,87
743,513,129,85
742,516,123,83
739,519,117,80
735,521,119,76
732,523,112,73
728,525,105,70
729,529,88,63
725,533,81,59
720,534,74,57
717,538,72,52
712,538,68,51
707,538,64,50
702,537,63,49
694,538,61,44
687,538,52,43
686,537,51,43
679,535,50,42
674,532,50,42
667,530,48,41
663,527,48,41
656,526,44,42
655,521,47,42
650,521,46,41
645,521,44,40
639,520,43,40
635,520,41,39
631,519,39,38
627,518,38,38
623,517,36,37
619,516,35,36
615,516,33,36
611,515,31,35
607,515,31,34
603,515,30,34
599,515,29,33
596,515,28,32
592,515,27,31
588,515,27,31
585,515,26,30
585,514,25,29
581,515,24,29
576,515,23,28
573,514,23,28
570,514,23,28
566,514,23,27
563,513,23,27
558,512,23,27
552,512,23,27
547,511,23,27
542,510,23,27
537,510,23,27
537,509,23,27
533,508,21,26
530,507,20,26
