716,145,214,183
696,138,214,181
679,132,215,179
662,125,216,177
657,126,216,175
649,119,217,173
641,115,218,168
627,111,227,167
622,111,228,165
622,109,224,164
624,110,221,163
622,111,223,162
620,112,226,163
619,112,229,163
618,112,232,164
616,113,235,165
615,113,237,165
614,116,240,163
613,119,243,161
611,122,246,160
610,125,249,158
604,126,249,156
598,127,250,155
591,128,250,153
585,129,251,152
579,130,251,151
573,131,252,149
567,132,252,148
560,133,253,146
554,134,253,145
548,135,254,144
541,137,257,141
533,139,261,138
526,141,265,135
518,142,268,132
519,143,269,129
520,144,269,127
521,144,269,124
521,145,269,122
522,145,269,119
523,146,270,117
524,151,269,112
525,156,268,108
527,161,268,104
528,166,267,100
530,171,269,98
532,176,272,96
535,181,274,94
537,186,277,92
548,192,270,89
558,198,263,87
554,205,264,86
551,213,265,85
547,221,266,84
539,227,263,81
531,233,261,79
522,239,259,76
514,245,256,73
506,251,254,70
497,257,252,67
489,264,250,65
476,268,253,62
470,270,251,61
465,272,248,61
459,273,246,61
453,275,243,61
447,277,241,61
451,278,239,60
454,279,236,60
458,280,234,59
461,281,232,59
470,283,229,61
479,285,225,63
486,288,222,65
492,292,219,67
499,295,216,68
506,298,213,70
513,301,210,72
518,310,205,71
523,319,201,70
528,328,196,70
530,328,196,74
531,328,196,79
537,333,194,83
543,338,192,87
549,343,190,91
555,348,188,95
561,353,186,99
564,354,184,100
567,354,181,100
570,355,179,101
569,349,176,112
569,342,173,124
569,338,167,123
569,333,161,122
570,329,155,121
570,325,149,121
560,315,146,121
549,306,143,121
539,296,141,121
544,296,138,121
534,287,139,123
523,277,139,126
513,267,140,129
499,262,139,127
484,257,138,125
481,254,138,121
478,252,138,118
475,250,137,115
474,244,136,115
474,238,135,115
476,235,133,115
477,233,131,116
490,231,129,116
499,232,128,117
508,232,128,118
518,233,128,118
527,233,128,119
536,234,128,119
554,236,130,117
571,239,133,115
589,241,135,116
608,243,136,118
626,245,138,120
623,247,142,119
647,252,134,114
