238,0,628,718
229,0,630,718
220,0,633,718
211,0,635,718
203,0,638,718
194,0,640,718
185,0,643,718
177,0,655,718
168,0,668,718
159,0,680,718
151,0,693,718
118,39,735,680
111,107,773,613
80,160,808,552
76,157,795,563
71,215,801,503
102,307,777,406
158,372,741,342
207,398,667,321
218,409,630,306
216,419,638,298
528,276,157,313
530,284,149,301
530,292,151,292
529,298,151,284
528,301,153,281
529,302,152,280
529,305,153,276
529,308,154,270
530,308,153,269
529,309,152,268
520,311,161,260
516,309,160,259
513,306,160,261
510,303,160,262
506,299,160,264
503,296,160,266
500,292,160,268
496,289,160,269
492,286,159,268
488,283,158,267
485,280,158,267
483,272,156,266
481,264,158,268
481,269,157,264
482,257,157,273
482,254,159,271
485,251,159,271
486,247,163,268
491,245,161,269
491,244,163,270
494,245,166,271
493,245,166,271
492,245,166,272
492,245,167,273
491,246,167,274
491,246,167,275
490,246,168,276
490,247,168,277
489,247,169,278
489,247,169,279
488,247,169,280
489,245,171,284
489,246,171,284
489,248,171,283
489,250,171,283
489,252,171,282
489,254,171,281
490,256,171,281
490,257,171,280
490,259,171,280
490,261,171,279
493,261,165,276
495,260,165,278
492,260,168,278
490,261,169,279
489,262,169,279
488,263,170,279
486,263,170,279
485,264,171,279
484,265,171,280
482,266,171,280
480,263,170,279
477,261,169,279
474,259,168,278
471,256,167,278
473,257,167,277
473,249,167,276
473,241,166,275
474,233,166,274
474,225,166,274
475,218,167,272
475,216,163,277
475,210,163,276
476,209,163,275
476,208,163,274
477,206,163,273
477,205,162,272
478,208,162,271
478,211,162,270
479,214,162,269
479,218,162,269
479,224,161,267
480,231,160,266
480,237,159,264
480,244,158,263
480,251,158,261
480,257,157,260
478,262,156,255
475,266,155,250
473,271,154,245
471,276,154,240
470,276,146,236
468,274,143,234
463,275,142,226
459,273,143,226
456,273,146,225
449,270,145,221
442,268,145,218
435,265,145,214
429,263,145,210
423,262,143,205
423,255,137,211
418,251,135,207
415,250,135,204
412,249,135,201
409,248,135,198
407,248,135,196
404,247,135,193
401,246,135,190
398,245,135,187
396,245,136,185
391,243,132,180
380,240,133,179
380,241,134,179
365,236,138,179
351,231,139,178
338,228,139,176
328,227,138,176
317,224,140,172
316,225,142,171
307,225,147,171
299,223,149,171
291,221,152,172
284,219,154,173
280,218,157,173
277,217,159,174
273,216,162,175
272,218,169,177
271,219,175,180
270,220,182,182
269,221,189,185
275,222,193,187
273,231,200,191
277,239,212,194
280,253,221,194
287,266,240,201
289,272,267,215
291,278,252,208
308,293,288,229
325,318,312,232
330,338,335,235
326,363,351,238
324,387,366,258
321,385,365,258
311,408,414,269
325,417,454,286
327,441,537,278
361,455,535,264
372,448,543,271
383,441,552,278
487,429,530,290
563,396,492,315
621,322,437,336
664,293,383,325
692,270,311,301
690,269,324,306
720,267,250,236
710,254,229,231
710,249,206,204
696,251,183,192
678,260,171,172
678,263,166,170
660,273,154,160
642,283,142,151
623,293,130,142
611,307,127,136
279,223,307,259
278,217,310,268
282,217,312,260
277,210,321,258
268,208,335,258
270,206,331,251
269,204,340,245
268,203,336,244
260,209,347,239
252,202,355,236
252,211,374,233
253,212,367,231
253,213,359,228
254,214,362,225
244,209,386,224
239,212,371,220
248,214,398,218
245,216,401,215
246,217,404,212
247,218,408,210
259,221,411,207
267,226,406,196
273,230,418,195
279,234,430,195
284,243,435,186
280,239,438,188
281,246,447,183
281,250,448,181
274,252,455,166
271,251,454,165
265,251,458,171
266,249,456,177
260,248,466,173
258,248,470,165
260,248,472,169
261,248,478,167
256,249,487,166
258,250,487,168
260,250,485,168
257,249,490,162
255,256,493,160
249,252,500,158
248,250,495,157
244,250,497,155
246,249,494,152
238,245,501,153
236,244,500,150
227,245,510,148
231,247,511,148
228,246,514,149
237,248,513,151
237,254,513,145
240,262,518,141
241,271,516,138
250,278,515,137
257,280,507,136
251,287,510,131
252,290,508,135
248,297,511,129
241,300,512,123
245,300,498,119
243,302,501,114
240,299,498,114
236,293,498,112
244,289,492,107
253,285,486,105
264,282,481,101
260,282,485,101
269,279,483,104
288,280,472,102
285,281,486,105
305,289,464,97
309,289,458,102
306,289,462,100
303,294,459,106
298,300,455,107
294,306,451,107
290,312,447,107
286,318,442,108
285,322,441,108
278,328,440,109
279,336,439,112
287,357,431,111
292,368,431,111
294,373,422,114
293,372,427,115
301,379,421,117
312,387,410,108
320,383,406,115
331,378,404,116
345,369,392,112
341,369,395,111
356,355,390,114
373,345,380,107
380,330,383,113
393,322,376,108
397,316,371,103
400,313,364,108
401,311,365,99
401,304,358,102
400,294,347,103
386,289,349,102
382,291,339,97
380,291,337,102
373,288,334,106
371,286,326,103
369,284,319,99
370,286,315,100
371,287,312,101
372,288,308,102
374,290,305,103
381,290,299,103
389,291,293,103
397,292,287,104
404,293,281,104
412,294,275,105
420,295,269,105
427,296,264,105
439,302,261,100
450,305,255,99
463,305,247,102
461,306,249,100
476,308,246,106
487,308,239,94
495,308,234,94
503,308,230,96
512,312,222,95
512,311,221,97
518,319,217,97
522,326,205,98
527,339,203,102
528,348,194,101
522,360,193,102
522,361,193,102
520,371,186,101
509,379,186,104
502,384,183,110
497,382,173,114
485,377,154,127
485,376,154,126
480,373,160,121
475,368,156,112
466,362,159,109
461,353,160,104
458,340,161,106
455,340,166,107
454,324,168,117
453,322,163,116
452,318,166,115
452,320,165,114
453,320,167,111
453,323,167,114
455,328,167,111
457,337,165,107
462,342,162,104
466,347,158,98
472,351,156,95
473,352,155,94
478,351,156,95
484,350,153,95
493,346,150,96
499,351,146,90
505,346,147,94
506,346,148,94
512,343,145,95
517,339,145,95
523,336,141,96
526,334,141,95
527,333,141,97
528,332,141,96
530,331,141,96
531,332,139,96
532,334,138,96
533,336,137,97
535,338,136,97
536,338,136,93
537,339,134,96
538,342,133,96
540,343,131,98
541,345,130,98
545,344,126,102
541,345,132,99
542,347,130,99
545,349,128,96
547,350,125,97
550,350,121,98
551,350,118,99
552,351,117,98
556,350,113,100
558,353,111,99
563,353,107,102
564,359,104,97
567,362,102,97
567,363,102,97
569,367,99,96
571,372,97,95
573,378,96,95
576,383,94,93
576,387,92,92
577,387,94,95
625,161,143,339
626,158,139,347
623,160,140,349
622,162,140,349
614,169,144,347
613,170,146,344
612,174,144,347
616,179,139,346
619,183,139,347
621,185,135,347
615,187,143,348
610,183,148,353
