630,320,10,19
630,322,10,18
630,324,10,18
630,324,10,18
630,325,10,18
630,326,10,19
630,330,10,18
630,330,10,20
629,332,11,20
629,332,11,20
629,334,11,22
629,336,11,21
629,338,11,22
628,340,11,23
628,342,12,23
628,343,12,22
627,344,12,22
627,345,12,23
627,348,12,23
627,350,12,24
628,352,12,25
627,353,11,23
627,354,12,24
627,356,12,25
627,358,13,27
627,361,13,26
626,363,13,26
627,363,13,26
626,365,13,27
625,367,16,27
625,367,16,33
623,369,19,30
623,370,18,32
623,371,17,32
623,372,19,34
622,373,21,36
623,374,21,36
622,375,20,34
621,376,22,34
621,376,22,34
620,376,24,34
618,373,29,42
616,372,33,46
613,371,39,54
608,363,47,58
605,365,51,61
603,361,58,66
598,354,64,77
592,343,79,92
578,324,107,105
550,301,165,129
554,297,160,134
468,243,325,233
390,170,497,278
55,0,1196,458
0,0,1280,408
0,0,1280,408
0,1,1278,447
0,6,1280,448
0,0,1280,473
