403,170,19,23
404,172,19,23
406,172,17,25
406,173,19,24
408,172,17,25
409,174,19,25
410,174,19,25
411,174,19,26
413,175,20,27
413,175,19,27
414,175,20,28
414,175,19,29
414,176,19,31
413,174,21,33
412,174,21,34
412,174,21,34
411,174,23,35
411,173,23,36
410,173,24,37
410,174,26,39
411,176,29,41
412,175,28,39
413,177,29,41
416,179,30,43
417,183,33,44
422,185,34,47
424,188,37,50
424,188,37,50
426,189,40,56
430,191,45,60
430,195,52,63
432,196,57,70
434,200,62,76
434,199,62,76
435,203,72,86
436,205,86,103
439,208,98,113
442,212,120,125
445,211,142,153
446,212,145,153
444,209,180,196
427,215,250,244
416,216,345,339
405,226,481,477
399,274,588,446
404,272,570,445
446,344,577,374
571,418,707,301
738,472,538,247
839,458,440,258
873,431,394,200
875,431,394,196
861,405,271,160
827,384,199,133
786,373,152,118
753,360,125,105
721,348,98,93
721,350,100,92
693,339,93,89
673,333,80,81
659,330,68,72
646,329,62,67
634,325,57,69
633,326,58,68
622,322,53,66
612,322,52,64
606,325,50,60
603,326,45,59
599,322,49,61
599,321,46,61
600,319,42,57
598,312,40,60
596,308,41,62
591,305,43,63
587,303,45,64
583,301,47,65
579,299,44,66
574,295,46,69
569,291,48,72
564,287,50,75
562,282,51,82
563,280,49,85
563,279,52,87
565,278,53,91
566,280,54,98
566,277,59,106
565,278,63,114
565,278,64,115
564,262,69,137
556,250,82,157
551,230,99,177
542,213,110,202
538,195,113,227
538,190,115,236
525,183,126,236
519,174,122,250
505,169,119,274
483,165,140,282
466,170,162,296
456,170,176,300
446,172,189,305
441,176,199,290
439,176,216,292
