397,296,74,81
404,295,75,82
410,291,77,82
416,285,80,83
418,283,80,83
420,280,81,84
422,276,81,84
424,273,82,85
424,270,82,85
425,267,83,86
425,264,84,86
425,260,86,86
426,257,88,86
426,254,91,87
426,250,93,87
429,246,96,87
427,244,97,88
425,241,100,87
426,237,103,87
427,234,105,87
427,231,108,92
423,228,113,91
424,226,105,95
421,224,118,94
420,222,120,96
419,220,123,97
415,216,132,101
414,214,134,101
414,212,137,101
414,210,140,101
414,208,142,101
414,206,145,101
414,205,155,102
412,201,151,108
411,199,156,108
410,197,161,109
409,195,166,109
408,193,172,110
406,193,174,111
404,192,177,112
403,192,175,116
399,188,177,113
395,186,184,119
390,183,192,120
386,181,200,121
382,184,205,121
381,185,205,121
378,182,213,121
371,179,217,127
362,178,217,129
351,184,220,121
341,173,216,129
343,174,214,132
335,177,225,129
327,176,245,129
313,171,266,131
316,174,259,127
312,171,264,124
308,169,269,122
305,167,275,120
301,163,276,118
298,160,279,117
296,157,283,115
294,154,287,115
292,151,290,114
290,148,294,112
288,146,298,112
277,147,310,108
267,148,319,113
261,147,322,114
256,146,325,115
241,149,338,116
227,152,352,117
220,154,352,117
213,155,352,116
205,157,352,116
198,158,363,116
189,164,366,115
179,170,368,115
169,176,371,115
160,183,374,115
161,194,375,114
164,193,376,114
166,200,377,113
167,206,378,113
169,213,380,113
175,223,378,111
181,233,377,109
184,237,376,108
187,240,375,106
191,244,374,105
201,253,362,98
208,252,357,96
220,249,350,101
228,247,343,105
236,244,336,110
244,242,329,115
252,240,322,120
258,242,312,115
265,236,305,118
267,238,303,117
276,234,288,112
283,234,276,108
292,239,260,101
297,242,244,97
299,248,235,87
298,247,240,87
301,254,224,86
306,258,209,79
306,259,201,83
309,259,205,82
311,261,184,78
311,261,184,79
308,265,175,79
303,264,176,83
300,270,170,81
296,271,165,82
291,272,158,85
289,274,161,84
286,275,159,84
284,278,157,84
284,281,148,84
282,285,148,81
282,290,139,84
280,290,139,86
278,292,136,85
277,304,128,80
272,308,127,82
269,315,123,82
265,323,121,83
266,328,119,77
264,334,113,82
255,343,116,82
255,352,113,80
255,361,100,77
255,369,111,71
253,369,106,69
255,375,106,65
260,381,102,61
263,385,102,60
273,386,95,62
277,389,92,60
277,390,94,59
277,391,96,58
283,394,96,60
286,394,96,59
293,395,95,60
298,397,94,59
299,399,95,59
304,401,93,59
309,403,95,58
318,405,90,59
324,405,89,60
331,407,87,59
331,406,87,59
338,407,85,59
344,409,84,59
351,411,83,59
358,412,81,58
365,414,81,58
363,414,84,58
368,414,82,57
373,415,80,57
378,416,79,57
384,417,77,56
389,418,76,56
394,419,74,56
402,420,73,56
410,422,71,55
418,423,70,55
426,425,68,55
430,425,67,55
433,425,67,55
441,424,66,55
448,423,66,54
456,421,65,54
464,420,64,54
473,419,64,54
472,419,63,54
483,416,62,54
495,414,62,54
