747,381,77,78
747,371,79,78
748,362,81,79
747,363,81,79
750,351,83,80
754,342,83,78
763,328,82,79
763,315,86,80
763,305,88,83
763,306,90,84
769,299,92,84
776,289,92,90
784,286,92,91
786,288,94,93
789,292,93,96
790,292,93,94
796,294,89,96
801,297,92,100
805,297,92,102
808,298,96,103
810,300,98,101
814,300,93,102
821,296,92,102
829,293,91,102
837,291,94,102
845,287,92,99
852,281,94,101
853,282,91,100
859,278,96,101
867,277,98,108
876,277,100,111
884,274,105,113
885,266,115,115
883,263,119,117
885,262,123,119
892,261,127,120
891,256,131,122
885,248,135,124
880,248,139,126
879,248,143,128
871,248,147,129
858,248,156,131
