365,89,148,179
369,87,141,183
382,83,144,184
396,81,146,178
410,80,147,178
423,81,148,174
433,75,146,174
435,77,146,172
443,72,146,174
452,69,145,173
459,65,148,176
466,63,149,174
475,65,144,171
474,64,147,171
481,69,145,168
485,73,142,167
490,74,142,166
494,77,143,165
495,80,144,163
496,80,143,163
495,82,148,163
495,80,145,161
494,78,147,160
495,77,148,159
495,75,148,160
495,73,147,161
496,72,148,157
494,71,148,155
492,71,149,153
490,71,149,151
489,71,150,149
487,71,152,146
482,72,155,145
478,72,154,146
473,74,153,145
471,77,152,144
468,78,151,144
467,80,152,144
465,81,150,144
461,82,151,143
456,80,153,146
452,80,153,143
444,79,153,142
443,79,154,142
436,79,152,141
429,78,151,141
424,76,148,142
417,75,147,142
411,76,146,140
410,76,148,139
404,77,147,141
398,77,147,138
395,76,147,137
393,76,148,135
390,75,148,134
388,75,149,132
386,75,150,129
384,75,149,128
383,80,148,123
383,85,148,120
382,84,149,121
380,82,151,121
384,88,148,121
385,89,148,119
386,90,147,118
387,90,147,117
388,91,146,116
387,91,147,115
387,92,148,114
386,92,148,113
386,93,149,112
385,93,148,111
384,93,147,111
384,92,150,111
383,92,150,111
385,89,149,112
383,90,153,109
389,89,143,105
387,91,146,98
387,91,147,98
383,92,146,97
380,94,145,96
377,96,144,95
374,98,143,94
370,100,141,94
370,101,143,93
365,103,143,91
365,108,142,89
364,112,141,87
363,116,136,88
358,121,142,84
356,125,141,83
354,129,140,82
352,132,139,80
350,136,138,79
349,140,137,77
347,143,136,76
345,147,136,74
339,151,139,73
333,155,142,71
328,157,138,70
324,159,135,69
318,161,137,68
318,160,136,69
312,164,139,67
308,166,138,65
305,169,138,64
301,172,138,63
298,175,137,62
295,178,137,61
294,180,142,59
296,180,139,57
297,180,136,57
298,181,132,55
300,182,133,53
302,184,134,51
304,185,136,49
307,187,137,48
309,188,139,46
311,190,140,44
314,192,142,41
315,194,140,40
317,196,139,40
319,198,138,40
321,201,136,39
323,203,135,39
325,205,134,39
327,207,133,38
324,212,133,39
320,216,133,40
317,221,133,41
311,229,125,39
302,239,126,38
299,243,127,38
293,251,129,39
287,260,131,39
281,268,132,40
275,277,134,40
269,285,136,41
268,285,138,40
265,291,139,41
264,298,142,38
266,304,140,40
271,311,138,39
276,321,134,42
272,321,137,42
274,330,140,42
276,338,143,42
278,346,146,43
286,352,141,42
289,357,139,46
287,358,140,44
287,364,139,46
287,370,139,47
288,377,138,49
287,386,138,50
287,396,137,52
287,394,136,53
297,402,126,53
298,414,127,58
299,426,129,63
297,437,135,64
296,449,141,65
294,449,140,65
304,459,136,64
314,469,132,64
323,479,128,63
333,489,128,63
345,500,127,64
345,501,127,66
357,511,127,67
370,522,127,69
383,531,123,67
397,541,119,64
410,547,117,61
410,547,117,63
420,551,116,63
431,554,116,63
444,557,113,67
461,559,110,68
473,561,110,66
474,560,108,67
487,564,101,66
498,565,105,69
506,566,105,73
521,567,97,72
532,567,93,70
543,567,88,68
554,567,85,65
566,567,82,62
578,567,79,60
592,567,75,54
605,566,72,51
610,565,66,51
616,565,68,46
629,565,65,43
643,565,63,40
656,566,61,37
670,566,58,35
671,566,58,35
683,566,60,33
697,565,55,29
709,566,54,26
721,567,53,26
733,569,53,26
733,568,53,26
744,572,53,26
759,575,48,26
770,579,48,26
781,581,47,27
794,582,44,30
793,584,43,27
806,585,40,27
818,585,40,27
829,586,41,27
841,586,39,28
851,587,41,28
851,587,40,28
862,587,38,28
871,586,38,29
882,585,36,30
891,582,34,29
899,579,34,29
899,579,34,28
908,575,34,28
917,569,32,29
