421,116,138,133
423,117,146,134
425,119,148,136
428,120,150,137
430,122,152,139
432,123,154,140
435,125,157,142
431,127,171,141
429,128,173,141
427,130,174,141
422,133,175,141
417,135,182,141
413,137,188,141
408,139,194,141
403,142,200,141
403,142,201,138
399,145,205,135
395,147,208,133
392,149,211,130
388,151,215,127
379,157,218,125
377,156,221,126
375,155,225,128
373,158,226,127
372,160,229,125
370,163,231,124
368,165,233,123
367,168,236,121
365,170,239,120
363,173,241,119
362,176,244,118
363,178,247,116
364,181,250,114
365,184,254,113
366,186,257,112
367,189,260,110
369,192,264,109
373,194,270,112
375,198,272,108
375,196,269,110
376,204,279,101
382,210,280,99
389,216,281,98
396,222,282,96
403,228,284,95
401,228,287,94
403,236,288,94
404,244,289,93
406,251,289,93
407,259,290,92
408,267,292,92
409,270,287,92
399,273,294,92
392,276,298,93
384,279,303,93
377,282,308,94
373,282,308,94
370,282,308,94
367,282,308,95
364,282,308,95
361,282,309,96
361,285,297,90
364,288,301,95
365,289,303,94
366,290,307,99
373,297,303,97
376,305,297,95
382,312,297,102
393,323,287,96
390,320,290,98
394,324,288,103
398,329,287,109
402,334,285,115
406,338,281,113
410,342,276,110
414,346,271,107
417,346,266,108
419,345,262,109
422,345,257,109
425,345,252,110
429,348,249,102
431,349,249,104
435,346,244,106
441,346,239,104
447,346,236,102
452,346,232,100
456,346,227,98
461,346,224,96
466,346,220,95
474,348,212,99
478,354,212,97
480,358,206,96
483,362,200,95
485,366,195,94
488,371,189,94
490,375,184,93
493,379,178,92
496,384,173,92
494,391,171,95
494,391,168,94
492,400,164,95
490,403,156,97
488,411,152,95
488,417,146,95
485,420,137,97
484,419,139,97
483,424,132,97
484,429,125,95
485,433,120,95
485,440,120,93
490,445,114,91
488,445,115,92
491,452,107,93
495,459,100,94
499,466,93,95
503,473,90,90
507,480,87,86
512,484,79,82
517,488,72,78
522,492,69,74
528,496,66,70
534,497,62,69
541,498,61,67
540,499,62,66
545,499,61,64
553,499,59,63
561,501,58,63
571,503,53,61
575,505,56,58
574,505,58,58
580,506,60,58
589,507,56,60
593,509,57,56
601,509,57,61
607,512,56,56
605,512,58,59
611,514,57,58
618,516,56,58
625,518,55,57
632,520,54,57
639,522,54,57
638,522,54,55
645,523,52,54
651,523,52,54
656,523,52,55
660,522,52,55
666,521,52,55
665,521,51,55
667,520,54,55
677,518,49,54
682,516,49,55
687,513,51,52
692,511,49,53
693,512,48,52
698,509,49,54
