64,0,914,720
67,0,904,720
82,1,879,713
97,2,855,707
68,0,885,720
72,0,873,719
76,0,861,719
81,0,849,719
88,1,841,719
70,1,850,718
63,46,853,673
74,141,842,578
48,214,861,505
37,284,872,436
23,283,888,437
0,331,918,389
15,362,905,357
3,361,922,358
1,306,921,413
0,222,919,498
1,227,923,492
3,176,909,544
0,134,913,586
0,65,903,654
0,36,881,683
0,26,858,693
1,26,852,693
2,25,814,694
1,40,803,680
0,59,770,660
0,75,753,644
0,95,759,623
0,94,750,625
0,113,764,606
0,123,785,596
0,138,807,581
0,167,829,552
0,202,839,517
0,209,841,510
1,250,844,469
57,281,813,438
128,306,748,413
254,339,651,380
287,361,628,358
301,363,625,357
356,400,563,318
412,412,497,299
469,434,429,271
503,450,386,248
534,462,340,229
541,462,328,223
559,472,294,208
559,472,285,203
564,475,271,189
577,478,251,182
589,480,231,175
594,482,219,170
599,484,207,165
604,486,195,161
609,488,183,156
615,490,171,152
617,492,165,149
620,495,160,147
623,498,155,145
624,498,150,143
626,497,145,142
627,497,139,141
628,496,134,140
630,495,134,137
631,495,133,134
633,494,132,132
634,493,131,129
636,493,131,127
637,493,129,125
638,492,126,123
639,491,124,120
640,491,122,118
641,490,120,116
642,489,118,114
643,489,115,111
643,488,112,110
639,490,110,107
643,487,100,106
1,0,765,495
0,0,764,500
0,0,763,505
0,0,762,511
0,0,761,516
0,0,760,522
0,0,759,527
0,0,772,538
0,0,785,548
0,0,798,559
1,0,812,570
0,0,833,589
0,0,854,609
2,0,853,611
5,0,852,613
7,0,854,609
10,0,855,605
12,0,857,602
15,0,859,598
18,0,860,594
1,0,894,581
4,0,894,578
9,0,892,574
15,0,889,569
21,0,887,565
27,0,885,560
33,0,882,556
39,0,881,557
38,0,888,560
37,0,895,564
37,0,902,568
30,0,906,574
24,0,911,581
18,0,915,587
12,0,920,594
6,0,925,600
0,0,929,607
0,0,919,606
0,0,909,605
0,0,899,605
0,0,861,599
0,0,847,588
0,0,840,588
0,0,829,579
0,0,820,591
0,0,829,594
0,0,815,595
0,0,805,605
0,0,813,607
0,0,787,613
0,0,792,628
2,0,798,635
4,0,788,631
6,0,798,651
2,0,784,644
1,0,777,648
3,0,778,656
3,0,772,660
1,0,783,660
0,2,792,648
6,15,778,626
12,28,778,621
19,42,774,606
26,56,769,592
33,70,765,577
40,84,760,562
46,97,756,547
53,111,751,533
60,125,747,518
67,139,742,503
74,153,738,489
84,156,761,494
93,170,762,485
103,172,748,474
104,174,757,464
98,176,760,458
101,192,742,438
118,190,773,440
135,188,774,438
138,196,794,424
168,185,739,422
157,179,746,427
149,166,815,445
142,142,866,471
168,121,853,522
184,84,818,562
160,68,876,598
160,66,883,596
110,62,930,657
99,53,950,660
87,57,976,592
89,76,981,543
86,88,990,564
81,79,996,576
104,99,986,553
110,123,1032,556
133,148,1027,566
162,166,1023,541
186,173,1008,546
191,175,1001,537
216,182,994,529
233,179,984,516
251,179,955,517
256,179,939,508
262,179,923,498
259,178,920,497
255,178,906,496
252,177,893,494
248,176,880,493
245,172,863,505
243,181,842,489
250,173,842,500
249,177,832,502
248,182,821,479
252,186,821,485
268,189,810,487
284,192,799,490
284,195,797,481
403,144,269,162
401,141,271,161
400,138,273,160
399,135,275,159
398,132,277,159
396,132,279,158
393,132,281,157
391,132,289,156
389,133,296,155
386,133,303,154
381,133,311,154
384,132,310,155
378,131,317,154
371,134,317,152
366,137,317,151
358,136,329,152
349,140,339,152
349,138,338,152
346,141,338,150
339,142,340,153
339,146,340,151
340,147,347,150
341,149,355,149
342,150,355,148
346,152,356,147
348,159,363,139
348,161,376,137
347,163,389,135
347,165,396,133
346,167,402,131
362,170,395,129
371,176,392,126
367,183,400,124
362,191,408,122
358,199,416,120
356,204,419,120
354,208,422,121
352,213,425,121
350,222,426,121
348,231,427,121
332,237,437,121
331,237,440,121
335,238,437,127
329,243,440,131
323,249,444,136
325,249,444,134
326,249,445,132
327,248,445,131
328,248,445,129
334,245,444,124
340,242,442,119
346,240,439,113
354,235,435,116
352,235,438,115
361,229,431,118
366,225,428,123
366,221,423,124
367,218,418,125
368,215,412,126
368,212,410,127
363,208,407,131
352,206,406,133
342,209,398,134
333,213,389,135
324,216,380,137
321,219,383,134
316,227,374,134
311,236,365,135
307,244,356,136
302,253,346,137
304,262,340,130
308,265,331,128
313,269,322,126
318,273,313,124
330,275,304,122
342,277,295,120
348,277,289,116
354,278,282,113
369,278,274,109
384,279,266,106
400,280,258,103
412,280,251,101
420,279,245,100
429,279,239,98
438,278,233,96
447,277,227,95
456,277,221,93
464,276,215,91
471,274,211,87
475,272,205,86
478,271,200,85
481,269,194,84
485,268,189,83
488,266,184,82
489,265,181,81
490,263,178,80
491,262,175,80
492,261,170,79
493,259,165,79
492,258,160,78
492,257,154,78
492,255,151,77
492,254,149,77
490,256,145,78
487,257,142,78
484,259,138,79
481,264,134,80
481,263,132,79
479,271,129,79
476,280,126,78
473,289,124,78
469,299,122,81
465,309,121,84
465,311,119,83
463,320,118,82
462,331,116,81
461,342,111,81
460,353,106,81
461,357,105,79
462,361,104,77
460,366,104,76
459,372,105,75
462,377,103,74
465,382,101,73
468,386,99,71
470,388,97,70
474,392,98,69
477,397,99,68
484,402,98,67
491,408,96,67
497,413,95,67
498,413,93,66
506,418,92,66
514,423,92,64
522,428,92,64
531,432,90,65
543,437,88,65
543,436,87,65
552,440,87,64
563,443,85,63
575,445,83,65
583,446,82,63
593,447,81,63
595,448,81,64
604,449,79,63
613,450,78,63
622,451,78,62
632,451,77,62
638,451,77,61
640,451,75,61
649,452,74,60
656,451,72,60
664,450,72,60
671,449,72,60
676,448,71,60
676,448,71,60
682,448,69,59
688,447,69,58
694,446,67,57
699,444,67,57
704,445,66,57
703,445,67,56
420,128,542,591
411,125,561,589
397,126,587,591
384,131,608,583
374,130,624,587
369,131,628,583
346,133,663,585
325,134,688,585
310,138,717,577
297,145,740,573
274,165,781,554
275,157,787,561
253,171,820,544
237,192,841,519
227,210,872,509
207,230,909,485
191,245,927,474
186,247,927,472
172,257,943,462
146,259,985,457
138,256,980,463
