587,160,224,453
587,168,224,445
587,169,225,445
588,178,225,437
588,187,226,429
589,196,226,421
589,205,227,412
589,214,227,404
590,223,228,395
590,232,228,387
591,242,229,379
591,249,229,369
592,256,229,360
592,263,229,350
593,267,229,344
593,271,230,338
594,275,230,332
594,278,230,328
595,280,230,323
595,282,230,319
596,285,231,315
596,285,231,314
597,285,232,313
597,285,233,313
598,285,234,312
599,285,235,311
599,285,236,311
600,285,237,310
603,283,237,313
607,280,238,316
610,278,239,320
611,276,241,322
612,274,242,324
612,272,243,326
613,270,245,328
614,268,246,330
615,266,247,332
615,264,249,334
616,262,250,336
617,260,251,338
618,258,253,341
618,255,248,343
616,252,251,345
615,250,255,349
614,248,258,352
613,246,262,355
612,244,266,358
612,242,265,358
613,241,264,359
614,239,263,360
615,238,262,361
617,232,263,365
619,226,265,369
622,220,267,373
624,214,269,377
627,208,271,381
625,206,272,381
622,203,274,381
620,200,275,381
618,197,277,381
616,195,279,382
616,192,281,383
617,190,283,385
618,188,285,387
618,186,287,389
619,183,289,390
620,181,291,392
621,179,293,394
617,181,293,395
618,177,294,396
618,172,295,396
618,167,296,397
618,163,297,398
619,158,299,399
615,156,300,400
612,154,301,401
608,151,302,402
605,149,303,403
601,147,304,404
598,145,305,405
595,143,306,406
593,145,306,405
592,148,307,405
590,151,308,405
589,154,309,405
588,157,310,405
586,160,310,404
585,163,311,404
583,166,312,404
582,169,313,404
581,172,314,404
582,174,315,401
584,177,317,398
585,179,319,396
589,179,318,391
593,178,317,386
597,177,315,380
601,177,314,380
605,176,312,379
609,175,311,379
614,175,310,378
614,177,309,374
615,180,309,369
616,183,308,364
617,186,308,362
618,189,308,359
619,191,308,356
620,194,308,354
621,197,308,351
622,200,308,348
623,203,308,346
623,206,309,342
623,210,310,339
623,214,311,336
624,218,312,333
624,222,313,330
624,226,314,326
625,228,316,324
625,230,318,322
625,232,320,320
626,236,322,310
626,233,326,307
627,231,330,305
627,228,334,303
628,226,338,301
630,218,319,305
630,212,340,300
632,208,340,301
635,204,341,302
638,200,341,303
631,189,342,319
623,195,354,316
622,199,355,296
618,197,379,303
616,197,389,304
611,201,401,298
595,203,406,300
580,209,418,299
563,215,431,297
542,223,444,295
531,226,457,294
512,232,472,295
491,239,481,299
458,240,495,301
442,250,509,297
413,262,524,294
410,262,527,296
371,274,548,292
350,277,576,298
348,278,593,301
348,281,610,303
346,276,620,312
345,271,631,322
347,269,649,328
342,277,664,331
323,265,698,358
312,273,718,357
303,253,719,386
294,256,732,388
285,226,730,424
276,182,715,474
272,143,698,511
284,122,703,540
335,118,685,512
334,115,697,505
361,111,699,414
394,100,696,439
454,96,662,432
483,89,642,435
494,94,616,448
497,93,614,443
504,98,594,433
502,103,569,426
484,106,561,437
483,114,531,425
467,117,530,427
470,120,524,425
456,124,519,419
468,129,498,417
464,132,503,421
480,139,494,419
498,146,489,418
503,148,486,416
523,150,486,420
548,155,479,417
572,154,487,423
597,152,486,429
623,148,489,432
616,147,496,434
636,143,497,430
660,143,496,433
668,136,511,441
681,130,507,441
681,117,522,447
676,117,515,441
684,99,523,455
674,89,548,464
502,134,526,424
491,131,542,410
485,127,543,405
486,126,543,404
470,123,549,398
463,118,552,388
446,119,566,371
443,118,560,357
419,122,574,350
423,120,569,354
411,125,582,344
404,122,583,344
392,129,588,340
384,143,587,329
378,160,594,318
376,153,595,325
373,173,601,307
381,189,601,297
392,196,593,286
401,197,589,277
417,200,571,262
412,197,585,265
422,202,581,251
429,207,565,238
437,212,549,233
439,221,530,217
442,233,507,201
436,232,510,199
429,236,509,199
428,243,483,178
423,256,473,169
421,267,463,154
424,268,452,146
427,270,447,144
434,273,421,132
446,274,402,121
463,267,376,117
480,262,366,107
495,251,348,105
495,250,348,104
515,240,331,100
533,240,307,94
552,240,284,89
563,240,268,90
575,241,251,90
575,241,246,91
585,246,233,89
595,251,220,87
599,256,206,82
603,261,192,77
608,266,178,73
609,267,171,75
607,264,163,76
608,264,155,74
611,271,145,69
608,270,138,69
608,276,130,65
608,280,132,60
607,284,123,60
606,288,118,62
603,299,115,55
603,306,108,49
603,310,105,50
602,310,104,51
597,318,104,52
593,325,99,54
588,332,100,55
584,339,100,56
571,349,93,57
571,349,90,56
572,359,81,58
570,367,71,59
562,377,68,59
555,387,77,60
544,395,77,64
541,397,72,62
538,405,67,60
536,413,63,59
529,419,59,56
522,426,56,53
517,432,53,51
514,433,57,48
511,438,54,48
507,440,52,47
503,442,51,47
502,445,48,46
499,448,48,45
500,448,47,45
496,449,47,44
494,450,46,44
493,451,43,45
489,451,43,44
486,452,43,43
486,453,44,42
483,454,41,42
480,455,41,42
477,456,41,42
474,456,40,42
472,456,41,43
471,456,41,43
470,455,38,45
