651,25,434,694
656,24,428,694
662,24,422,695
668,18,417,701
674,13,411,706
681,8,405,712
684,6,413,713
687,5,421,714
690,4,429,715
691,9,418,711
688,13,414,706
679,14,412,704
670,16,410,703
662,19,408,700
654,22,407,697
646,25,406,695
626,24,412,696
606,23,418,697
593,20,421,700
588,20,416,700
586,16,419,704
579,19,423,700
574,20,426,699
585,17,413,702
583,17,414,702
580,18,415,700
577,20,416,699
566,29,426,690
554,38,436,681
542,47,446,672
531,55,456,664
505,74,474,645
502,72,475,648
499,85,479,631
516,98,451,606
519,112,438,570
519,120,432,554
518,128,426,539
518,136,420,523
518,145,415,508
520,157,402,478
499,162,419,472
478,177,433,448
457,184,460,452
451,177,464,471
427,175,508,494
404,167,556,543
378,158,604,561
314,150,713,569
312,143,746,576
310,136,747,583
319,137,770,580
299,142,836,577
223,140,943,579
130,149,1082,570
133,152,1102,567
143,155,1092,564
140,168,1092,551
228,186,992,486
315,204,888,489
402,221,790,479
525,237,667,474
520,229,670,487
613,260,576,456
696,297,494,420
780,334,412,385
837,384,345,335
880,420,289,300
879,422,287,297
893,445,251,273
908,469,216,250
902,478,198,227
899,481,175,201
892,476,157,187
893,476,155,188
888,473,138,171
881,471,124,157
870,467,114,146
858,466,104,134
848,464,94,123
852,460,90,129
840,455,80,114
834,449,76,109
828,446,69,101
818,445,68,94
810,443,62,88
809,444,62,87
801,438,58,82
796,434,52,78
