1,0,765,495
0,0,764,500
0,0,763,505
0,0,762,511
0,0,761,516
0,0,760,522
0,0,759,527
0,0,772,538
0,0,785,548
0,0,798,559
1,0,812,570
0,0,833,589
0,0,854,609
2,0,853,611
5,0,852,613
7,0,854,609
10,0,855,605
12,0,857,602
15,0,859,598
18,0,860,594
1,0,894,581
4,0,894,578
9,0,892,574
15,0,889,569
21,0,887,565
27,0,885,560
33,0,882,556
39,0,881,557
38,0,888,560
37,0,895,564
37,0,902,568
30,0,906,574
24,0,911,581
18,0,915,587
12,0,920,594
6,0,925,600
0,0,929,607
0,0,919,606
0,0,909,605
0,0,899,605
0,0,861,599
0,0,847,588
0,0,840,588
0,0,829,579
0,0,820,591
0,0,829,594
0,0,815,595
0,0,805,605
0,0,813,607
0,0,787,613
0,0,792,628
2,0,798,635
4,0,788,631
6,0,798,651
2,0,784,644
1,0,777,648
3,0,778,656
3,0,772,660
1,0,783,660
0,2,792,648
6,15,778,626
12,28,778,621
19,42,774,606
26,56,769,592
33,70,765,577
40,84,760,562
46,97,756,547
53,111,751,533
60,125,747,518
67,139,742,503
74,153,738,489
84,156,761,494
93,170,762,485
103,172,748,474
104,174,757,464
98,176,760,458
101,192,742,438
118,190,773,440
135,188,774,438
138,196,794,424
168,185,739,422
157,179,746,427
149,166,815,445
142,142,866,471
168,121,853,522
184,84,818,562
160,68,876,598
160,66,883,596
110,62,930,657
99,53,950,660
87,57,976,592
89,76,981,543
86,88,990,564
81,79,996,576
104,99,986,553
110,123,1032,556
133,148,1027,566
162,166,1023,541
186,173,1008,546
191,175,1001,537
216,182,994,529
233,179,984,516
251,179,955,517
256,179,939,508
262,179,923,498
259,178,920,497
255,178,906,496
252,177,893,494
248,176,880,493
245,172,863,505
243,181,842,489
250,173,842,500
249,177,832,502
248,182,821,479
252,186,821,485
268,189,810,487
284,192,799,490
284,195,797,481
