708,179,160,119
706,181,164,120
712,184,165,120
719,187,166,122
722,189,170,121
721,190,170,119
721,191,171,117
721,192,172,115
717,192,177,116
712,192,181,117
708,193,186,119
695,192,190,121
685,191,194,118
685,192,193,118
678,188,196,121
673,188,200,120
668,189,204,120
664,190,208,120
659,190,212,119
654,191,216,119
650,192,220,119
644,192,222,119
635,192,227,119
627,193,232,119
619,194,237,119
612,194,240,118
605,195,244,118
591,196,245,121
578,198,250,119
561,199,260,120
555,203,261,119
554,201,263,120
542,204,268,121
532,207,277,120
526,215,284,121
519,224,291,116
513,235,296,117
513,239,297,113
502,249,306,113
497,258,311,113
492,267,317,113
487,277,322,108
483,286,325,105
479,284,324,107
471,292,336,107
469,296,340,104
459,299,350,106
455,295,358,107
445,293,366,106
445,291,367,110
440,285,377,114
430,283,390,111
422,276,396,112
415,270,402,114
407,263,409,115
399,256,415,117
390,253,417,115
380,251,419,113
371,248,421,111
361,246,423,109
355,249,425,109
363,252,417,105
358,256,417,95
356,257,421,92
358,262,420,92
367,262,413,93
376,262,407,95
385,262,401,96
396,262,400,98
406,262,398,100
423,260,390,106
443,270,376,98
459,275,369,98
457,276,371,95
468,284,366,98
478,295,360,97
484,304,351,101
485,314,345,108
480,329,341,112
480,329,341,113
474,343,343,113
463,353,335,107
449,365,332,103
437,370,326,102
423,370,324,104
424,371,319,104
418,371,313,104
413,374,305,98
410,375,296,93
415,380,287,92
423,383,287,100
424,383,283,99
430,394,277,92
442,403,268,91
454,409,259,86
464,409,249,84
471,407,248,82
473,405,241,83
479,400,232,83
489,395,224,83
494,388,218,83
495,380,214,83
496,372,210,84
498,370,207,85
491,365,202,86
484,359,198,87
478,354,194,88
468,349,190,89
459,351,183,88
459,348,180,89
443,351,191,91
436,352,181,96
424,356,179,97
412,360,177,98
400,365,175,99
400,365,170,98
392,367,166,99
384,369,162,99
376,371,157,99
368,374,153,99
366,378,151,99
369,375,145,100
365,383,141,98
363,390,138,96
367,395,134,93
367,399,129,92
368,407,126,88
368,408,127,85
370,413,123,85
373,417,123,87
379,423,118,85
385,425,116,87
393,425,108,88
393,424,108,91
403,426,111,86
413,429,103,87
422,431,103,87
431,434,101,83
438,435,100,84
440,436,99,83
445,436,101,83
453,437,100,83
462,440,95,80
469,441,92,80
478,440,89,80
478,440,89,81
486,441,87,80
494,441,85,79
501,441,84,79
507,441,82,79
517,442,79,77
521,443,78,75
527,443,78,74
534,444,75,73
537,444,76,74
544,444,74,71
550,446,74,69
550,447,73,68
555,446,73,71
559,452,71,66
562,453,73,68
568,456,64,67
573,462,58,65
574,460,58,65
578,462,59,67
583,465,57,66
587,466,55,66
592,468,54,66
596,472,52,60
597,470,52,66
600,474,54,63
604,475,51,66
610,480,50,64
615,484,49,64
620,489,50,65
619,489,52,65
625,494,51,60
629,497,51,56
633,501,51,52
638,502,50,50
645,503,48,48
645,503,48,46
650,502,48,46
657,500,47,46
663,497,47,47
670,491,46,48
675,486,46,48
676,487,46,48
681,481,48,49
686,479,48,48
691,478,50,50
695,477,49,49
700,478,48,50
701,478,47,50
707,480,46,49
712,483,46,49
718,485,45,50
724,487,43,50
727,489,44,50
727,490,44,51
732,492,44,51
735,493,41,51
740,492,41,52
742,492,40,52
745,493,40,51
745,493,40,51
748,494,41,50
751,493,40,48
755,492,41,47
