518,153,271,425
525,143,254,428
524,142,255,431
536,123,239,447
547,111,228,455
556,104,226,457
569,99,218,462
574,97,220,467
573,96,222,468
578,93,226,473
585,99,224,483
586,108,229,486
581,123,236,492
586,147,234,489
586,146,232,490
584,167,235,485
574,194,244,480
570,207,244,494
562,210,249,493
559,196,241,523
561,191,243,526
556,197,244,520
551,203,246,515
547,210,248,509
544,207,253,509
540,204,259,509
537,201,264,509
534,199,270,509
530,196,275,509
527,193,281,509
524,191,287,510
523,187,293,505
521,185,298,509
523,186,303,516
525,196,292,506
523,201,292,504
522,206,293,502
520,211,293,500
518,215,293,498
521,212,290,506
526,217,287,502
