598,189,393,530
596,193,404,525
595,197,415,521
594,201,427,517
592,205,438,513
589,207,450,512
585,208,462,510
581,209,474,509
577,211,486,507
573,212,498,506
570,214,511,505
557,216,534,504
556,216,537,504
543,213,556,507
531,203,582,513
516,196,614,524
492,187,657,533
476,183,689,537
476,186,689,534
432,191,743,529
415,203,768,516
402,212,785,507
373,234,803,485
345,257,822,462
329,263,827,456
314,270,833,449
276,283,842,404
248,303,805,352
236,311,791,331
217,315,773,343
223,309,768,343
220,308,736,364
226,277,688,418
233,249,620,445
253,223,565,462
277,204,504,487
272,210,508,480
310,201,449,489
344,204,383,475
369,208,339,461
397,220,295,440
417,229,256,416
419,232,262,423
430,252,243,400
441,272,223,376
453,293,205,354
461,313,178,326
468,331,172,308
467,333,166,304
473,351,152,285
478,366,143,267
477,379,131,250
476,387,124,234
473,396,118,220
474,396,119,220
473,403,111,205
473,408,104,195
476,413,96,184
478,416,89,173
480,416,81,164
480,418,82,165
481,415,77,155
482,416,71,148
485,414,68,141
488,414,65,135
491,413,62,128
491,414,62,127
496,414,60,120
503,412,56,114
510,413,52,109
517,415,49,102
522,412,47,98
522,413,46,97
528,413,45,92
533,411,44,90
539,411,43,86
545,412,42,82
552,414,41,78
552,412,41,79
559,414,39,76
567,414,40,75
574,415,37,71
582,415,37,69
589,417,36,66
589,417,37,67
490,132,349,563
481,138,364,554
480,139,365,545
477,130,366,547
479,120,371,552
480,119,370,551
489,105,367,562
494,86,371,571
499,73,376,571
506,55,376,578
508,29,391,597
508,33,392,591
509,21,399,594
512,15,402,596
511,15,404,602
513,12,400,609
520,13,393,622
511,3,400,628
508,17,407,625
506,14,406,649
504,25,408,654
502,37,412,646
498,53,417,657
491,53,424,659
498,71,417,645
506,89,411,631
516,96,405,623
525,103,398,616
535,110,392,609
537,104,386,605
545,107,387,612
549,112,386,606
554,118,385,601
559,123,385,595
564,129,384,590
569,135,383,584
581,137,382,582
594,139,380,580
606,142,378,577
618,144,376,575
630,146,374,573
636,146,377,573
641,146,381,573
647,146,384,573
641,148,406,571
641,150,412,569
641,152,417,567
642,154,422,565
642,156,427,563
643,159,433,560
643,161,438,558
651,152,429,568
650,144,421,576
629,135,436,584
609,127,452,592
588,119,468,600
568,111,483,608
553,96,486,623
538,89,489,614
534,91,494,616
519,84,492,616
507,84,496,598
497,81,494,588
479,98,501,560
463,100,503,546
471,90,489,552
458,101,493,530
447,100,491,518
436,98,483,513
426,100,474,503
417,96,489,506
412,91,498,516
410,92,497,509
407,97,494,508
402,107,496,498
395,115,507,492
390,120,502,490
386,120,506,488
375,126,518,482
360,128,528,480
349,131,544,480
340,132,550,479
332,134,557,479
324,136,564,478
311,134,586,477
297,132,608,476
285,129,626,481
274,126,645,485
290,129,625,476
306,133,606,466
317,142,592,445
326,152,575,442
322,156,608,434
340,166,625,421
356,172,648,408
360,174,648,410
365,177,649,412
369,199,667,394
373,205,665,392
377,195,650,405
382,186,635,419
391,186,631,420
401,168,609,441
381,156,626,457
382,160,607,465
384,164,583,474
393,169,554,425
403,170,540,431
375,180,560,352
352,185,567,357
339,191,569,347
314,191,564,352
276,187,572,361
274,185,569,359
237,181,572,350
207,182,579,355
180,179,565,345
162,174,554,344
154,178,531,336
151,177,535,337
152,179,521,331
160,185,498,319
183,192,475,313
636,195,187,149
629,195,186,148
629,195,185,147
622,196,189,143
615,196,194,144
613,195,196,146
613,195,199,143
612,196,203,143
612,196,203,142
610,195,210,140
609,195,217,139
607,193,223,141
611,191,226,139
613,187,230,140
613,187,231,139
616,183,234,138
617,181,240,137
615,178,248,137
618,176,252,135
622,173,250,134
622,175,253,134
625,175,256,130
628,176,259,127
633,176,260,126
633,180,272,123
638,185,277,123
638,184,274,125
642,189,281,118
650,194,284,118
655,198,290,114
660,200,297,114
666,198,299,110
667,198,298,110
669,195,305,110
677,192,308,108
684,188,313,107
691,185,320,105
699,179,324,105
699,179,323,105
708,175,332,106
724,174,329,107
735,174,337,105
747,176,338,105
752,181,343,108
754,181,339,108
759,189,345,107
766,197,350,106
765,202,354,108
761,207,355,107
757,213,357,107
757,217,360,105
750,215,361,114
743,215,369,116
730,213,374,120
726,208,373,126
720,202,376,127
723,203,374,125
707,199,380,127
695,199,383,124
684,204,379,126
666,212,383,127
647,215,390,127
647,215,389,128
629,216,389,130
614,221,387,128
600,225,387,130
593,229,384,127
583,231,385,132
581,232,385,129
585,230,379,125
586,229,383,126
582,226,384,127
578,224,385,128
575,222,386,130
571,220,388,131
557,221,390,128
543,223,388,130
530,225,385,132
516,227,383,134
506,235,381,138
504,235,383,136
497,241,383,135
491,244,382,139
486,247,383,142
489,248,379,143
493,250,376,144
497,251,373,145
500,253,370,146
511,252,367,144
522,251,364,142
534,246,362,140
554,246,361,141
553,247,360,142
568,246,359,143
590,243,358,143
613,224,358,148
625,216,357,148
631,215,356,148
637,217,353,148
644,219,349,148
641,222,353,148
647,229,336,145
642,240,345,142
642,249,337,143
643,250,333,143
638,263,329,146
634,277,325,149
634,291,315,151
639,301,312,149
644,312,310,147
645,314,311,148
660,321,303,147
675,328,295,147
691,335,287,147
703,340,278,145
707,343,275,146
707,344,277,147
709,345,270,151
712,350,257,160
713,358,251,160
712,366,249,172
712,377,242,173
714,378,240,176
715,386,232,174
710,402,230,163
708,416,227,161
710,431,214,162
723,445,197,157
721,446,195,155
720,454,194,139
717,453,186,128
710,453,185,122
700,448,195,119
704,442,193,122
706,443,192,123
704,436,193,132
703,430,192,124
697,423,194,125
694,417,195,129
694,414,190,130
692,416,194,129
688,412,188,128
685,409,184,128
680,410,184,129
678,408,180,128
677,407,177,128
675,406,173,128
674,404,170,128
673,403,166,127
673,399,162,129
669,394,161,132
669,388,154,131
668,388,155,132
665,383,149,131
660,380,147,131
657,379,146,130
651,377,144,130
646,377,139,125
646,377,139,126
640,377,140,124
632,378,141,124
626,377,138,120
624,378,137,119
620,381,137,119
619,380,138,120
616,382,134,117
611,385,135,121
626,208,235,306
634,218,223,305
628,230,232,304
628,230,231,306
632,240,231,311
632,252,235,311
631,259,238,312
632,260,242,314
633,262,246,316
634,264,250,318
635,266,254,321
639,261,250,334
641,263,259,337
643,265,262,338
645,268,266,340
647,268,264,341
650,268,262,343
653,268,268,345
647,269,271,346
642,267,283,351
635,265,296,361
637,266,291,359
