481,63,651,653
478,67,647,649
476,71,643,646
474,75,640,643
472,80,636,640
470,91,626,628
467,102,616,617
465,114,606,605
463,125,596,594
461,136,586,582
459,148,577,571
454,155,540,564
450,173,519,546
445,179,495,538
441,191,476,510
435,199,457,492
433,203,459,481
428,206,434,458
423,210,408,435
418,214,383,412
414,217,358,389
413,218,330,369
412,219,317,356
411,220,305,344
410,220,292,332
409,221,279,319
408,222,267,307
407,223,243,289
406,223,243,284
405,224,230,272
404,225,216,257
405,228,199,238
404,226,190,228
406,224,181,216
406,224,181,216
409,226,170,206
409,223,162,197
410,219,153,192
411,218,149,186
414,215,140,176
416,213,138,183
419,215,129,169
422,212,117,163
428,211,108,155
432,210,105,149
438,210,97,136
438,209,96,141
440,207,94,132
445,206,90,127
449,204,85,125
451,202,86,121
457,202,78,115
455,203,80,115
461,202,74,110
467,202,70,106
473,203,67,102
478,204,65,98
483,205,62,95
483,205,63,95
488,210,61,90
494,215,62,88
499,219,58,84
504,225,56,80
508,231,54,78
508,231,54,77
512,237,51,74
516,243,51,72
521,248,48,70
524,254,47,68
528,260,44,64
525,261,43,64
529,265,40,61
533,271,40,59
537,277,38,56
541,282,37,55
545,287,36,52
546,286,36,53
550,291,35,51
553,296,34,49
557,301,35,48
562,306,34,49
565,311,31,43
564,311,32,43
569,313,31,43
574,318,29,41
578,320,28,41
584,324,26,39
587,328,26,38
588,328,27,37
592,331,26,37
598,333,24,39
599,336,23,36
604,338,22,35
607,341,22,35
608,342,22,35
609,343,21,35
609,345,21,34
609,347,21,33
609,348,21,32
609,349,20,32
610,349,20,35
610,350,18,30
610,349,18,31
610,350,18,30
611,350,18,30
613,350,18,30
613,351,17,29
614,351,17,29
615,351,17,28
615,351,17,28
616,351,17,29
617,351,16,27
617,351,16,27
619,352,15,26
619,352,15,26
620,352,14,25
621,351,15,25
621,350,14,24
621,350,14,24
622,348,14,23
622,346,16,23
622,342,14,24
623,341,15,24
624,339,14,23
625,339,14,23
626,336,16,23
695,198,205,296
680,199,217,300
677,207,219,302
673,215,220,303
673,214,220,305
666,223,224,302
661,228,227,306
654,231,234,310
647,228,242,317
639,219,248,322
640,221,250,325
625,205,268,331
620,191,278,344
620,180,290,351
619,170,309,363
623,159,322,376
620,161,328,376
627,156,343,387
632,152,365,399
630,142,391,416
638,135,406,441
617,132,436,457
615,133,439,461
584,135,481,478
550,142,524,515
495,146,578,530
428,147,649,564
357,141,740,578
351,139,754,581
328,127,797,592
305,115,840,604
275,114,926,605
222,104,1037,615
13,91,1266,628
11,92,1268,627
0,105,1280,614
0,131,1168,588
0,156,948,563
0,137,741,582
0,84,630,579
0,102,632,559
0,83,583,512
59,93,539,469
216,92,411,452
334,118,330,416
417,143,273,402
416,138,272,407
471,151,233,351
503,149,216,341
524,160,203,344
539,169,198,321
543,179,195,307
544,180,196,307
556,187,195,302
560,195,204,297
557,207,216,299
547,219,223,288
544,222,228,282
545,222,233,283
541,226,233,286
537,227,247,284
534,227,257,277
532,221,253,282
530,218,259,282
528,220,269,282
521,213,273,280
519,209,280,289
519,209,291,292
519,204,311,303
733,125,364,294
729,127,369,283
727,134,371,277
728,138,370,268
727,142,379,268
728,146,384,271
730,150,385,262
724,150,389,264
723,152,395,263
722,154,400,261
722,156,406,260
716,161,410,253
703,169,411,249
700,166,412,250
705,173,399,240
702,180,398,229
692,184,403,223
683,185,412,212
681,188,409,205
683,187,409,207
664,192,429,201
670,200,427,180
673,206,427,176
673,213,428,174
679,219,418,169
676,219,419,171
672,225,424,172
669,235,426,168
666,246,427,165
662,257,429,161
659,267,431,158
657,265,430,155
662,280,423,152
662,291,425,150
662,302,427,148
658,313,426,145
654,324,425,142
650,334,424,138
646,345,423,135
645,350,422,133
644,356,422,131
644,360,417,127
644,364,412,123
644,368,407,119
644,372,402,115
644,376,397,111
641,382,395,108
639,387,393,106
637,392,393,103
636,396,392,101
632,405,392,99
636,413,380,96
635,418,376,93
629,427,374,87
623,429,366,82
626,429,364,82
621,428,360,84
615,418,356,95
612,404,351,96
609,391,347,98
606,377,342,99
609,373,335,102
598,364,335,94
588,354,325,97
578,349,310,95
572,345,310,99
562,344,302,96
563,345,297,97
555,344,295,98
547,343,287,103
535,353,292,101
545,356,271,104
543,361,267,99
541,360,269,101
534,363,269,97
522,364,273,99
538,369,257,94
541,375,254,85
547,378,246,89
547,376,246,91
546,382,246,86
551,383,240,83
552,384,239,83
558,383,232,79
560,381,225,78
561,381,226,78
562,376,219,80
561,372,215,78
558,370,208,74
555,366,205,72
543,361,214,77
545,361,213,77
542,357,207,77
542,357,206,78
544,349,204,78
544,351,203,78
547,354,202,78
549,352,201,78
557,355,200,78
573,357,194,84
578,379,197,78
594,393,184,80
597,408,190,85
600,408,185,87
606,430,189,82
617,445,183,85
626,459,176,82
626,470,178,85
628,471,176,96
633,476,170,90
639,482,165,91
643,482,164,92
661,485,150,89
669,484,146,96
672,484,145,94
671,484,150,94
678,480,144,95
680,479,142,95
683,479,145,90
683,480,135,89
686,479,129,93
689,479,121,93
695,477,116,84
693,475,116,81
697,471,110,77
700,467,110,80
703,463,109,81
703,461,107,81
705,458,106,81
711,455,102,78
715,447,98,79
716,446,98,74
720,441,95,74
719,441,96,74
722,436,94,74
722,434,92,74
722,432,91,72
723,430,89,76
472,143,383,479
472,147,378,479
482,163,375,475
493,167,378,469
509,169,367,473
521,185,360,465
530,189,357,470
533,188,354,470
530,192,352,470
532,203,344,459
519,197,350,465
525,194,316,461
521,182,296,460
521,188,294,455
518,161,280,455
509,145,267,454
519,120,248,457
530,102,220,457
539,95,203,455
539,93,202,457
535,91,195,456
533,86,196,456
534,94,191,456
535,105,191,449
532,106,192,449
531,106,194,450
531,104,189,451
526,91,189,451
524,77,183,449
524,75,185,445
528,73,183,444
527,77,179,437
528,82,175,440
525,95,180,441
522,114,187,439
513,134,193,442
508,154,193,446
508,157,194,444
499,183,199,448
492,212,201,446
492,236,193,445
487,265,192,434
483,286,198,426
485,283,196,430
484,308,195,407
487,322,188,392
491,336,188,377
499,349,188,364
508,358,192,359
509,358,191,355
524,370,195,349
533,378,201,335
542,387,198,328
553,394,196,321
557,393,207,322
559,393,204,322
568,386,208,328
572,378,219,337
576,369,235,345
574,360,263,355
571,351,276,368
575,355,272,361
