350,160,144,241
353,165,145,242
356,171,147,243
359,177,148,244
362,183,150,246
365,189,152,247
368,195,153,248
371,199,155,248
373,203,156,248
375,207,157,248
378,211,159,249
379,212,160,248
381,214,161,247
383,216,162,246
384,218,163,246
386,217,164,245
387,216,165,244
388,216,166,244
390,215,167,243
391,214,168,242
393,214,170,242
388,212,172,242
383,211,174,242
378,210,176,242
373,208,178,243
368,207,180,243
364,206,182,243
358,204,185,244
352,203,188,244
346,202,191,244
340,201,195,245
338,203,198,243
336,205,201,242
334,207,204,241
332,209,208,241
330,212,213,241
329,214,217,242
327,216,221,242
325,218,225,242
323,220,230,243
331,218,228,248
330,220,231,248
330,222,235,248
330,224,238,248
330,227,241,247
327,226,245,250
325,225,249,252
323,224,254,254
320,223,258,256
318,222,262,258
316,221,267,261
311,223,274,261
306,225,281,262
302,228,288,263
297,230,295,264
293,233,303,265
288,235,310,266
284,237,317,267
284,239,326,267
284,241,335,268
285,243,345,269
285,248,356,268
287,243,365,269
275,238,370,274
287,248,382,270
287,255,391,271
286,262,399,272
278,273,408,272
274,275,416,273
278,283,425,274
282,291,434,274
276,287,447,282
275,286,482,289
274,285,494,293
273,284,504,295
268,277,523,304
246,264,552,321
251,240,571,347
251,201,576,387
257,172,592,426
268,170,580,429
263,145,594,466
273,117,591,510
205,126,642,485
193,146,642,403
184,166,628,355
177,174,631,340
170,183,623,330
177,204,601,311
188,223,590,322
216,243,575,308
239,252,564,301
247,254,567,304
283,262,557,307
332,281,531,290
365,287,537,284
416,303,489,270
