479,219,44,90
486,221,40,85
486,221,41,83
487,222,42,82
488,222,43,81
489,223,45,80
491,223,44,79
492,223,43,78
494,223,42,77
496,223,41,76
498,223,40,75
498,223,40,74
499,223,41,75
499,222,41,74
499,222,43,74
498,219,41,76
495,215,40,76
495,214,39,75
494,213,39,75
494,212,39,75
494,211,39,75
493,210,39,76
493,209,39,76
493,208,39,76
493,207,39,76
492,206,39,77
492,205,39,77
492,204,39,77
491,203,39,77
491,202,39,78
491,201,40,78
491,200,39,78
491,199,39,78
490,200,40,78
489,202,42,78
489,201,42,78
488,200,43,78
488,199,43,78
487,198,44,78
488,192,45,79
490,196,43,77
490,195,45,76
490,194,45,76
490,194,46,77
491,194,47,78
491,192,50,80
491,189,49,80
491,187,49,81
491,185,48,81
491,184,48,82
491,183,47,82
491,182,47,82
491,180,47,83
491,179,47,83
492,177,48,84
492,176,48,85
492,175,49,86
493,173,50,87
493,172,50,87
493,170,51,88
493,168,51,88
490,162,52,91
490,162,52,90
486,160,54,89
482,156,54,93
477,151,56,95
474,149,58,95
472,147,58,97
472,147,58,96
470,145,59,99
471,145,59,99
469,140,59,102
469,141,59,103
469,143,60,104
469,144,61,105
470,146,62,106
470,147,63,107
470,149,64,108
471,151,65,110
472,152,65,111
473,153,65,112
474,159,66,113
475,164,66,114
476,170,66,115
477,176,67,116
478,181,67,117
478,181,67,118
480,189,68,118
482,196,68,119
484,204,68,115
485,209,71,118
484,210,69,120
484,210,70,119
484,215,68,119
481,219,69,119
479,221,71,121
477,224,70,119
477,226,69,118
477,227,69,118
477,227,68,116
479,229,69,113
478,226,68,112
477,223,68,112
477,220,68,111
476,217,67,111
476,212,67,110
476,207,67,110
476,202,66,109
476,197,66,106
475,190,67,107
477,191,67,108
477,184,66,108
478,180,67,107
480,175,67,108
481,171,67,106
479,169,67,105
479,168,67,106
476,167,68,104
470,167,71,105
464,166,74,107
454,170,78,106
445,169,80,105
446,170,81,105
433,170,82,107
421,174,83,109
409,177,85,109
389,176,89,111
370,169,93,115
369,170,94,115
351,165,100,121
341,166,103,124
329,166,118,130
319,159,125,138
309,159,130,142
311,160,125,141
302,170,132,137
296,179,145,143
296,185,150,149
271,182,175,167
241,171,206,190
240,169,216,196
199,151,271,237
149,129,358,298
60,104,543,407
4,77,792,594
0,66,1087,653
0,68,1102,651
0,93,1280,626
0,125,1280,594
317,195,962,524
543,258,736,461
615,282,524,383
621,284,504,379
613,305,367,308
596,318,291,257
590,326,235,227
603,334,196,208
622,325,181,211
626,328,164,210
648,318,150,211
668,302,135,219
667,294,142,222
678,279,150,238
685,271,143,236
683,265,152,241
684,265,142,217
680,256,141,228
676,246,138,230
668,239,141,221
665,234,141,234
667,231,141,234
656,228,146,203
644,222,155,222
635,222,164,222
625,221,173,217
614,216,188,222
614,214,179,220
608,215,187,219
603,215,189,218
597,216,191,217
592,217,193,216
581,221,195,219
579,223,194,220
569,226,198,222
559,229,203,224
421,116,138,133
423,117,146,134
425,119,148,136
428,120,150,137
430,122,152,139
432,123,154,140
435,125,157,142
431,127,171,141
429,128,173,141
427,130,174,141
422,133,175,141
417,135,182,141
413,137,188,141
408,139,194,141
403,142,200,141
403,142,201,138
399,145,205,135
395,147,208,133
392,149,211,130
388,151,215,127
379,157,218,125
377,156,221,126
375,155,225,128
373,158,226,127
372,160,229,125
370,163,231,124
368,165,233,123
367,168,236,121
365,170,239,120
363,173,241,119
362,176,244,118
363,178,247,116
364,181,250,114
365,184,254,113
366,186,257,112
367,189,260,110
369,192,264,109
373,194,270,112
375,198,272,108
375,196,269,110
376,204,279,101
382,210,280,99
389,216,281,98
396,222,282,96
403,228,284,95
401,228,287,94
403,236,288,94
404,244,289,93
406,251,289,93
407,259,290,92
408,267,292,92
409,270,287,92
399,273,294,92
392,276,298,93
384,279,303,93
377,282,308,94
373,282,308,94
370,282,308,94
367,282,308,95
364,282,308,95
361,282,309,96
361,285,297,90
364,288,301,95
365,289,303,94
366,290,307,99
373,297,303,97
376,305,297,95
382,312,297,102
393,323,287,96
390,320,290,98
394,324,288,103
398,329,287,109
402,334,285,115
406,338,281,113
410,342,276,110
414,346,271,107
417,346,266,108
419,345,262,109
422,345,257,109
425,345,252,110
429,348,249,102
431,349,249,104
435,346,244,106
441,346,239,104
447,346,236,102
452,346,232,100
456,346,227,98
461,346,224,96
466,346,220,95
474,348,212,99
478,354,212,97
480,358,206,96
483,362,200,95
485,366,195,94
488,371,189,94
490,375,184,93
493,379,178,92
496,384,173,92
494,391,171,95
494,391,168,94
492,400,164,95
490,403,156,97
488,411,152,95
488,417,146,95
485,420,137,97
484,419,139,97
483,424,132,97
484,429,125,95
485,433,120,95
485,440,120,93
490,445,114,91
488,445,115,92
491,452,107,93
495,459,100,94
499,466,93,95
503,473,90,90
507,480,87,86
512,484,79,82
517,488,72,78
522,492,69,74
528,496,66,70
534,497,62,69
541,498,61,67
540,499,62,66
545,499,61,64
553,499,59,63
561,501,58,63
571,503,53,61
575,505,56,58
574,505,58,58
580,506,60,58
589,507,56,60
593,509,57,56
601,509,57,61
607,512,56,56
605,512,58,59
611,514,57,58
618,516,56,58
625,518,55,57
632,520,54,57
639,522,54,57
638,522,54,55
645,523,52,54
651,523,52,54
656,523,52,55
660,522,52,55
666,521,52,55
665,521,51,55
667,520,54,55
677,518,49,54
682,516,49,55
687,513,51,52
692,511,49,53
693,512,48,52
698,509,49,54
344,255,255,355
349,253,242,349
351,254,238,350
356,256,236,338
354,256,241,342
355,255,243,340
358,252,245,341
358,248,246,341
363,243,239,344
364,242,243,344
367,244,241,346
366,236,239,339
369,236,237,342
371,237,230,331
370,239,228,326
372,239,214,327
371,237,217,330
372,237,209,323
373,238,203,327
373,238,190,329
376,240,180,328
373,241,173,321
377,240,169,322
371,242,176,326
371,244,174,325
370,247,176,329
373,251,168,332
372,254,164,335
375,254,161,336
369,257,162,333
372,268,158,325
