690,188,306,258
689,185,307,255
688,182,308,253
688,179,310,251
686,176,312,248
684,173,315,246
683,170,317,244
681,168,320,241
673,167,326,242
665,166,332,243
657,166,339,245
658,169,338,242
654,164,337,239
649,159,336,237
645,154,335,234
640,149,334,232
638,143,336,228
635,138,337,224
633,133,338,220
630,128,340,216
616,124,345,212
615,120,328,205
601,121,340,197
600,123,345,192
592,123,354,180
588,126,349,181
588,134,344,162
589,144,348,160
594,147,344,156
599,151,340,152
607,164,332,142
619,174,328,138
631,189,323,130
644,203,316,123
655,220,314,117
656,220,313,118
662,237,305,117
671,257,285,119
677,290,278,109
676,318,267,103
675,346,256,98
675,344,258,100
672,365,244,91
665,387,227,81
664,396,208,75
660,403,194,71
656,406,183,69
657,406,182,68
654,412,171,64
651,415,159,60
650,418,152,59
651,428,138,49
651,432,130,46
650,432,130,47
650,436,119,48
650,442,117,47
649,449,118,50
651,459,114,49
643,470,119,48
642,467,119,51
640,474,114,59
635,481,113,59
630,488,113,59
624,496,113,59
622,500,111,59
619,505,110,59
617,509,108,59
614,513,107,59
612,518,106,59
609,522,104,59
607,526,103,59
607,527,99,59
607,528,94,59
607,529,90,61
607,530,86,64
607,531,82,67
607,532,77,68
607,533,73,69
607,534,69,62
607,535,64,61
606,536,60,60
604,541,62,51
604,539,60,50
604,537,58,49
605,536,57,48
604,533,57,48
604,531,55,46
603,527,54,45
601,524,51,45
600,524,52,45
599,521,49,46
596,516,51,44
593,512,47,44
588,509,47,45
582,505,50,44
582,506,49,44
575,505,50,41
566,501,49,42
559,498,49,43
553,496,47,40
548,494,45,41
546,494,46,40
538,493,46,40
530,491,46,38
527,489,44,38
518,488,42,35
510,482,41,37
510,483,43,37
504,478,42,37
498,474,40,36
493,469,39,40
488,468,36,33
481,463,40,33
482,463,39,35
477,458,36,34
473,454,33,33
469,451,34,32
465,446,37,31
460,441,36,33
460,441,35,33
458,434,33,38
456,430,31,36
454,426,30,35
452,422,29,34
