300,179,218,234
299,174,214,233
292,167,216,233
282,162,230,231
283,163,231,231
277,158,235,233
264,150,245,244
257,146,253,247
250,142,260,250
249,145,274,248
249,148,278,246
247,147,270,247
245,146,273,249
239,147,285,250
233,148,296,251
227,149,294,252
221,149,308,253
215,150,298,254
214,150,303,256
208,151,302,269
193,157,318,272
191,156,311,282
192,157,310,282
187,159,322,279
183,161,322,277
179,165,322,272
175,170,328,267
171,174,349,261
170,174,354,262
169,174,359,263
178,178,354,248
171,181,375,255
174,185,380,251
178,189,384,246
182,193,389,241
185,197,393,237
189,200,398,232
192,204,402,227
196,208,407,223
199,212,411,218
200,216,405,214
205,219,403,208
213,219,407,203
212,229,423,194
227,233,414,189
224,240,429,180
228,242,425,178
238,241,422,178
243,246,424,173
247,253,428,164
255,251,429,175
255,254,434,167
257,255,433,165
264,255,428,173
275,257,430,171
284,256,422,176
289,263,422,173
294,271,421,170
300,279,421,167
305,287,420,164
311,295,420,162
313,309,418,155
316,316,416,156
319,322,414,157
321,326,407,157
324,329,401,157
327,332,394,157
332,338,383,157
328,341,380,154
325,344,377,151
321,347,373,148
318,344,365,147
319,343,358,145
315,343,357,143
322,341,346,141
321,336,342,141
320,331,338,141
319,327,334,141
319,322,330,140
318,318,326,140
327,309,321,139
325,298,310,141
328,297,302,140
331,297,295,139
334,297,288,139
337,297,281,138
340,297,274,138
337,299,273,139
338,304,266,139
339,309,259,139
340,315,253,139
340,323,243,142
337,331,236,140
342,337,222,143
342,337,220,142
347,346,203,139
350,358,194,133
347,369,189,127
345,379,182,125
348,387,172,130
348,389,178,131
350,395,165,130
367,398,159,142
383,408,140,129
382,412,146,141
394,424,139,132
390,423,147,134
409,437,134,125
419,438,134,131
431,440,134,136
441,445,133,135
450,454,131,124
454,455,129,126
471,462,121,121
480,462,125,121
491,462,123,114
502,461,122,118
511,456,120,118
508,458,121,114
518,452,118,115
525,447,118,121
527,443,119,117
533,438,116,116
538,433,113,115
538,434,115,114
542,431,109,111
545,424,107,111
549,419,104,114
553,413,103,112
557,407,99,107
560,406,100,116
563,399,97,112
567,392,95,113
570,384,93,114
573,375,92,114
576,368,91,113
574,368,93,114
578,361,91,115
582,354,90,117
586,349,90,117
590,342,90,122
591,341,88,115
591,341,88,116
592,341,88,114
593,340,87,113
594,341,86,113
592,341,85,114
592,343,84,115
592,343,84,115
590,345,84,115
588,345,87,118
588,349,85,115
587,351,84,113
587,351,85,112
587,352,84,111
587,352,86,110
588,350,88,109
590,347,89,110
591,344,90,109
591,338,91,112
591,337,96,116
594,333,92,115
598,329,90,115
597,326,92,116
599,325,91,114
600,323,92,113
601,322,91,115
603,322,91,114
604,321,90,114
603,320,91,113
602,320,95,116
603,320,91,113
605,320,90,113
605,321,89,113
605,321,88,111
604,323,89,113
602,320,90,116
