501,214,266,167
508,215,258,164
503,220,266,160
506,225,266,158
510,232,266,153
507,232,268,153
510,234,270,150
507,233,273,148
503,236,279,146
504,235,274,144
501,236,281,146
501,233,281,143
497,233,281,140
493,233,281,137
489,233,282,134
486,233,282,131
482,233,282,128
488,233,273,128
471,230,284,125
460,227,280,122
444,227,281,121
437,229,277,116
430,232,274,112
423,235,281,108
415,238,281,104
406,241,281,100
400,242,281,94
394,243,281,88
388,243,281,82
387,244,282,84
384,246,281,79
391,250,277,70
402,257,271,67
404,264,276,66
424,271,266,68
426,272,264,66
432,285,270,62
444,293,266,62
458,301,259,61
467,308,255,62
466,316,263,64
467,315,258,62
471,322,256,59
486,327,247,55
487,328,249,54
496,322,246,53
504,315,243,51
504,315,242,51
509,306,242,51
516,300,240,51
518,292,244,59
526,286,239,51
536,283,234,50
537,282,234,51
541,282,234,49
549,284,232,51
559,289,229,49
571,301,223,48
577,312,222,47
581,312,218,48
585,323,215,50
595,331,208,44
599,338,207,43
605,340,203,41
608,343,200,44
609,342,199,47
612,343,202,42
630,343,193,45
640,347,192,49
642,350,199,52
654,355,198,52
649,357,196,46
656,362,201,51
662,367,198,52
661,371,198,52
658,375,196,54
651,378,198,55
651,375,198,58
643,382,197,56
631,382,195,60
618,383,198,64
604,384,195,64
591,386,192,65
587,388,193,65
576,393,191,64
565,399,189,63
555,404,188,62
544,409,186,61
538,418,185,60
540,419,182,56
531,420,192,66
535,429,180,64
536,428,178,70
537,427,177,69
539,426,175,69
540,426,173,68
542,425,171,67
543,424,169,67
545,424,168,60
541,417,167,63
541,409,166,64
545,408,162,65
547,400,161,65
544,395,160,65
542,390,159,65
540,384,157,65
537,379,156,65
537,378,157,65
531,373,150,66
524,371,147,68
517,369,144,71
510,367,141,74
503,365,139,76
500,364,140,77
490,366,142,76
481,365,139,78
471,369,137,79
462,371,136,80
454,373,132,81
451,375,133,78
448,378,124,82
447,380,120,82
447,382,117,83
448,385,115,86
450,389,114,88
451,392,112,89
453,396,111,89
455,400,110,85
461,406,106,87
469,409,103,82
472,409,103,86
469,412,108,79
485,413,96,72
495,415,96,61
512,413,94,56
528,411,91,54
545,408,91,53
545,409,92,53
562,404,91,53
580,402,89,53
599,401,89,55
619,399,92,53
642,398,89,54
643,399,89,52
665,399,85,51
