337,272,248,271
328,267,250,285
328,265,248,289
328,264,246,293
328,262,243,296
328,260,241,300
328,261,242,313
328,262,243,325
328,263,241,327
328,263,239,329
326,266,241,325
324,268,244,321
322,271,246,317
320,274,249,313
317,278,255,311
315,282,266,316
310,283,273,318
308,287,282,320
306,292,293,325
314,283,307,350
301,300,322,342
305,306,339,352
303,306,338,357
296,301,363,365
286,294,392,385
268,280,441,417
258,273,475,439
240,251,497,460
226,248,519,471
198,222,541,496
171,197,564,522
146,175,594,542
98,153,602,566
48,101,654,618
44,86,658,633
0,37,672,682
0,4,700,715
0,1,740,716
6,1,795,717
0,1,867,718
0,0,860,720
0,1,929,718
0,44,960,675
0,136,975,583
11,224,960,495
195,279,769,440
262,280,706,439
358,279,598,440
448,282,459,377
489,286,369,313
530,286,279,253
507,257,263,241
506,255,260,244
503,228,231,218
489,213,211,206
476,205,195,194
474,203,180,178
477,204,158,161
479,211,151,152
482,219,134,142
484,226,118,135
485,241,104,125
485,257,96,122
487,276,86,114
486,276,86,115
488,293,79,106
493,308,68,101
494,325,63,92
496,337,58,88
497,350,60,82
498,350,58,84
504,364,56,81
505,372,54,78
507,381,51,72
510,389,48,69
513,396,44,68
515,396,44,67
518,401,42,64
521,405,40,61
524,410,38,59
527,414,35,56
525,418,37,49
526,418,36,50
527,419,35,52
560,195,9,11
561,196,8,11
562,198,8,11
563,198,8,11
564,199,8,11
565,201,8,11
566,202,8,11
567,204,8,11
569,205,8,11
569,205,7,11
570,206,7,11
570,207,9,10
570,208,10,10
571,210,8,9
572,209,10,12
573,211,10,13
573,210,10,13
573,211,10,14
574,213,10,12
575,215,10,13
576,215,10,16
576,217,10,16
577,218,10,16
577,219,10,15
578,221,10,15
579,222,10,15
579,223,10,15
579,225,10,15
581,226,10,15
581,227,10,15
581,229,10,15
581,227,10,17
582,229,10,18
583,230,10,18
582,230,10,18
582,231,10,19
582,232,10,19
582,232,11,20
582,233,11,20
582,234,11,20
582,235,11,20
582,237,12,20
580,236,12,21
578,236,12,21
577,236,13,21
575,238,12,20
574,238,12,20
574,239,12,21
571,240,13,21
568,240,13,22
565,241,14,22
562,242,14,23
560,241,15,23
559,241,15,24
555,242,16,25
552,242,17,25
550,243,18,26
547,244,17,25
548,244,17,26
545,243,17,27
543,242,16,27
539,241,17,28
535,239,18,28
531,237,21,30
530,236,22,31
526,235,23,32
522,233,23,33
518,231,24,34
514,229,24,35
506,225,28,37
507,226,25,37
499,224,28,40
493,223,30,42
486,221,32,43
479,220,35,45
472,219,37,47
472,217,40,49
461,216,43,52
451,212,47,57
440,208,51,61
429,205,55,66
414,203,69,80
412,204,72,75
403,208,77,79
399,208,88,91
396,210,103,103
395,208,123,128
393,212,156,149
394,211,155,152
394,209,203,186
394,208,302,266
381,196,496,395
367,189,785,530
417,202,862,517
437,207,842,503
572,236,707,439
705,276,574,286
735,296,343,223
728,294,228,185
698,302,173,175
696,299,180,177
655,299,166,175
632,279,145,199
603,253,160,227
588,217,156,267
582,178,160,315
581,177,160,316
590,132,183,377
604,89,204,404
615,26,234,502
635,0,271,560
620,1,343,560
628,4,351,560
619,0,382,589
591,0,404,593
572,0,404,564
524,0,420,569
492,2,423,562
488,0,430,569
484,0,418,569
487,10,420,559
489,33,429,510
513,41,409,480
515,52,405,464
516,57,400,457
514,66,390,432
511,72,379,408
514,73,365,387
511,73,354,361
516,72,342,349
514,70,342,353
521,75,332,332
526,88,323,313
448,223,151,135
455,217,160,132
461,209,160,134
462,212,159,134
470,207,161,133
470,202,168,134
474,198,171,131
474,196,177,129
476,194,177,130
478,192,177,132
481,191,178,134
483,189,180,135
485,188,182,135
487,187,184,137
489,185,186,138
491,184,188,138
493,183,190,140
493,184,193,141
494,185,197,143
495,186,200,144
496,187,204,146
494,188,208,147
493,190,212,148
491,192,216,149
490,194,220,151
488,193,219,155
482,193,224,155
477,193,229,156
472,194,235,157
463,195,239,157
454,197,244,158
445,195,247,158
436,193,250,158
427,191,253,158
418,189,256,159
399,179,265,160
382,173,266,163
367,167,276,163
355,166,278,158
351,164,280,159
336,163,284,158
326,150,287,172
314,146,294,170
307,144,296,169
301,142,299,168
295,140,305,167
288,138,310,166
282,136,315,165
276,134,321,164
269,132,329,163
263,130,337,162
261,130,342,160
260,130,348,159
261,130,354,156
263,130,360,153
265,130,366,150
266,130,372,147
268,130,378,144
270,130,384,142
277,133,390,142
280,141,396,143
286,146,397,137
289,152,408,138
285,150,413,138
296,159,408,133
290,168,419,133
285,179,425,133
301,187,407,135
296,200,417,129
295,198,421,130
296,214,418,122
289,219,416,117
283,225,415,113
277,231,414,101
273,232,405,97
276,232,402,96
269,233,396,95
266,234,391,93
251,234,387,89
246,239,376,80
237,239,379,84
238,240,374,82
238,242,364,79
234,245,355,82
235,245,346,82
240,249,340,79
251,259,327,73
250,258,330,75
260,265,324,77
277,278,313,78
295,289,308,82
316,300,291,91
325,309,285,90
333,318,279,88
346,331,274,87
359,345,268,85
365,353,260,84
371,362,252,83
377,370,244,83
380,374,237,76
383,378,230,69
381,379,222,71
380,380,214,73
379,381,206,75
378,382,203,73
376,384,200,72
375,385,197,70
374,386,194,68
373,387,191,67
375,386,182,68
377,385,180,69
375,386,181,69
377,386,184,68
380,386,182,68
384,385,175,68
386,385,169,69
387,384,166,70
389,383,163,72
391,382,160,73
393,381,157,75
395,380,154,77
397,380,151,78
399,379,148,80
401,378,145,82
403,377,142,83
405,376,139,85
407,376,137,87
409,378,137,85
416,380,135,85
415,382,137,83
422,387,126,78
424,387,117,82
428,389,115,83
437,390,113,85
445,393,107,84
444,395,107,83
451,400,108,78
462,403,107,77
467,408,109,74
478,411,106,78
492,413,99,77
491,414,102,78
494,422,99,70
502,426,99,71
510,432,96,67
518,435,92,69
525,439,94,69
526,438,93,70
533,442,86,69
540,446,79,67
548,451,73,67
553,453,73,69
555,456,73,68
555,455,73,68
559,459,70,67
564,461,68,67
567,464,67,66
570,465,65,66
576,468,63,65
577,468,64,64
580,471,63,61
586,471,60,61
590,472,60,62
595,474,58,63
600,475,60,62
601,474,62,62
606,476,60,59
607,478,59,59
614,479,56,59
618,479,54,60
625,478,51,59
626,478,48,58
630,480,45,57
633,481,46,55
637,483,45,54
641,483,43,54
645,482,42,55
645,483,43,55
648,483,42,54
651,481,41,55
654,484,41,54
658,486,38,53
661,488,39,53
661,488,39,52
665,489,39,50
665,489,41,51
670,489,38,50
673,489,39,48
675,489,40,44
676,489,38,45
678,489,39,45
681,488,38,40
682,487,38,38
684,485,37,37
686,484,37,36
688,483,37,36
690,481,38,37
693,480,37,38
695,480,38,38
698,480,37,36
702,479,37,37
702,479,37,36
705,478,36,35
708,478,35,34
711,478,34,33
713,478,34,37
715,478,34,37
717,479,34,37
719,479,34,37
721,479,34,37
724,480,34,37
727,479,32,36
728,479,33,36
728,479,33,36
730,480,33,36
734,479,32,37
735,479,32,36
737,479,32,36
738,480,32,36
738,479,32,36
741,480,31,36
471,245,293,387
496,248,255,385
520,251,228,379
529,249,209,377
530,252,207,378
536,245,199,374
534,231,223,376
533,223,247,375
538,212,232,377
539,199,224,381
538,204,228,382
540,190,230,386
536,179,261,394
532,174,284,397
542,172,267,396
549,169,248,404
548,167,247,404
546,172,249,412
551,181,262,411
544,191,287,406
546,195,267,411
545,197,258,425
544,194,264,428
551,202,259,423
535,204,278,435
528,203,266,435
518,192,271,452
519,183,272,463
519,182,275,466
525,170,249,479
503,164,271,485
