322,208,256,464
324,208,260,471
326,208,262,463
328,208,264,454
330,208,266,446
333,209,269,437
335,209,271,429
337,209,273,420
342,195,263,417
340,188,264,409
337,183,269,407
341,181,269,400
346,177,267,389
344,176,269,398
347,172,272,396
350,169,275,394
353,166,279,392
356,163,282,390
359,160,286,388
362,157,289,386
365,154,293,384
372,146,279,378
370,141,280,372
375,136,277,370
376,130,280,367
378,125,278,371
377,121,278,368
383,111,269,367
387,115,268,357
388,109,273,363
390,121,276,360
394,119,267,362
396,124,268,359
398,126,269,359
402,128,271,360
401,128,270,363
395,130,278,364
395,131,277,363
392,132,279,366
388,136,279,368
385,146,283,360
383,143,279,366
379,146,284,365
377,143,286,367
371,146,285,366
363,144,285,367
355,139,288,370
346,137,288,370
338,134,284,369
343,138,281,365
330,136,288,365
328,131,281,367
322,126,285,369
320,123,281,368
315,122,279,374
315,121,277,374
307,119,278,373
302,117,278,374
301,119,273,373
297,119,278,372
291,118,285,378
285,115,288,372
285,111,285,375
287,109,280,372
279,110,284,373
276,114,288,376
274,110,284,363
276,108,281,366
274,107,279,365
279,105,277,361
280,100,277,370
291,95,264,370
288,102,278,373
294,103,266,365
294,105,262,368
299,108,263,370
312,116,254,365
319,124,258,361
328,130,252,362
329,131,254,364
331,136,258,366
336,140,257,363
342,145,257,361
347,149,257,359
352,140,257,357
351,143,259,355
353,144,260,346
360,143,258,344
367,150,256,334
370,152,261,335
374,160,264,335
369,160,276,342
377,160,272,333
381,160,279,335
371,159,291,331
354,159,308,347
332,159,339,371
332,159,347,365
281,159,390,379
230,158,456,420
178,158,527,467
112,154,641,565
41,179,789,540
42,147,832,573
34,180,885,539
25,213,938,506
143,247,905,472
316,332,900,387
477,351,791,368
483,365,770,354
614,380,573,339
659,376,489,309
686,373,337,244
688,369,283,204
708,366,225,172
707,360,213,175
718,348,188,156
724,343,150,140
709,346,141,128
705,346,119,120
700,345,109,111
702,345,106,111
696,343,103,110
690,342,98,108
684,344,96,104
679,343,94,109
668,343,101,105
669,340,97,106
660,335,90,104
651,328,84,105
643,321,78,107
625,313,86,111
613,307,86,114
607,299,90,115
602,292,94,117
597,285,99,118
597,269,96,128
597,258,96,136
600,254,98,137
601,249,96,141
604,250,104,142
610,247,106,148
614,236,110,163
617,228,107,173
615,213,111,191
614,211,116,191
598,197,126,216
585,182,133,235
586,167,127,267
583,146,131,305
584,132,138,341
583,125,134,347
566,106,149,379
547,89,171,384
533,74,190,425
510,64,215,450
487,55,248,464
487,57,246,462
458,57,292,478
428,49,340,501
409,60,375,521
384,72,417,528
351,76,467,536
348,75,470,533
327,84,510,553
306,84,551,561
292,81,575,572
277,81,610,589
267,96,631,595
264,97,634,596
263,108,652,605
263,105,665,604
263,104,678,602
263,103,692,599
263,94,705,605
254,88,720,608
244,81,736,612
234,74,751,615
196,81,789,615
173,87,797,613
171,102,777,593
169,105,782,593
163,103,763,568
172,113,739,559
172,102,735,543
172,85,719,529
158,61,707,524
165,65,695,522
163,44,683,520
171,54,672,504
217,110,475,273
216,110,463,279
215,111,459,271
214,111,455,262
214,112,451,254
213,112,447,246
222,96,436,240
232,81,425,233
245,72,416,227
243,67,415,232
249,68,426,219
272,68,409,220
286,72,403,215
305,82,393,199
322,95,386,202
326,94,381,200
337,104,381,196
354,115,368,187
363,129,368,175
374,140,357,162
377,155,353,157
376,157,351,156
374,171,346,149
373,185,341,142
371,199,337,135
366,212,331,127
362,226,330,122
363,231,329,116
354,247,329,110
352,264,324,97
361,278,312,90
366,290,309,91
374,298,307,89
374,300,304,84
412,311,280,81
441,322,270,80
452,331,283,79
474,343,282,79
489,353,291,81
489,354,290,74
522,364,277,73
534,372,282,78
552,383,279,74
563,394,281,75
584,403,265,72
585,402,267,74
597,415,258,70
605,424,249,70
608,433,241,69
609,446,233,68
600,457,237,73
604,456,234,71
596,460,230,75
587,464,227,78
579,468,223,81
571,472,219,84
562,476,215,87
566,477,212,88
568,478,210,83
574,480,212,84
581,479,209,87
591,475,206,94
609,473,198,94
606,471,200,97
626,471,198,98
645,473,194,102
664,475,191,106
683,477,188,109
703,478,184,114
702,480,183,114
722,497,174,101
732,500,166,103
744,502,159,105
750,501,153,110
753,496,148,112
757,495,144,110
761,495,141,107
764,490,143,114
772,492,137,115
776,493,135,122
804,498,114,108
800,495,115,112
808,503,118,98
828,502,105,94
844,494,107,85
852,484,108,85
871,467,105,90
872,467,105,91
885,450,109,90
900,433,109,93
921,427,103,90
941,428,100,85
961,429,97,81
961,431,97,79
982,439,102,66
1004,436,96,67
1026,438,100,62
1042,436,104,63
1070,434,100,63
1070,434,99,64
1091,430,99,70
1119,429,91,65
1145,423,91,69
1171,418,89,72
1199,414,79,74
1198,414,80,74
1226,409,53,77
1254,406,25,77
1250,423,29,69
1251,416,28,82
1253,421,26,71
1244,418,35,82
453,139,449,560
448,134,448,565
443,131,452,557
448,131,448,548
446,131,447,534
446,132,447,536
444,126,452,531
441,125,461,518
436,121,465,510
442,116,460,509
438,110,464,513
440,105,461,514
436,101,463,508
437,99,468,506
432,108,465,501
427,107,474,509
414,111,479,510
423,105,468,518
404,112,485,510
403,121,478,513
393,130,486,519
385,146,473,524
382,156,472,529
374,154,474,530
369,164,473,534
361,179,469,524
350,189,465,519
349,205,448,515
344,218,442,502
341,213,441,507
346,219,418,500
344,231,400,488
348,242,383,478
346,258,375,462
350,284,363,436
342,290,364,429
357,309,359,406
364,334,355,385
371,360,326,356
382,383,316,333
395,401,314,318
397,394,312,325
