324,39,602,676
328,24,574,687
328,8,565,708
334,0,554,712
335,0,547,716
337,0,540,720
339,0,530,714
383,0,484,720
333,0,538,713
343,0,528,720
340,0,548,720
313,0,610,720
286,0,646,720
259,0,711,720
232,40,777,679
205,28,809,691
173,78,880,641
138,127,979,592
121,188,1080,531
66,260,1213,459
41,329,1238,390
43,327,1236,392
748,179,66,138
748,173,64,137
748,171,63,133
748,168,65,132
748,165,63,133
748,164,63,133
747,160,64,134
747,155,64,135
746,154,64,134
745,154,64,134
745,152,66,138
745,153,65,134
745,154,64,130
746,155,63,126
747,153,63,126
749,147,64,128
750,145,65,132
750,145,65,132
750,143,67,131
750,144,69,135
752,145,68,134
753,146,71,130
755,145,72,129
755,145,71,130
756,145,72,129
756,145,72,130
756,146,72,130
755,147,72,129
755,148,73,130
755,148,73,132
754,149,75,134
754,150,74,133
755,152,73,133
756,153,73,133
757,155,72,132
758,156,71,132
759,158,71,132
759,159,71,132
759,160,72,133
759,159,74,133
760,156,74,139
761,156,74,134
762,152,74,136
764,147,74,138
765,140,74,137
766,134,75,139
767,128,76,139
767,128,76,138
769,125,76,138
769,122,77,139
769,122,77,143
769,120,77,140
770,118,78,142
771,118,78,142
773,117,78,143
773,116,79,144
774,113,79,146
775,111,80,148
778,109,80,150
777,109,80,150
781,105,78,155
777,102,87,156
778,102,88,158
780,102,90,158
782,100,91,162
782,100,92,162
784,101,93,162
786,101,93,165
788,99,93,165
790,99,95,167
791,100,95,173
791,99,94,175
790,100,94,174
790,102,95,174
790,104,96,174
790,106,96,173
790,108,97,173
790,106,98,173
790,106,99,175
790,107,101,177
790,107,101,183
791,107,101,179
789,106,103,180
790,106,102,179
787,108,102,181
785,111,102,183
783,113,102,185
780,116,103,187
778,118,103,189
776,121,103,191
774,124,104,194
773,127,106,188
769,130,106,191
764,133,107,192
760,134,108,192
760,135,108,192
758,137,109,192
755,134,111,194
754,133,110,197
753,133,114,199
753,134,115,201
752,131,116,200
752,128,118,199
754,123,119,203
754,115,120,206
754,108,122,198
753,99,125,200
754,101,123,199
755,92,122,201
755,82,124,201
754,76,128,201
758,66,128,201
763,60,129,200
763,60,129,201
771,55,127,199
777,51,128,204
781,50,129,196
785,49,129,196
788,52,128,193
787,52,129,193
788,59,128,191
789,64,129,188
790,70,130,186
791,75,131,183
792,81,132,181
793,87,133,178
794,92,134,176
798,99,134,173
801,106,134,169
804,113,134,166
808,121,135,163
808,122,137,161
814,124,137,162
819,131,139,158
826,134,135,153
833,140,136,152
841,146,138,148
839,147,145,150
849,151,146,148
860,155,148,146
870,159,149,144
880,163,164,144
892,163,178,145
899,162,170,145
908,166,181,149
907,167,199,156
923,169,199,156
900,174,224,166
878,179,249,176
866,178,264,186
830,190,300,196
773,192,349,237
703,199,422,254
614,204,497,285
500,214,587,336
503,218,582,339
398,226,594,377
317,223,629,395
279,221,578,394
261,211,528,400
265,202,477,366
268,200,463,373
269,198,423,337
285,196,384,334
306,191,343,325
331,192,295,295
346,191,279,292
355,189,268,295
371,187,257,284
387,185,244,269
403,183,235,262
419,177,220,253
440,175,214,255
437,178,217,250
458,173,219,260
486,168,218,259
513,166,221,257
537,165,235,264
566,164,241,263
568,164,239,260
585,163,261,267
601,155,263,273
591,152,282,288
579,150,291,303
871,170,150,158
868,170,153,158
865,170,156,158
862,170,157,158
859,170,158,158
855,170,160,158
850,170,163,158
846,170,165,158
841,170,167,158
837,170,169,158
821,170,179,156
818,169,174,158
807,171,180,161
809,170,179,160
801,172,182,160
792,174,185,161
779,175,187,160
769,177,189,160
760,179,201,159
759,177,204,163
753,181,205,158
747,183,208,158
742,185,211,159
737,187,214,159
732,189,217,160
727,191,221,160
720,194,225,161
712,197,228,161
704,199,231,162
697,205,225,157
690,210,228,156
688,211,228,154
680,215,228,152
673,218,228,151
665,222,228,149
657,225,228,148
649,229,228,146
646,229,228,145
644,229,229,144
641,229,229,138
639,230,230,133
641,228,228,130
643,227,226,128
646,225,225,125
646,221,223,123
646,217,222,120
647,212,220,118
647,208,218,115
648,204,217,113
642,206,221,109
635,201,234,106
638,202,232,100
642,202,231,95
636,202,239,89
645,203,232,88
649,199,223,92
654,204,227,87
658,204,225,87
663,204,222,86
667,205,220,86
672,205,217,86
669,211,216,80
668,209,219,83
675,216,216,82
667,223,221,83
662,233,217,78
659,241,220,74
655,243,222,71
649,250,225,72
647,259,212,69
648,265,205,71
647,268,212,72
647,271,213,75
641,273,214,78
641,276,216,82
642,279,217,85
643,282,219,88
644,285,220,92
645,287,221,95
641,288,223,98
647,293,224,102
652,295,218,107
657,299,217,108
661,301,217,108
665,304,214,109
668,303,213,110
671,305,211,112
673,303,212,116
680,312,209,113
685,312,213,110
690,316,209,111
691,316,209,110
698,321,216,112
709,330,210,107
727,343,203,111
752,356,187,112
773,369,176,93
771,368,186,94
791,376,172,84
806,379,176,80
820,379,169,85
834,383,160,76
842,385,166,78
842,385,167,78
852,385,163,79
862,386,158,79
869,385,152,82
874,385,147,84
876,384,143,85
877,384,141,85
876,383,141,87
874,379,140,88
871,377,138,88
865,373,134,90
859,370,130,89
859,369,128,89
849,365,125,91
838,362,127,91
830,359,120,90
821,358,119,87
570,98,576,571
567,94,578,578
568,90,578,577
571,97,576,587
562,111,584,585
552,129,586,575
547,143,580,577
546,142,585,578
544,148,573,572
536,152,579,568
525,153,586,566
519,153,594,567
522,159,596,561
522,156,597,564
524,164,595,553
523,184,599,535
524,195,597,524
517,208,602,507
514,218,604,499
514,219,606,500
508,224,609,495
516,211,590,503
530,199,554,516
553,184,504,528
592,171,434,541
593,171,442,546
613,153,387,561
618,145,357,568
625,136,324,583
619,138,309,580
619,147,294,572
613,142,299,577
614,153,284,561
606,159,283,559
590,169,294,550
