528,248,157,174
532,245,155,169
531,238,159,173
531,238,158,172
533,234,162,172
536,228,165,169
538,223,168,173
541,220,168,176
539,217,173,174
540,218,172,174
539,215,173,178
535,211,183,181
534,210,181,178
528,207,184,182
521,205,184,186
520,206,184,186
513,203,191,185
500,201,198,184
488,199,205,184
476,197,212,184
464,196,219,184
461,194,223,183
450,194,227,182
438,194,231,180
426,194,235,179
413,193,239,177
399,192,243,176
393,194,247,175
382,192,252,173
374,192,256,172
365,192,260,170
356,190,261,171
347,185,269,171
349,186,265,171
343,184,270,170
341,184,276,165
338,180,272,168
336,180,275,163
336,176,287,160
332,177,293,163
334,177,294,159
339,169,296,163
347,168,292,158
350,168,287,153
353,174,293,146
355,175,286,148
361,179,284,142
367,183,283,136
373,187,281,131
377,186,274,130
378,189,280,125
377,192,280,123
379,194,274,116
382,200,270,108
382,199,265,113
384,201,268,114
382,212,267,110
382,212,263,111
383,216,259,104
381,221,271,108
380,226,263,104
378,230,260,101
373,234,259,99
373,232,264,101
369,235,267,96
363,237,265,91
357,240,263,87
352,243,261,82
346,246,259,78
350,248,256,74
347,248,258,75
350,255,257,71
353,262,256,67
359,268,254,64
364,275,254,60
364,276,253,59
373,285,254,53
388,290,252,54
402,295,249,54
417,300,247,55
432,305,245,56
434,307,242,55
451,309,239,55
467,318,237,56
479,324,232,56
490,330,225,55
501,337,218,53
502,337,215,53
508,342,210,53
511,346,205,54
515,350,200,55
515,353,193,54
515,357,187,54
516,360,181,54
516,364,175,53
516,367,169,53
513,371,162,53
513,375,157,51
513,380,153,50
513,384,148,49
512,389,144,48
516,394,137,47
519,400,131,46
522,406,124,45
525,411,117,45
529,412,114,44
535,415,106,43
540,419,104,43
545,423,101,43
550,428,98,43
555,432,96,43
555,430,95,45
557,435,95,48
562,439,92,47
566,444,89,47
569,448,84,47
572,453,79,47
575,453,78,46
578,457,77,45
580,462,76,44
583,464,72,48
585,468,62,47
585,474,57,48
583,474,57,47
582,474,57,46
580,474,57,45
577,474,57,45
573,473,56,44
571,473,54,44
571,473,53,45
570,473,52,47
567,475,51,46
565,478,51,46
563,481,50,46
561,484,50,46
560,484,50,46
558,488,48,46
558,490,47,46
557,493,46,46
558,496,44,47
559,503,43,45
560,503,41,45
561,507,41,44
562,510,41,43
563,514,42,43
566,517,41,42
569,519,40,42
568,520,39,42
569,522,41,41
573,524,40,41
577,526,38,42
580,527,38,40
582,528,38,40
582,528,39,41
586,529,37,40
590,530,36,40
594,531,35,39
599,531,35,39
603,531,35,39
603,531,36,39
609,533,36,39
614,532,35,39
615,532,38,38
623,532,36,39
630,531,33,39
631,532,32,38
637,531,31,39
643,531,31,39
