849,106,13,21
849,107,12,20
850,108,12,20
850,109,12,20
850,110,12,21
850,111,12,21
850,111,12,21
850,112,12,22
851,113,13,22
851,114,13,22
852,115,13,23
851,115,13,22
851,116,13,23
852,118,13,24
852,119,14,25
851,119,14,24
851,120,14,25
851,119,15,26
851,121,15,27
850,122,16,28
851,123,16,28
852,125,16,29
853,126,16,29
855,127,16,29
856,129,16,29
856,130,17,30
857,131,19,30
859,134,19,31
860,135,19,32
860,134,19,33
862,136,19,33
862,137,20,34
862,139,21,35
863,140,22,36
863,142,24,37
863,141,25,39
863,144,26,40
863,146,27,41
863,147,28,42
863,149,29,43
863,150,30,44
862,150,32,45
860,150,35,48
859,150,38,51
857,151,40,52
856,151,44,55
854,154,47,55
853,153,51,59
851,151,54,62
850,150,58,66
848,149,61,70
846,145,70,81
843,141,84,88
841,138,84,93
841,137,97,100
839,132,122,114
836,128,155,130
838,125,194,153
833,120,254,186
828,115,264,198
823,110,361,247
781,121,498,324
668,146,611,379
434,172,845,419
254,223,1025,414
263,228,1016,401
176,258,877,400
169,268,615,361
202,263,438,308
254,260,319,255
307,256,249,215
303,259,257,203
357,259,210,185
399,267,173,166
420,270,154,159
435,265,139,164
433,256,137,174
428,257,143,172
425,244,148,191
419,221,148,219
412,183,151,265
401,137,160,320
380,88,185,387
383,90,178,389
360,39,207,452
356,0,220,463
345,0,237,521
315,0,268,550
292,0,313,544
289,0,322,542
304,0,342,564
329,0,367,567
369,0,389,552
391,34,421,522
404,51,425,502
416,67,430,482
429,84,434,462
435,107,437,442
441,131,440,422
464,147,420,398
475,162,407,380
472,157,411,384
478,158,394,367
485,160,377,350
492,162,360,333
