424,133,212,391
420,127,215,405
424,124,197,400
423,122,207,396
422,121,202,393
424,116,201,392
426,112,200,392
428,108,199,391
430,103,198,391
433,99,198,390
435,110,202,379
434,109,203,379
433,108,205,380
432,108,207,381
431,107,209,381
430,107,211,382
430,86,206,394
428,85,204,391
425,84,202,387
425,86,203,383
432,103,196,365
432,109,190,365
434,108,191,365
438,109,190,359
446,113,186,352
446,113,186,351
451,111,185,351
455,116,181,342
457,120,178,336
459,127,177,331
454,134,179,323
454,126,176,333
455,124,177,329
454,124,179,323
459,120,175,318
462,113,170,317
460,117,170,310
460,117,171,311
458,120,165,303
453,123,163,299
445,127,166,287
446,120,163,295
445,127,163,290
442,128,166,288
446,126,166,286
450,134,161,282
458,135,157,278
461,132,153,276
463,134,151,272
463,131,152,274
460,135,148,265
456,136,152,266
452,142,149,263
445,146,151,260
439,145,148,252
438,148,149,252
432,144,145,251
426,135,144,254
420,136,148,244
414,123,145,254
410,125,143,247
407,128,148,244
406,130,147,242
405,132,146,240
404,135,145,238
404,137,145,236
403,139,144,234
402,141,143,232
402,143,143,230
402,147,141,227
401,147,143,232
399,148,141,224
398,150,140,224
394,145,140,224
391,140,141,224
388,136,142,224
384,136,140,218
380,136,139,212
377,137,138,206
376,137,137,205
368,133,142,211
368,126,138,212
366,131,140,201
366,131,140,200
368,131,138,197
371,131,137,194
374,132,136,191
377,131,134,189
377,133,134,191
378,138,132,186
383,142,136,184
385,144,135,181
387,147,134,179
389,149,133,177
391,152,132,175
393,154,131,173
396,157,130,170
398,159,129,168
400,162,129,166
402,164,128,164
404,167,127,162
409,171,126,156
419,174,120,153
419,174,120,154
421,176,119,154
425,181,116,151
427,186,119,148
430,191,117,145
430,198,119,141
429,198,120,144
428,203,126,143
433,209,123,138
436,212,127,138
438,213,128,141
436,215,136,145
436,214,137,146
436,217,145,148
434,216,155,154
421,214,175,162
402,208,200,179
354,199,252,210
361,194,241,213
305,182,313,244
262,176,402,300
219,167,530,374
209,165,714,438
239,170,862,463
259,159,818,489
347,169,836,472
516,182,728,455
636,130,644,469
744,128,535,437
786,128,441,405
786,130,441,401
792,132,331,366
772,142,258,331
738,158,218,305
703,179,180,270
665,204,166,240
667,205,154,238
644,220,138,218
617,224,129,199
591,230,123,186
575,234,113,176
559,233,115,161
555,241,117,156
540,234,115,151
525,230,118,141
518,233,120,138
510,235,123,134
508,239,126,130
507,242,126,128
514,243,118,132
513,249,121,125
517,258,121,117
524,260,118,117
527,265,118,113
528,264,118,114
533,262,117,115
536,266,112,109
534,271,126,109
532,277,128,102
532,279,127,101
537,284,121,100
