438,188,173,121
434,191,174,119
416,190,178,117
398,189,181,115
379,189,185,112
361,188,188,110
357,188,179,108
357,188,180,106
345,188,185,104
333,187,189,101
322,187,194,99
322,185,198,99
321,183,201,98
321,181,205,97
325,179,203,96
341,177,191,96
349,175,193,94
357,173,196,93
367,171,197,92
372,171,192,93
378,169,200,92
391,173,199,91
403,177,198,89
416,181,197,88
418,187,200,87
421,192,202,85
423,198,204,84
430,202,203,82
438,207,201,81
445,212,199,80
453,216,197,78
455,218,195,78
467,216,194,77
479,213,192,77
491,210,190,77
503,207,188,76
509,206,186,76
515,205,184,75
529,201,183,75
542,200,191,75
554,199,200,74
570,200,201,74
587,200,203,74
590,200,204,73
601,200,206,73
612,200,207,73
624,200,209,73
635,200,210,72
646,200,212,72
651,199,212,72
656,199,213,71
661,199,210,74
665,199,206,76
665,199,208,78
664,199,210,80
664,199,209,80
663,199,208,81
663,199,207,81
662,199,206,81
662,199,205,81
661,199,204,81
660,198,205,81
658,197,206,81
656,196,207,82
654,195,207,82
652,193,208,82
650,192,209,82
648,191,210,82
646,190,207,82
644,189,205,82
642,187,202,82
638,193,201,81
634,199,200,80
639,202,198,78
637,207,197,82
636,211,196,86
635,221,194,84
633,231,193,82
632,240,192,80
634,239,190,79
636,251,192,82
633,258,189,84
629,265,187,85
625,272,184,87
621,279,181,88
620,278,179,90
615,284,178,91
609,289,177,85
604,294,177,78
599,297,176,80
595,300,174,82
596,300,172,83
591,298,172,84
586,296,172,85
581,294,173,86
576,292,173,86
566,293,173,87
568,291,173,88
560,290,173,89
553,284,173,90
552,282,173,90
552,282,172,86
552,283,171,86
553,283,169,85
553,283,168,84
554,283,167,83
554,284,165,82
554,287,164,85
555,290,163,86
555,293,161,88
556,297,160,89
563,300,157,90
567,304,152,90
571,307,148,90
576,310,143,90
578,310,142,90
573,312,148,88
576,315,140,86
579,317,133,84
573,320,131,82
569,322,128,79
568,322,128,80
561,330,123,78
549,334,122,78
537,338,122,77
529,345,114,74
521,351,107,72
521,353,103,70
510,361,99,69
498,369,96,68
479,374,103,66
462,377,100,68
446,379,97,70
447,380,96,69
434,380,94,70
421,380,93,71
408,380,91,72
397,381,92,71
385,382,93,70
383,383,96,70
377,384,94,69
372,384,94,68
368,384,93,67
363,384,92,66
