571,66,493,649
569,69,509,646
567,72,526,643
566,76,543,641
564,81,546,636
563,86,549,631
561,97,552,621
559,108,555,610
558,119,558,600
556,129,555,589
555,140,553,579
552,165,534,553
550,193,509,526
548,223,484,491
546,255,459,443
544,254,455,450
541,268,432,421
539,290,405,384
537,304,381,364
535,315,359,333
533,325,308,276
532,326,301,278
529,331,293,264
533,328,283,271
532,338,270,253
532,337,258,244
531,337,245,234
531,337,243,227
531,337,226,216
530,336,210,205
530,336,193,194
529,336,181,189
528,334,174,184
526,334,175,183
525,333,164,174
525,333,153,166
525,332,143,158
524,332,133,150
524,331,124,142
524,331,120,142
524,331,113,139
523,330,109,131
523,330,106,126
523,330,103,121
523,330,100,115
523,330,97,116
523,330,93,111
523,330,88,106
523,330,84,102
523,330,79,97
524,331,75,94
523,329,72,94
522,328,70,94
520,327,67,90
519,327,64,87
518,326,61,83
517,326,58,80
518,326,58,79
517,325,56,78
517,324,55,76
515,324,54,75
515,322,50,72
515,320,47,69
515,320,47,69
513,320,46,67
512,319,45,66
509,319,44,65
506,318,43,63
504,319,43,62
504,318,43,61
500,319,44,59
496,316,43,58
493,315,42,58
489,314,41,57
487,313,41,57
487,314,40,56
486,312,39,57
485,311,38,55
483,312,37,54
482,312,37,53
480,314,39,50
481,313,36,51
480,311,36,53
479,314,36,49
746,116,393,414
745,117,394,416
744,118,394,418
743,119,396,421
743,120,397,423
742,121,398,426
741,122,399,428
741,123,399,430
740,124,401,433
739,125,402,435
739,126,403,438
738,125,404,439
738,124,405,440
737,123,406,441
737,122,407,442
735,124,410,444
732,126,414,446
730,134,415,446
727,141,416,446
725,149,416,447
723,157,418,448
723,160,419,450
723,164,421,452
724,168,422,454
724,172,424,456
720,180,425,458
715,187,427,460
710,194,428,462
705,201,430,464
700,208,431,466
689,220,433,469
686,223,433,468
684,227,434,467
682,231,434,467
680,235,435,466
680,234,439,462
679,233,443,459
678,232,448,455
678,231,452,451
677,231,456,447
676,230,459,441
668,226,462,440
660,222,466,439
652,218,470,438
644,214,474,438
636,211,478,437
632,211,480,436
628,212,482,434
624,212,484,432
620,213,486,431
616,214,488,430
610,213,490,427
605,212,491,424
600,211,494,421
595,210,496,418
590,208,498,414
585,207,500,411
580,206,502,408
575,205,504,405
570,204,506,402
565,203,508,399
560,206,511,399
556,209,514,399
551,212,517,399
543,215,525,390
530,218,536,387
523,221,542,393
530,225,534,380
517,228,546,384
517,231,544,379
521,234,539,372
515,233,546,370
514,232,548,371
512,231,551,360
509,230,555,358
506,229,558,356
504,228,562,354
501,227,566,346
503,226,564,338
504,225,564,337
499,224,570,343
503,224,570,346
499,216,579,340
499,216,594,335
498,192,599,348
482,182,617,352
481,160,615,366
483,162,622,368
491,125,617,407
493,89,618,442
503,53,610,489
500,16,629,549
517,2,649,600
524,9,656,594
521,0,673,630
488,6,720,605
500,18,734,513
494,32,765,493
488,43,783,441
480,49,793,435
476,64,800,446
464,78,816,448
460,99,819,439
457,120,823,431
459,131,820,422
461,142,818,414
464,153,815,406
485,164,794,397
489,168,790,386
493,172,786,375
497,176,782,365
495,171,785,372
480,173,800,368
457,183,812,351
420,186,809,327
372,197,843,328
339,213,819,302
333,209,842,310
290,216,833,313
243,228,849,308
208,239,861,311
541,205,181,119
554,211,178,118
554,209,178,121
564,213,186,122
575,217,189,121
586,222,192,121
596,226,195,121
600,227,195,120
604,227,195,120
613,233,196,120
618,234,198,116
620,235,202,110
626,234,205,111
627,228,209,107
626,231,208,106
631,226,209,102
631,225,214,98
634,223,224,95
640,223,221,95
645,222,226,91
646,219,226,97
655,220,225,89
660,220,227,88
668,219,232,88
679,217,230,90
684,215,234,87
684,216,236,92
697,217,235,89
707,216,240,91
718,218,243,88
731,218,246,93
739,218,253,87
739,218,256,89
751,216,254,87
756,211,258,86
761,207,262,86
766,202,263,84
771,198,264,82
771,196,266,86
772,194,269,80
770,191,274,79
775,188,277,75
778,189,278,70
783,188,276,70
784,188,277,70
784,189,280,70
783,191,282,69
778,195,280,67
773,199,289,65
767,199,292,67
765,198,299,72
767,199,293,69
761,195,299,71
758,186,295,73
754,173,298,78
754,160,299,79
753,160,297,81
752,151,307,83
757,149,297,81
760,148,304,87
755,154,317,89
775,167,307,85
774,169,305,81
785,177,307,82
796,186,310,84
808,194,312,81
819,203,315,79
831,211,317,76
836,213,317,75
841,215,317,74
847,218,317,73
850,222,313,68
848,222,312,67
846,222,311,67
845,222,311,66
843,222,305,65
842,222,302,63
841,218,301,64
840,214,299,63
839,210,297,63
835,210,305,65
836,205,297,63
828,201,298,65
825,196,294,64
818,191,293,66
809,188,283,66
806,189,288,65
798,189,282,68
785,193,286,68
775,198,277,66
769,202,273,68
751,209,270,71
751,209,273,70
744,215,257,69
737,220,248,66
728,225,238,63
723,228,220,62
716,234,208,58
721,234,204,58
713,238,201,55
709,241,180,53
704,245,166,53
704,249,155,51
702,257,146,48
702,259,147,46
703,265,136,42
707,267,138,45
712,273,134,44
718,279,134,45
722,285,138,49
720,288,139,46
731,298,132,47
742,309,126,48
749,323,125,50
756,336,124,53
765,349,122,53
769,349,119,53
778,363,117,53
788,372,117,53
798,379,108,55
803,385,108,59
816,389,97,57
816,390,96,58
821,396,97,57
826,402,93,59
830,406,95,59
829,412,99,64
836,418,95,66
835,417,100,67
840,422,95,71
843,427,87,77
843,434,89,73
835,439,84,64
831,442,82,62
832,441,84,61
825,443,83,60
817,442,79,59
809,441,78,64
802,440,74,60
793,438,73,61
791,434,75,69
781,435,75,61
770,434,78,56
764,431,75,55
754,427,76,57
746,423,76,51
746,424,77,48
742,421,71,46
736,420,70,44
730,419,66,43
724,420,70,42
721,418,68,42
721,418,69,42
716,417,70,41
713,415,70,41
712,412,71,42
713,407,68,43
713,402,67,42
712,402,69,42
714,397,65,43
715,392,68,46
719,386,63,43
722,379,61,44
724,373,60,45
724,372,59,46
727,364,59,48
729,357,57,49
730,349,57,52
730,341,58,54
729,334,58,55
727,336,63,54
727,329,53,53
725,322,52,54
721,318,51,54
716,313,54,56
713,308,53,56
712,309,53,57
708,306,53,57
704,304,52,57
702,303,50,58
695,303,54,62
692,303,52,60
691,303,54,60
688,304,53,60
684,305,52,60
