663,189,185,280
663,191,185,281
663,194,186,282
663,197,187,283
663,200,188,285
663,203,189,286
663,206,189,287
664,209,189,287
666,212,188,287
667,215,188,287
669,218,188,288
672,220,189,288
675,223,191,289
679,225,192,290
682,227,194,290
685,229,196,291
689,231,197,292
692,233,199,292
695,235,200,293
701,237,196,289
708,240,193,286
711,237,195,286
715,234,198,287
719,231,200,287
723,229,203,288
727,226,205,288
726,226,211,290
730,224,207,286
733,220,207,284
737,217,207,283
741,214,208,282
745,212,209,281
750,210,211,281
755,208,213,281
759,207,215,281
764,205,217,281
769,202,219,280
773,199,221,280
775,197,223,280
776,195,225,280
778,193,227,280
775,193,229,278
772,193,232,280
769,193,235,281
767,193,238,282
764,194,241,284
761,197,243,283
758,200,245,283
755,203,247,282
752,206,249,282
749,209,251,282
745,211,253,282
741,214,256,283
737,217,259,284
733,220,262,285
729,223,265,286
725,226,268,283
721,229,271,280
717,232,274,277
713,235,277,274
710,238,280,272
707,238,280,273
703,237,284,274
700,240,287,272
697,243,291,271
694,244,294,270
690,243,296,262
678,241,309,262
678,239,310,264
672,237,316,265
669,236,320,261
657,235,326,260
644,232,332,260
632,231,338,259
634,231,344,258
616,226,351,257
603,226,357,257
595,225,359,243
586,223,366,244
559,226,374,244
552,225,381,247
541,221,391,249
527,224,403,239
505,229,411,227
487,230,421,228
474,224,430,238
470,225,439,234
462,214,449,253
454,204,458,271
446,201,467,282
438,184,477,307
435,171,488,333
432,165,488,340
430,146,504,389
417,133,534,445
388,129,560,429
371,132,589,382
368,135,620,366
364,139,623,357
365,144,640,330
379,142,657,346
401,144,670,364
434,154,677,338
447,140,694,346
448,147,690,336
448,152,709,332
447,163,712,307
449,174,706,297
439,188,714,289
425,195,718,284
417,198,724,285
405,197,722,287
393,194,712,280
393,188,693,281
379,178,677,282
385,166,647,279
384,168,651,276
384,153,630,283
391,143,604,284
393,137,582,275
384,123,572,271
369,111,557,265
366,111,557,264
360,104,534,262
343,97,526,262
336,97,528,263
330,97,530,265
333,98,518,273
330,100,520,274
328,103,522,276
327,101,523,293
321,105,530,306
316,110,538,319
312,116,544,333
309,115,546,332
297,120,554,340
280,126,569,348
270,129,579,362
247,125,602,370
242,118,613,386
238,122,622,382
229,116,629,383
228,107,649,397
224,100,664,405
238,94,670,416
244,98,664,417
251,102,659,418
258,106,654,419
265,111,649,420
