396,174,342,242
371,178,350,241
347,182,358,240
323,186,367,239
302,192,374,240
302,192,382,240
284,197,390,241
266,203,398,242
255,209,397,238
248,211,403,237
242,214,409,237
239,216,411,236
235,210,417,237
230,206,423,239
224,204,429,233
219,203,433,228
219,203,442,228
220,202,452,228
222,198,462,228
220,194,468,226
218,190,475,224
216,186,482,222
214,183,489,220
216,182,492,222
213,174,500,217
211,166,507,212
208,158,514,207
210,149,516,203
217,145,525,201
214,145,533,197
219,142,532,192
225,140,530,186
231,138,529,187
236,144,527,181
240,151,525,175
245,157,523,169
250,163,521,163
259,174,511,163
270,188,499,145
280,197,484,135
290,206,469,125
292,204,462,126
300,210,445,120
313,218,425,109
319,219,408,101
325,220,391,96
331,221,375,91
332,221,378,91
330,220,376,88
331,222,360,82
332,226,345,76
331,231,337,72
331,236,329,68
333,236,326,71
328,241,318,69
323,246,311,67
314,252,308,72
304,260,311,69
296,265,304,71
296,267,304,71
288,269,301,72
284,273,296,72
281,278,291,72
280,279,286,72
279,280,281,72
279,279,276,72
279,278,272,72
275,277,274,72
275,274,269,71
274,271,266,71
274,269,264,71
274,267,262,71
274,265,258,72
274,263,255,72
274,260,251,72
272,258,247,71
269,255,242,70
267,255,244,69
263,254,241,70
255,254,235,69
248,257,231,68
242,261,228,67
236,265,225,66
233,267,221,67
229,270,217,67
224,272,212,67
221,274,208,66
218,275,204,65
215,275,200,65
214,276,198,64
213,274,194,66
212,272,191,69
211,270,188,72
210,269,184,72
213,267,178,73
213,267,177,74
219,266,174,77
220,263,172,77
227,266,167,78
230,263,169,85
234,268,167,86
235,268,168,87
240,274,163,88
243,283,160,88
248,291,158,87
251,301,154,87
255,313,148,84
257,311,147,85
261,323,143,85
268,332,142,82
274,339,132,82
282,346,130,81
289,356,126,81
287,359,131,80
298,364,119,82
308,371,118,80
320,380,115,78
327,391,112,79
334,401,113,78
335,399,108,79
340,407,109,82
341,416,113,83
360,428,101,74
369,436,95,72
379,445,92,67
379,444,91,67
392,454,87,60
409,463,79,55
423,470,74,50
434,470,73,51
446,471,72,51
448,472,71,52
462,473,70,53
475,473,69,53
488,472,67,56
501,471,65,59
514,470,64,61
515,472,65,59
528,471,60,59
540,474,57,56
552,475,56,56
563,475,56,56
572,477,55,55
573,477,55,54
582,478,53,52
590,480,54,55
596,482,52,56
604,485,51,56
609,488,50,57
608,489,50,57
613,492,49,56
618,495,48,57
622,498,47,56
624,501,47,55
627,504,45,55
627,505,45,54
630,507,44,54
630,511,43,54
632,514,43,53
632,515,42,52
632,517,41,52
632,517,41,52
633,519,41,51
632,520,39,50
632,521,39,49
631,521,39,49
631,522,38,49
631,522,38,49
630,524,37,49
629,525,35,47
628,526,34,47
627,528,33,45
626,530,32,44
626,530,32,44
626,532,32,43
626,532,31,43
627,533,31,42
627,532,30,41
628,532,30,42
627,532,30,41
627,532,29,41
627,531,29,41
627,530,30,41
