540,308,108,96
541,307,109,95
541,305,110,97
542,305,111,97
542,304,111,97
543,304,112,96
543,303,113,97
544,302,115,97
544,303,118,99
544,303,120,99
543,303,121,100
543,303,123,99
544,303,123,100
543,302,122,103
543,301,124,103
543,301,126,103
543,300,128,103
543,300,130,103
542,299,133,104
541,297,136,105
540,296,138,106
539,294,141,107
538,293,144,108
538,292,147,109
537,291,153,110
535,290,153,111
534,289,155,112
532,288,157,113
531,287,159,114
529,286,161,115
528,285,163,116
526,282,165,117
525,282,166,118
524,282,164,114
524,282,165,116
522,282,170,117
521,282,173,119
519,282,177,117
513,282,185,119
512,282,189,117
513,285,191,117
513,284,192,115
513,282,189,120
517,283,186,119
516,284,189,117
518,282,196,119
516,282,196,120
520,283,201,118
521,283,205,116
522,281,210,116
522,283,220,117
519,281,221,111
519,281,221,110
520,282,228,111
523,279,228,107
521,279,239,105
521,277,237,114
518,275,245,105
518,275,245,107
516,271,248,116
508,270,261,114
508,272,257,103
503,269,257,102
496,270,260,97
495,270,262,97
490,268,262,96
483,265,265,98
477,263,267,98
470,264,271,98
464,265,274,94
462,264,277,102
460,264,275,96
457,262,280,96
459,263,278,94
457,262,282,91
452,260,285,91
452,259,284,92
451,256,285,89
443,254,292,88
447,249,289,88
445,251,292,89
454,246,280,86
446,249,290,85
445,253,288,85
444,258,288,87
437,259,294,92
430,267,296,88
432,269,291,90
432,270,292,88
429,275,290,90
424,276,298,95
437,281,284,94
443,285,281,92
448,288,277,91
449,289,277,91
452,295,273,90
453,299,270,90
453,303,266,90
457,305,260,92
453,310,258,91
448,310,266,92
449,320,255,82
445,322,253,84
441,322,250,94
435,326,250,97
437,326,245,93
440,326,240,89
443,327,236,86
445,326,230,88
448,324,226,90
453,322,219,92
461,317,209,94
463,316,208,96
469,313,202,96
474,310,198,98
481,310,194,94
489,308,185,93
494,305,183,95
492,306,186,87
495,304,184,91
507,301,174,92
513,302,168,92
520,300,166,93
524,300,160,91
523,299,162,93
527,299,157,93
530,300,151,93
529,301,149,92
531,301,146,92
530,301,143,90
530,301,145,92
531,301,139,89
530,301,136,89
530,301,134,89
530,301,132,89
529,301,129,89
529,301,127,89
529,302,125,90
527,301,123,89
529,300,119,92
530,301,117,92
529,299,116,89
529,301,114,88
530,301,111,86
530,303,110,84
531,302,109,85
531,306,107,83
533,306,105,82
534,306,104,83
535,308,103,81
536,308,105,85
538,307,100,82
539,307,99,83
540,307,97,83
541,307,96,84
542,306,97,86
543,308,95,86
545,308,93,86
545,308,94,87
544,307,93,86
543,308,98,85
544,307,92,87
546,309,90,88
545,311,89,83
549,314,84,84
550,315,83,85
549,316,84,85
548,317,82,86
547,319,80,85
547,320,79,85
544,318,78,90
542,320,74,88
543,320,73,88
542,321,70,89
540,323,66,91
539,323,64,93
538,326,62,93
535,329,63,93
536,329,62,92
533,331,61,93
529,332,70,91
530,339,71,82
530,342,73,79
530,344,73,79
531,343,72,80
531,345,74,79
531,347,74,79
528,348,76,81
526,348,77,81
524,350,79,81
525,349,78,84
524,350,77,83
523,351,77,82
521,351,77,83
520,352,76,83
519,352,75,83
518,352,76,84
517,351,74,86
516,353,75,84
515,355,73,83
515,356,73,84
514,357,70,81
514,357,70,80
512,358,69,79
511,357,68,79
512,357,68,80
512,355,67,79
513,352,65,81
513,353,66,80
514,350,66,80
514,349,70,78
516,348,67,79
