416,130,481,395
438,134,492,386
461,139,494,377
483,144,495,367
506,149,480,359
504,142,485,361
509,148,483,355
509,154,485,348
511,163,488,342
515,177,484,340
519,181,500,338
519,179,503,341
521,182,514,341
524,187,523,335
536,187,515,337
526,188,535,334
529,192,525,325
525,194,535,320
513,188,550,323
501,183,564,327
489,193,576,312
481,195,578,311
465,206,583,308
458,203,593,312
454,217,601,302
448,240,620,297
451,263,632,287
449,287,650,285
445,315,666,274
443,318,670,270
433,339,668,264
415,345,682,262
384,352,688,250
345,349,692,249
299,349,694,242
305,347,690,244
262,351,691,237
219,355,692,231
190,360,683,225
173,365,675,223
160,382,681,216
155,378,680,216
155,393,675,213
168,411,673,204
187,430,672,199
242,452,644,183
276,467,639,174
274,465,640,173
308,473,634,170
329,476,634,169
372,482,617,162
408,481,587,144
429,469,580,149
429,469,580,151
452,456,558,153
470,437,541,159
473,419,543,162
491,401,517,163
494,379,500,169
499,376,496,170
492,363,492,176
503,340,451,174
499,321,431,173
502,307,416,176
506,293,402,179
506,288,397,181
506,282,392,183
506,277,387,184
506,271,382,186
497,266,376,187
496,271,356,178
494,263,357,192
488,265,344,190
480,267,331,191
471,271,323,189
465,275,302,193
458,282,291,188
456,282,296,187
449,290,279,183
445,301,266,183
441,312,253,183
433,322,245,182
422,329,240,184
419,327,241,188
415,338,231,180
409,346,220,176
402,357,216,167
402,361,207,165
403,365,199,162
403,369,198,160
404,374,192,155
409,378,180,153
412,386,176,150
420,391,170,145
424,395,164,144
424,396,164,144
430,401,158,137
434,407,153,134
435,410,148,130
440,413,143,125
443,415,140,124
446,417,135,118
452,418,127,117
458,421,124,115
464,425,117,112
469,430,110,108
474,432,103,110
473,433,104,108
477,437,99,110
481,443,97,108
487,449,92,108
481,456,99,112
487,462,97,107
487,464,94,105
499,468,77,100
508,475,71,88
510,479,67,82
519,481,63,77
527,483,62,75
526,483,63,75
533,484,61,75
538,485,61,71
540,486,66,68
