424,207,383,216
419,210,384,214
415,213,385,212
397,216,396,213
379,219,406,214
376,226,404,209
375,223,389,203
386,221,362,198
359,228,399,203
345,234,404,201
330,240,408,199
330,241,404,198
327,250,409,187
325,252,408,188
331,255,401,182
317,261,418,188
323,267,420,182
328,273,422,176
334,280,425,171
338,280,421,172
343,289,430,170
358,295,418,158
364,301,425,153
377,311,421,143
393,322,418,142
395,321,416,139
404,326,414,132
413,331,413,126
422,336,412,120
425,335,408,120
437,338,402,117
443,335,395,116
450,332,389,115
457,329,382,114
464,326,376,114
471,320,367,113
480,311,356,117
482,313,356,113
489,305,346,124
507,301,330,115
522,295,320,115
534,292,310,113
547,290,301,111
555,291,291,112
572,285,282,114
586,286,269,114
602,284,258,112
616,284,248,109
629,285,239,107
629,285,239,105
636,289,232,100
644,291,218,96
652,293,205,93
661,295,192,89
664,297,179,86
668,299,171,82
672,301,164,79
675,304,154,75
679,308,145,72
682,312,135,69
686,315,126,66
686,317,124,63
688,317,115,64
690,317,110,63
693,322,104,57
692,325,104,56
695,330,100,50
695,329,101,52
696,331,100,53
697,334,98,53
697,339,94,53
700,342,87,54
699,347,86,54
699,345,86,57
697,354,85,55
697,362,80,56
687,371,82,55
680,379,78,58
675,392,75,56
675,392,76,57
669,401,67,56
661,410,63,56
650,418,63,60
640,428,59,61
628,438,59,56
624,440,59,54
612,446,57,51
600,453,54,48
587,456,49,51
572,458,48,51
556,458,50,54
558,459,46,51
543,462,49,49
526,464,48,48
512,465,48,48
496,467,49,46
483,467,49,47
482,467,49,45
470,467,48,45
457,465,46,46
445,464,45,48
432,463,44,46
420,462,44,44
420,463,46,44
408,460,46,48
396,458,46,46
385,455,46,48
374,453,47,48
363,450,46,47
363,451,45,45
353,447,47,47
343,445,45,46
332,440,44,48
324,436,46,52
315,432,44,51
315,432,45,56
306,428,47,54
298,422,50,59
290,417,51,56
286,410,47,55
281,403,47,59
280,404,49,58
276,395,49,59
271,386,50,62
270,377,50,63
269,367,52,66
271,357,52,68
270,356,53,69
272,345,56,71
281,335,54,71
288,323,57,75
296,312,59,81
306,302,59,81
307,303,58,80
319,293,60,84
333,284,62,87
348,273,65,95
