570,119,428,477
571,113,422,480
575,104,423,482
573,108,433,468
570,107,438,465
580,110,432,460
574,111,438,462
574,112,436,458
568,115,444,465
562,123,444,461
552,126,455,465
539,130,452,466
525,136,451,467
525,134,459,466
512,141,459,475
502,149,458,481
493,156,459,487
479,164,466,489
469,172,460,492
470,171,462,495
456,185,483,490
445,185,471,497
433,192,474,495
421,193,477,498
416,193,475,499
416,194,477,499
410,188,474,507
418,183,460,511
418,174,456,516
422,167,444,528
432,164,425,528
430,165,420,518
435,152,407,522
440,140,400,530
447,123,395,553
446,116,399,556
446,117,399,566
456,114,393,570
434,119,418,572
406,126,451,577
395,137,468,582
383,148,481,569
392,164,482,550
393,164,478,552
388,187,493,532
