681,298,128,177
679,297,128,177
677,298,128,176
674,300,128,176
671,298,128,175
668,295,128,174
665,293,128,174
662,291,128,174
659,289,128,173
656,287,128,173
654,286,128,172
653,285,128,173
652,285,128,174
650,284,128,174
649,284,128,175
648,283,128,176
646,283,128,176
646,288,128,172
645,280,128,180
644,277,128,184
643,282,128,178
646,281,134,180
648,273,139,188
650,265,145,196
652,257,150,204
654,249,155,211
652,246,161,219
656,235,166,227
660,225,172,235
662,217,177,242
664,209,182,250
667,208,184,251
670,206,186,252
673,205,188,253
676,203,198,249
679,199,198,254
682,198,198,255
685,197,199,257
688,196,199,258
690,195,200,259
693,194,200,260
695,191,204,263
697,188,208,266
699,185,210,270
702,182,212,273
704,179,214,276
707,176,216,280
709,173,218,283
712,170,220,286
714,167,221,290
713,170,222,287
714,169,224,292
716,169,226,297
718,168,229,302
720,168,231,307
715,167,235,309
709,166,238,310
704,165,242,312
699,164,245,314
694,164,249,316
690,159,249,320
687,157,251,320
685,151,254,325
683,145,257,330
681,143,259,327
679,139,262,332
677,134,265,337
675,133,267,341
672,132,270,346
670,131,273,351
668,129,275,356
666,133,278,358
665,136,281,360
664,139,284,362
663,142,287,364
663,145,292,369
663,148,296,374
663,151,301,379
662,154,306,383
662,157,310,388
661,156,308,388
658,159,313,390
655,163,319,392
653,166,324,394
655,168,325,394
658,169,325,395
660,171,326,395
667,173,322,393
673,174,319,390
680,176,315,388
687,178,312,386
682,181,320,389
677,185,328,393
675,192,336,396
672,198,344,399
669,205,352,402
667,212,359,405
664,218,367,409
662,225,375,412
659,231,383,415
656,238,391,418
654,240,399,414
652,242,407,410
650,244,414,406
638,240,408,408
640,247,430,399
634,251,440,380
639,252,446,391
638,254,453,387
637,257,461,383
636,259,469,379
632,258,473,375
628,258,477,372
624,257,481,368
619,257,486,364
615,256,490,360
611,255,494,356
606,244,498,363
602,238,502,365
599,243,507,353
594,253,511,341
587,249,515,340
580,244,519,340
573,240,523,339
566,236,528,338
559,232,532,337
552,227,536,336
545,223,540,336
537,222,544,335
531,216,549,334
525,210,553,333
529,206,557,330
522,203,561,326
529,200,565,323
524,204,568,319
519,209,571,316
507,218,564,313
495,226,579,310
483,235,585,306
472,244,590,303
460,247,595,303
465,257,597,300
466,247,600,318
472,240,583,330
478,225,584,337
484,211,579,359
483,211,588,358
492,192,585,398
510,163,568,400
511,150,599,428
513,136,628,466
522,141,627,439
531,143,620,429
540,146,613,366
547,167,616,388
584,176,578,382
618,183,548,366
616,193,545,380
626,195,528,368
639,202,516,356
645,220,508,340
633,224,507,334
633,231,494,318
630,238,481,304
628,245,487,303
630,251,479,292
639,264,455,270
629,269,456,265
628,287,452,243
632,289,445,242
631,290,448,242
635,294,438,237
640,309,424,210
645,306,413,209
639,307,410,203
634,309,408,197
632,308,413,199
628,309,408,191
633,311,392,184
280,118,732,312
246,124,752,308
247,143,737,298
245,143,729,297
202,153,760,288
192,159,766,287
180,169,771,279
180,176,770,287
184,183,770,286
189,190,770,284
194,197,771,283
200,214,775,269
217,223,774,268
235,232,774,268
253,242,773,268
260,242,770,267
281,248,768,262
302,254,766,257
323,259,763,252
348,260,757,242
373,253,748,239
371,254,749,240
398,246,731,224
418,238,719,217
427,228,718,200
423,218,711,189
429,202,704,193
426,210,715,178
431,204,688,181
435,205,672,173
434,204,666,161
430,198,652,153
426,192,638,146
427,191,640,142
427,178,626,143
427,165,612,145
426,157,598,141
426,148,584,137
430,141,563,143
424,142,567,141
423,147,559,126
417,146,546,127
405,155,538,124
395,168,529,118
392,183,509,123
388,183,512,125
386,196,497,129
383,209,474,124
373,222,471,120
369,229,461,117
365,230,451,117
363,232,450,112
360,235,439,109
364,238,427,106
369,241,416,104
371,244,410,101
373,247,404,98
375,250,398,96
377,253,392,93
379,254,383,91
381,256,374,90
378,259,367,91
375,261,363,91
373,263,360,90
371,265,353,89
369,267,345,88
367,269,338,87
365,271,331,86
368,273,325,86
369,272,324,87
373,275,321,90
377,280,318,90
385,280,315,91
392,280,312,92
400,281,309,93
407,281,306,94
426,282,301,93
444,283,296,92
463,284,292,90
489,277,292,88
513,271,288,94
510,273,292,89
528,263,301,94
557,252,293,99
581,248,285,100
592,239,292,103
617,232,278,101
619,233,277,99
623,235,278,96
633,232,272,96
644,229,267,96
647,228,262,97
650,228,258,99
652,227,253,100
655,227,249,102
652,231,247,104
649,236,245,107
646,240,243,109
646,241,241,109
645,243,239,109
643,250,235,109
640,258,232,109
646,268,222,113
649,278,224,111
652,289,215,112
654,292,209,110
657,295,204,112
660,298,199,114
662,301,194,117
665,304,189,119
668,307,185,116
669,309,183,113
676,309,180,114
683,310,176,115
690,311,173,116
697,312,169,117
704,313,166,118
711,314,163,119
718,315,159,120
725,316,156,121
735,320,154,123
747,323,138,123
755,328,134,121
754,328,136,119
765,335,131,116
772,341,132,116
778,349,122,108
782,356,122,101
786,363,114,94
787,362,112,96
792,365,107,98
783,367,107,92
779,369,116,88
773,370,117,84
766,372,115,82
765,372,117,79
758,371,115,79
744,369,120,80
734,368,120,80
721,375,112,78
698,383,107,80
694,386,109,76
674,389,107,76
655,392,106,76
635,395,105,76
615,397,103,76
596,400,102,76
598,400,99,73
576,405,100,69
559,403,98,71
540,400,102,76
521,398,99,78
503,396,100,80
504,397,99,79
486,398,96,78
470,402,97,76
429,53,453,574
444,61,417,589
478,58,363,614
480,70,355,604
500,77,312,612
492,94,311,603
501,95,296,618
516,103,288,617
517,111,290,609
516,113,290,607
530,120,283,599
522,114,294,606
523,115,286,604
525,109,288,611
528,101,290,619
529,104,292,616
532,92,302,628
539,87,312,633
540,81,304,639
542,81,301,639
544,86,302,633
549,83,292,637
553,96,307,624
560,103,314,610
543,117,326,599
533,126,313,592
527,135,312,581
527,133,307,582
514,144,314,572
495,148,321,569
474,162,343,557
