461,111,392,605
458,123,412,590
460,131,413,580
460,135,418,577
462,133,414,583
457,129,415,591
460,133,418,587
453,140,420,569
455,137,417,574
442,134,429,576
440,131,430,588
432,131,435,577
431,133,433,577
423,138,438,571
420,160,440,551
421,175,442,537
410,229,472,485
393,242,495,477
394,248,497,471
379,261,503,458
353,271,512,448
296,231,536,480
247,204,563,506
197,189,595,522
203,178,585,536
138,166,614,552
72,140,658,579
16,121,713,598
2,118,744,601
0,139,802,580
0,142,801,576
0,152,843,568
0,161,836,559
0,186,839,534
0,169,837,527
0,188,846,471
0,192,848,477
2,215,850,426
32,246,832,368
65,270,801,357
135,285,726,356
189,302,685,341
200,302,669,349
242,310,626,350
290,318,581,336
325,327,544,327
362,335,499,324
402,335,456,317
400,338,458,318
444,341,409,307
475,350,372,298
491,355,349,286
534,360,302,273
560,364,278,261
562,363,278,265
586,365,252,252
609,370,227,234
631,377,206,218
649,377,186,210
668,375,169,203
666,379,169,196
678,373,154,189
690,368,141,179
702,367,131,166
710,364,123,156
719,361,113,148
719,361,114,149
726,358,107,141
733,352,98,132
738,347,93,125
743,345,87,120
746,341,80,113
746,341,81,111
748,338,75,106
749,333,71,101
751,331,67,95
751,326,64,91
751,321,61,89
750,323,61,86
749,319,58,84
748,317,51,83
746,314,50,76
742,311,47,72
738,307,46,69
740,306,45,69
737,303,44,66
734,301,41,63
732,298,39,60
729,296,37,57
726,295,36,55
727,296,37,54
724,294,35,54
721,293,33,52
717,292,32,51
713,293,31,48
710,294,30,47
709,296,31,48
