702,292,29,41
704,292,28,39
704,293,29,39
708,295,29,38
708,295,29,37
709,295,29,37
709,295,29,37
709,295,29,37
710,295,29,37
710,295,29,37
710,296,29,37
710,296,28,37
710,297,28,36
710,298,28,36
710,298,28,36
709,296,29,37
709,295,30,39
708,293,30,40
708,292,30,40
709,292,30,39
709,292,30,39
709,290,30,39
709,288,30,40
709,286,30,40
709,283,30,41
708,280,31,41
708,278,31,41
707,276,31,42
707,274,31,42
706,272,31,43
706,270,31,43
707,267,31,44
708,264,32,44
709,261,32,45
710,258,33,45
713,252,33,46
716,246,34,47
719,240,34,47
720,240,35,48
724,235,35,48
727,230,36,49
731,225,36,49
735,221,36,49
736,217,37,50
736,217,38,51
740,212,38,51
743,206,39,52
746,203,43,55
751,198,38,53
756,194,39,55
755,194,41,55
759,191,40,57
764,188,41,58
769,184,43,59
773,182,45,58
779,180,45,59
779,181,45,60
783,181,47,62
790,183,47,64
796,184,51,66
801,186,51,69
809,186,51,69
808,186,51,69
814,185,51,71
820,185,52,73
826,185,53,75
832,185,54,77
838,185,55,79
840,182,54,79
847,181,55,80
855,181,56,82
862,178,58,82
869,176,61,83
876,174,64,84
876,172,65,85
885,169,65,86
893,167,68,88
901,165,70,90
909,163,72,91
918,160,74,93
919,161,70,92
925,162,71,93
932,164,73,95
935,166,76,97
938,168,78,99
939,168,79,100
940,168,80,101
941,168,81,103
945,169,82,103
946,170,80,99
948,172,78,101
943,172,85,107
943,172,85,105
939,174,85,105
936,177,87,106
932,179,88,107
929,182,89,108
926,184,90,109
925,187,91,110
914,185,92,111
913,187,91,112
902,188,97,114
895,189,101,113
892,194,99,110
892,195,98,111
886,196,104,113
886,201,107,112
888,202,114,116
892,204,125,124
893,206,141,132
893,206,141,133
902,213,159,141
901,220,191,147
916,221,229,174
921,225,298,202
933,230,346,229
942,233,337,231
902,251,377,272
826,265,454,303
694,286,585,335
562,306,717,367
485,306,794,409
493,305,786,405
468,323,566,347
475,310,379,284
506,307,266,224
532,302,206,187
560,305,164,161
561,306,159,159
580,302,133,149
600,299,114,148
602,294,109,159
602,288,108,170
603,290,105,177
602,286,102,185
599,300,107,171
592,305,116,195
585,312,122,210
573,316,128,221
558,324,146,253
561,327,140,247
537,329,169,271
529,330,195,303
522,329,223,343
513,315,264,380
506,282,307,427
500,286,305,413
495,268,358,451
499,236,394,472
512,232,400,468
