328,137,373,581
327,135,373,582
327,133,373,584
327,132,373,586
327,130,373,588
327,128,373,590
327,127,373,592
327,125,373,594
331,126,374,594
326,130,384,590
328,130,373,588
331,141,376,578
335,155,384,565
333,177,389,536
330,191,397,523
328,200,399,514
330,202,398,513
328,208,410,508
333,222,407,496
330,220,417,497
328,219,428,499
310,208,452,510
305,212,466,508
280,198,500,521
262,185,502,534
243,172,510,547
225,158,542,561
194,136,575,583
188,126,581,593
170,116,625,603
151,105,670,614
105,96,722,623
53,60,795,659
0,38,883,681
0,34,864,686
0,13,903,706
0,0,943,720
0,4,929,715
0,8,915,711
0,0,890,720
0,0,887,720
1,0,877,719
3,0,906,718
5,0,902,706
0,32,899,654
3,80,879,591
0,83,876,587
0,120,860,572
1,156,842,548
0,192,825,525
25,228,783,491
69,235,736,471
109,242,693,463
154,249,646,441
238,255,559,419
276,262,518,398
329,269,463,376
363,276,425,354
376,283,410,332
403,289,380,316
454,296,327,297
478,299,303,287
501,302,280,271
528,305,255,258
537,308,245,248
547,311,235,238
557,314,226,229
579,317,205,221
586,320,199,208
601,323,185,198
600,326,186,196
610,328,173,180
614,332,171,176
623,334,161,171
633,337,151,167
643,340,141,163
648,343,136,158
653,346,130,153
658,349,125,148
663,351,121,144
668,354,117,141
673,357,113,137
678,360,109,134
685,363,103,129
692,366,96,124
698,368,93,121
704,369,89,118
710,371,85,115
713,371,84,112
717,371,83,110
720,370,83,107
730,367,78,104
735,366,75,102
740,366,71,100
745,366,68,98
750,365,67,96
755,365,66,94
760,365,65,92
766,364,64,90
769,365,62,87
769,367,64,86
773,367,60,84
775,367,60,84
778,368,61,85
