900,326,17,22
900,325,17,22
901,325,17,22
901,325,17,22
902,325,17,22
902,325,17,22
903,324,17,23
904,324,17,23
904,324,17,23
905,324,17,23
905,324,17,23
906,324,17,24
906,323,17,24
907,322,17,24
908,322,17,24
909,321,17,25
910,320,17,25
911,319,17,25
912,318,17,25
913,317,17,26
915,316,19,26
916,314,19,27
917,311,19,27
918,309,19,28
919,307,20,29
920,305,20,29
921,302,20,30
921,299,21,30
922,297,21,30
922,294,22,30
923,291,22,31
923,289,23,32
923,287,23,33
923,284,24,34
923,282,24,35
923,280,25,36
923,278,25,37
923,276,26,38
923,273,26,39
923,271,27,40
922,269,27,41
921,267,28,42
920,264,28,43
920,262,29,44
919,260,29,45
918,258,30,46
917,255,30,47
916,253,31,48
915,251,31,49
915,249,32,50
912,247,35,50
912,245,34,53
910,242,35,56
909,239,36,60
907,237,38,61
906,233,39,64
904,230,40,66
903,227,42,68
901,224,43,71
899,219,45,74
896,218,50,76
896,218,49,79
892,214,52,86
890,212,54,88
885,210,59,88
883,206,60,98
873,202,66,96
876,204,64,100
867,201,70,107
859,197,70,113
854,193,75,120
843,189,81,127
830,182,91,138
830,183,90,139
822,175,99,146
813,167,109,154
804,159,119,162
793,142,129,170
784,124,145,182
783,123,147,182
780,97,167,202
776,69,188,217
773,42,221,244
765,26,266,269
754,18,316,303
756,19,319,303
739,15,385,355
694,16,506,421
646,10,608,516
541,19,732,617
331,48,948,671
341,40,938,680
93,93,1185,627
59,162,1166,558
2,236,1075,484
3,255,844,465
0,246,655,442
0,247,662,440
39,256,566,369
174,270,422,315
293,281,315,259
374,287,255,232
443,295,213,203
439,296,216,208
492,296,181,190
530,306,158,176
550,307,145,161
573,308,131,159
589,316,119,151
593,318,117,150
608,326,111,143
613,329,107,140
611,336,107,141
613,345,106,137
612,346,105,144
612,347,100,144
611,349,103,149
608,346,104,167
605,331,104,187
591,309,124,211
576,290,133,231
575,292,134,229
567,269,147,259
563,248,144,280
562,222,151,315
564,204,156,337
575,185,173,354
573,184,179,352
580,164,197,375
573,153,212,379
566,141,227,384
553,142,239,367
540,150,250,343
537,151,251,339
530,144,257,327
528,146,256,317
528,150,258,294
531,153,255,287
527,154,253,277
525,156,250,272
518,157,248,264
629,145,223,167
625,144,228,167
627,144,229,170
625,147,240,171
622,147,241,170
622,150,244,169
622,153,248,169
622,157,252,169
626,160,256,170
628,164,270,171
628,166,269,169
625,168,272,164
627,172,275,162
623,176,281,157
626,181,286,152
629,182,288,153
631,184,288,149
634,186,289,146
636,188,289,142
630,190,292,138
625,192,295,135
621,196,298,131
620,196,299,129
617,201,294,120
618,206,292,117
617,215,288,110
616,220,288,109
618,227,286,103
619,227,287,103
623,234,282,95
628,235,277,96
630,239,279,89
634,239,279,88
644,242,269,82
643,244,270,80
652,244,267,78
653,250,265,75
656,252,256,75
656,255,252,74
653,260,246,68
658,259,243,73
654,262,233,77
650,266,232,82
643,272,227,76
638,277,222,79
635,282,210,77
633,283,210,73
629,287,209,73
624,293,212,73
618,297,204,73
612,303,197,75
608,305,198,77
604,308,199,75
600,311,200,74
599,317,193,73
598,323,191,73
597,330,189,72
596,336,186,72
595,334,186,74
598,339,182,72
598,343,181,73
604,344,172,71
608,346,168,71
619,348,159,72
617,348,159,70
625,349,156,72
631,346,150,74
638,344,147,75
639,343,148,75
641,343,149,76
642,343,150,77
645,340,145,79
652,340,140,79
657,340,133,79
660,341,132,79
665,344,125,78
664,345,127,77
660,344,133,79
665,349,127,77
662,352,128,76
666,356,126,77
676,359,118,77
673,359,123,78
679,361,112,75
689,364,105,75
697,368,96,74
700,372,96,75
709,376,89,74
706,377,91,72
717,380,84,74
724,380,81,78
727,380,77,82
735,386,69,73
736,385,69,70
736,386,69,69
736,384,69,68
734,379,68,67
733,376,67,69
730,375,67,70
726,374,69,72
727,377,71,71
724,375,71,70
722,375,70,70
718,375,71,70
717,376,69,70
716,379,68,69
715,379,69,69
713,381,69,69
711,384,68,68
709,384,66,68
707,385,59,70
379,166,382,553
374,170,383,550
377,185,377,524
376,195,370,514
381,196,369,522
386,182,369,523
386,166,373,537
385,168,377,531
386,142,378,544
389,116,385,554
393,97,390,553
401,86,380,554
395,77,390,565
393,82,393,561
397,77,392,568
396,93,391,555
403,99,377,560
402,122,383,543
393,137,386,538
396,131,381,549
396,144,390,538
389,158,397,510
387,161,399,506
391,149,396,510
390,132,399,517
390,131,399,513
392,118,399,520
392,101,402,532
387,93,413,535
390,88,409,547
391,85,415,545
390,90,415,541
388,96,421,535
390,102,425,534
