403,159,29,38
403,158,29,36
405,161,28,37
406,162,29,37
406,163,29,37
407,164,29,37
407,165,29,37
408,166,29,37
408,167,30,38
408,167,30,37
409,168,29,36
411,170,29,35
411,170,29,35
410,170,29,35
410,170,29,35
410,169,29,35
411,169,28,35
410,169,28,35
410,169,29,36
410,169,30,37
411,171,30,37
412,173,30,37
414,174,29,38
415,176,29,38
416,178,29,38
417,180,29,38
418,182,29,39
418,185,30,40
419,188,30,40
420,191,30,41
419,191,30,41
418,192,29,42
415,193,30,44
413,194,31,46
410,195,32,48
407,195,34,49
405,196,35,51
402,198,36,52
400,199,36,53
397,200,37,54
395,202,38,55
393,203,38,58
391,204,39,62
390,205,40,59
388,208,42,61
385,210,44,63
383,212,46,67
380,210,49,73
378,210,50,71
379,209,50,76
377,208,53,82
373,205,58,87
370,201,62,94
367,196,65,100
365,192,70,110
364,191,71,112
358,190,78,115
349,179,93,135
336,168,105,148
315,150,130,175
286,137,162,198
279,122,165,211
231,112,235,257
139,79,331,348
27,50,441,458
0,114,571,541
0,141,821,579
0,142,825,578
0,177,1155,543
0,198,1280,522
310,212,967,507
551,221,728,495
695,238,532,388
696,243,529,380
748,264,370,306
760,289,265,251
737,320,218,206
726,339,170,176
712,355,142,152
708,363,144,147
703,370,113,130
695,377,109,120
691,378,98,112
684,379,92,107
673,378,91,104
673,379,91,103
665,373,85,105
660,363,83,111
651,346,79,124
636,333,81,133
624,316,86,149
621,315,90,152
616,299,87,168
611,283,85,185
614,272,84,192
615,266,84,204
616,262,90,216
613,258,95,218
615,257,101,213
617,255,114,217
617,250,128,215
