562,0,711,718
567,0,706,718
572,0,702,718
577,0,697,718
583,0,693,718
588,0,689,718
593,0,684,718
598,0,680,718
604,0,676,718
0,119,1099,600
1,142,1076,577
2,150,1123,569
3,174,1105,545
5,198,1089,521
6,260,1060,459
7,290,1023,429
0,310,995,409
0,312,994,407
2,337,934,382
12,343,873,376
58,358,772,361
109,368,684,351
173,360,588,359
166,368,591,351
210,361,514,311
228,360,464,271
265,343,390,256
286,326,348,243
301,297,311,238
299,300,311,233
316,273,278,228
341,250,243,213
353,223,223,209
366,208,209,204
380,203,186,190
383,203,184,193
395,202,170,182
408,201,155,172
420,199,141,161
433,198,126,150
439,201,120,143
446,204,114,137
453,206,108,130
459,209,102,123
466,212,96,116
472,214,90,109
479,217,84,102
486,220,78,95
492,222,72,88
499,225,66,82
506,228,63,77
513,232,60,72
520,235,57,68
525,239,54,65
531,243,52,62
537,247,49,60
542,251,46,57
548,254,44,54
554,258,41,51
552,258,40,53
557,266,39,50
563,273,38,47
568,282,36,46
573,291,35,45
576,298,34,44
579,304,32,43
582,316,31,41
586,328,30,40
590,340,29,39
792,171,272,316
793,173,274,318
794,176,276,320
795,178,278,321
795,181,280,323
796,183,281,325
797,186,283,327
798,188,285,328
799,191,287,330
807,187,286,332
816,184,285,334
815,182,288,336
814,180,291,337
814,178,293,338
813,176,296,339
813,174,298,340
814,177,301,342
815,180,304,343
817,183,306,344
818,186,309,345
820,190,311,346
821,192,314,351
821,195,316,355
821,203,318,357
821,210,320,359
821,218,321,361
821,225,323,363
820,233,325,365
820,240,327,367
820,248,329,369
820,255,330,371
815,261,337,370
810,267,344,369
805,272,350,368
800,278,357,366
795,283,364,365
792,284,367,367
790,284,370,368
787,284,373,370
784,284,376,371
782,284,379,372
777,285,384,372
773,285,388,372
768,285,393,372
763,286,397,372
759,286,402,371
754,286,406,371
749,287,411,371
752,283,415,371
754,279,420,371
756,276,424,370
753,273,433,366
750,271,442,362
743,268,448,363
736,266,453,364
728,264,459,365
721,262,465,366
714,260,471,366
707,258,477,367
700,256,482,368
693,254,488,369
683,251,492,378
673,252,506,380
656,253,521,381
636,258,535,383
622,260,549,385
631,260,536,388
607,261,557,389
589,260,578,390
574,262,587,392
535,264,620,393
520,266,630,388
503,272,639,381
508,275,628,361
506,274,635,358
486,277,646,354
461,280,660,351
436,282,675,347
412,286,683,344
381,283,699,346
383,280,705,349
372,281,712,349
354,273,717,365
352,269,710,368
345,249,714,392
326,221,738,432
317,213,747,444
326,191,740,470
332,166,711,499
347,144,751,551
358,134,781,493
349,123,778,431
357,123,778,435
366,123,779,440
371,128,770,445
375,133,761,449
380,139,752,454
372,148,746,461
363,156,755,451
354,165,753,440
345,174,751,430
337,183,753,416
328,191,756,402
319,195,753,395
310,199,749,389
300,202,745,382
269,206,763,375
247,210,747,369
225,214,730,362
203,219,714,355
211,221,698,348
190,223,685,339
716,145,214,183
696,138,214,181
679,132,215,179
662,125,216,177
657,126,216,175
649,119,217,173
641,115,218,168
627,111,227,167
622,111,228,165
622,109,224,164
624,110,221,163
622,111,223,162
620,112,226,163
619,112,229,163
618,112,232,164
616,113,235,165
615,113,237,165
614,116,240,163
613,119,243,161
611,122,246,160
610,125,249,158
604,126,249,156
598,127,250,155
591,128,250,153
585,129,251,152
579,130,251,151
573,131,252,149
567,132,252,148
560,133,253,146
554,134,253,145
548,135,254,144
541,137,257,141
533,139,261,138
526,141,265,135
518,142,268,132
519,143,269,129
520,144,269,127
521,144,269,124
521,145,269,122
522,145,269,119
523,146,270,117
524,151,269,112
525,156,268,108
527,161,268,104
528,166,267,100
530,171,269,98
532,176,272,96
535,181,274,94
537,186,277,92
548,192,270,89
558,198,263,87
554,205,264,86
551,213,265,85
547,221,266,84
539,227,263,81
531,233,261,79
522,239,259,76
514,245,256,73
506,251,254,70
497,257,252,67
489,264,250,65
476,268,253,62
470,270,251,61
465,272,248,61
459,273,246,61
453,275,243,61
447,277,241,61
451,278,239,60
454,279,236,60
458,280,234,59
461,281,232,59
470,283,229,61
479,285,225,63
486,288,222,65
492,292,219,67
499,295,216,68
506,298,213,70
513,301,210,72
518,310,205,71
523,319,201,70
528,328,196,70
530,328,196,74
531,328,196,79
537,333,194,83
543,338,192,87
549,343,190,91
555,348,188,95
561,353,186,99
564,354,184,100
567,354,181,100
570,355,179,101
569,349,176,112
569,342,173,124
569,338,167,123
569,333,161,122
570,329,155,121
570,325,149,121
560,315,146,121
549,306,143,121
539,296,141,121
544,296,138,121
534,287,139,123
523,277,139,126
513,267,140,129
499,262,139,127
484,257,138,125
481,254,138,121
478,252,138,118
475,250,137,115
474,244,136,115
474,238,135,115
476,235,133,115
477,233,131,116
490,231,129,116
499,232,128,117
508,232,128,118
518,233,128,118
527,233,128,119
536,234,128,119
554,236,130,117
571,239,133,115
589,241,135,116
608,243,136,118
626,245,138,120
623,247,142,119
647,252,134,114
469,237,185,389
471,216,183,408
456,201,201,429
453,190,186,438
450,187,192,438
447,179,190,448
444,172,188,458
441,165,186,468
438,157,184,479
435,150,182,489
432,143,180,499
431,128,185,513
429,114,190,526
432,108,190,533
435,102,191,540
438,95,191,548
440,89,192,555
444,94,194,557
447,98,196,559
451,103,199,562
454,108,201,564
453,111,208,570
452,115,215,577
451,119,222,583
451,127,231,583
451,136,240,583
451,145,240,574
451,153,240,566
451,162,239,557
451,170,239,549
451,179,239,540
436,182,264,537
422,185,289,534
420,183,288,536
419,181,288,538
422,170,287,549
425,159,287,560
428,148,286,572
435,100,275,619
443,52,265,667
451,54,254,665
430,47,272,673
437,42,267,677
444,37,261,682
