480,150,309,210
480,150,310,209
488,150,311,207
495,150,311,205
502,150,312,204
509,150,313,202
523,149,314,200
524,150,315,199
542,152,315,198
560,153,316,196
578,155,317,194
595,158,310,189
604,164,317,187
601,164,317,184
600,173,327,180
607,184,317,177
603,193,316,174
600,202,315,172
591,216,312,163
585,217,318,163
573,231,317,159
555,243,316,150
526,257,324,146
503,272,323,141
484,286,328,139
480,284,335,138
468,300,318,131
446,317,322,124
433,336,322,120
414,353,330,112
410,368,323,102
408,371,322,101
406,374,321,101
419,374,312,97
433,375,304,94
451,373,295,89
457,370,300,85
463,368,305,81
492,361,291,78
521,354,277,76
533,357,288,69
567,359,263,70
605,370,242,70
610,369,235,67
630,382,232,64
647,395,223,63
665,412,215,56
673,423,212,56
682,434,209,56
687,437,202,53
694,448,196,51
695,456,188,50
696,465,181,53
691,472,177,55
687,479,174,58
686,480,172,57
680,486,168,59
675,492,163,60
671,496,158,60
667,501,154,61
668,505,151,59
666,505,155,59
669,506,149,58
673,508,144,57
677,510,138,56
681,510,132,52
689,508,132,55
690,509,132,55
696,506,131,54
702,510,132,53
717,507,122,55
727,507,120,60
739,515,116,57
738,517,116,54
752,518,115,60
767,523,107,58
783,523,105,60
797,521,98,59
816,516,91,60
815,517,92,60
827,512,88,65
843,505,89,72
856,504,81,70
880,499,73,64
900,493,68,67
901,494,66,62
912,487,70,63
932,484,66,59
947,478,65,59
964,474,65,58
981,469,66,61
981,467,64,61
998,464,63,61
1016,460,66,63
1035,460,65,61
1054,459,65,61
1076,457,64,62
1077,457,64,60
1098,455,63,61
1118,454,62,61
1136,454,66,59
