472,143,383,479
472,147,378,479
482,163,375,475
493,167,378,469
509,169,367,473
521,185,360,465
530,189,357,470
533,188,354,470
530,192,352,470
532,203,344,459
519,197,350,465
525,194,316,461
521,182,296,460
521,188,294,455
518,161,280,455
509,145,267,454
519,120,248,457
530,102,220,457
539,95,203,455
539,93,202,457
535,91,195,456
533,86,196,456
534,94,191,456
535,105,191,449
532,106,192,449
531,106,194,450
531,104,189,451
526,91,189,451
524,77,183,449
524,75,185,445
528,73,183,444
527,77,179,437
528,82,175,440
525,95,180,441
522,114,187,439
513,134,193,442
508,154,193,446
508,157,194,444
499,183,199,448
492,212,201,446
492,236,193,445
487,265,192,434
483,286,198,426
485,283,196,430
484,308,195,407
487,322,188,392
491,336,188,377
499,349,188,364
508,358,192,359
509,358,191,355
524,370,195,349
533,378,201,335
542,387,198,328
553,394,196,321
557,393,207,322
559,393,204,322
568,386,208,328
572,378,219,337
576,369,235,345
574,360,263,355
571,351,276,368
575,355,272,361
