768,261,117,119
762,258,116,120
756,257,121,123
752,256,120,122
747,255,121,123
743,254,122,123
739,253,123,124
735,252,124,125
732,251,125,124
729,250,125,124
727,250,126,124
725,248,126,124
723,247,126,124
721,246,126,124
719,245,127,125
716,244,128,124
713,243,129,124
710,242,131,124
706,241,133,125
702,240,136,125
698,239,138,126
694,238,140,126
691,239,143,127
687,239,146,127
684,239,148,127
681,239,151,127
677,240,154,128
674,240,156,128
671,240,159,128
668,241,162,129
665,240,165,129
663,240,168,130
661,239,171,130
659,239,174,131
657,238,177,131
656,237,179,131
656,236,181,131
656,235,183,131
653,235,190,131
653,235,193,127
654,235,197,124
655,234,198,127
656,234,196,126
654,235,200,124
652,237,203,123
649,238,206,122
647,239,210,121
645,240,211,119
643,241,213,117
640,242,215,115
636,239,216,113
630,239,220,111
624,238,232,107
626,237,232,105
617,235,236,101
609,234,241,97
601,235,243,94
594,236,246,92
588,235,248,93
587,234,249,94
576,234,250,95
576,240,250,100
569,248,250,106
567,256,251,111
569,261,252,119
569,266,252,121
572,271,252,126
575,275,253,132
578,280,253,137
581,285,254,142
584,289,254,147
584,292,258,148
587,292,249,152
591,293,242,152
595,292,233,159
590,294,230,164
589,300,228,156
587,298,230,158
589,305,221,158
590,307,217,160
593,312,204,159
609,317,185,181
608,321,183,163
609,322,181,161
608,325,176,153
606,325,174,147
604,326,170,144
605,326,164,141
603,327,160,135
603,327,160,134
603,328,156,132
605,326,147,136
603,329,143,128
603,332,138,123
604,337,132,118
605,337,133,118
605,343,127,113
604,348,125,111
607,353,122,108
607,359,122,105
611,365,118,102
617,366,108,100
621,370,105,98
625,373,101,98
627,375,99,97
628,377,94,97
630,380,91,95
630,380,91,95
632,381,90,95
634,383,87,93
637,385,84,93
636,382,88,94
636,381,84,93
636,382,84,93
635,381,82,92
633,380,78,90
631,379,77,89
630,376,74,88
626,372,75,88
626,371,74,88
623,369,77,88
621,366,73,85
618,363,72,84
615,360,72,84
611,357,73,84
611,357,73,84
608,354,72,82
606,351,72,81
607,347,70,81
605,343,69,81
603,338,70,83
603,339,69,81
603,335,68,79
602,332,67,82
603,328,66,78
602,324,65,77
601,321,64,78
602,320,64,78
602,319,65,77
601,317,66,78
602,316,63,76
