555,204,126,250
556,208,126,248
557,211,126,246
559,214,125,243
560,221,125,238
562,228,124,232
563,234,124,227
564,240,124,223
566,245,123,218
567,251,123,213
569,257,122,208
570,261,123,202
572,265,123,196
574,269,124,190
575,273,124,184
577,270,125,183
579,268,125,183
581,267,126,183
582,265,126,182
584,264,127,181
586,262,127,180
588,256,129,183
590,250,130,185
592,244,131,188
594,238,133,190
596,232,134,193
598,226,135,195
601,220,137,198
607,211,134,199
613,203,132,201
616,196,132,199
616,193,134,201
616,190,135,202
616,186,136,204
616,183,137,205
616,180,138,207
616,176,140,208
616,173,141,210
616,172,142,209
616,172,143,207
616,171,144,206
612,173,144,206
608,175,144,206
604,177,144,206
600,179,144,206
596,181,144,206
592,183,144,206
588,185,144,206
584,186,144,206
580,188,144,206
576,190,144,206
574,191,145,207
572,191,146,208
570,192,146,209
568,192,147,209
567,193,148,210
565,193,149,211
563,194,149,212
561,194,150,213
559,195,151,213
558,195,151,214
556,193,153,215
554,191,155,217
552,189,156,218
550,186,158,219
548,184,160,220
546,182,162,221
544,180,163,223
542,178,165,224
540,175,167,225
538,173,168,226
537,173,169,226
535,173,170,226
534,173,171,226
533,173,172,227
532,173,172,227
531,173,173,227
529,173,174,227
528,173,175,227
527,173,176,227
526,173,176,227
524,174,177,227
523,175,177,227
521,175,177,226
519,176,177,226
518,176,177,226
516,177,178,225
515,178,178,225
513,178,178,225
511,179,178,224
510,179,178,224
508,177,178,224
505,175,178,224
503,173,178,224
501,171,178,224
499,169,178,224
497,167,178,224
494,165,178,224
492,163,178,224
490,161,178,224
488,159,178,224
487,158,182,224
485,156,185,224
484,155,189,224
483,153,192,224
482,151,192,223
481,150,191,222
479,148,190,223
478,147,188,223
477,145,187,224
476,143,178,224
474,146,183,219
480,147,187,221
486,149,191,223
492,150,196,224
498,152,200,226
504,153,205,226
510,155,209,226
516,156,213,227
522,158,218,227
528,159,222,227
523,160,225,226
518,160,228,225
513,161,231,224
493,167,235,224
479,169,244,223
468,171,246,224
457,173,248,225
446,175,249,226
445,175,253,226
430,178,256,226
422,178,263,226
413,178,270,226
405,178,277,226
397,178,284,225
389,178,291,225
380,178,298,225
372,178,305,225
378,178,298,225
384,178,290,224
386,178,294,224
384,175,299,225
389,179,301,222
393,183,303,219
398,188,305,214
403,192,318,217
408,196,331,219
413,200,343,222
417,205,356,224
422,209,368,227
427,213,381,229
436,219,381,224
445,225,381,218
454,231,382,213
464,237,382,208
464,239,387,210
471,240,376,206
460,242,374,202
457,244,356,193
455,245,353,193
438,247,357,188
422,244,351,193
410,241,363,198
418,239,354,210
426,236,361,216
432,233,354,221
461,225,338,244
472,221,354,267
483,218,358,272
501,222,375,231
513,219,372,231
524,220,364,235
536,220,356,240
547,221,347,244
559,221,339,249
564,222,334,244
570,222,328,239
575,223,322,234
580,223,317,229
586,224,311,224
594,224,299,211
597,224,293,205
600,224,287,199
603,225,281,193
606,225,275,187
610,225,265,181
613,225,255,175
616,225,245,169
619,225,235,164
617,225,230,159
616,224,225,154
616,224,225,154
