461,111,392,605
458,123,412,590
460,131,413,580
460,135,418,577
462,133,414,583
457,129,415,591
460,133,418,587
453,140,420,569
455,137,417,574
442,134,429,576
440,131,430,588
432,131,435,577
431,133,433,577
423,138,438,571
420,160,440,551
421,175,442,537
410,229,472,485
393,242,495,477
394,248,497,471
379,261,503,458
353,271,512,448
296,231,536,480
247,204,563,506
197,189,595,522
203,178,585,536
138,166,614,552
72,140,658,579
16,121,713,598
2,118,744,601
0,139,802,580
0,142,801,576
0,152,843,568
0,161,836,559
0,186,839,534
0,169,837,527
0,188,846,471
0,192,848,477
2,215,850,426
32,246,832,368
65,270,801,357
135,285,726,356
189,302,685,341
200,302,669,349
242,310,626,350
290,318,581,336
325,327,544,327
362,335,499,324
402,335,456,317
400,338,458,318
444,341,409,307
475,350,372,298
491,355,349,286
534,360,302,273
560,364,278,261
562,363,278,265
586,365,252,252
609,370,227,234
631,377,206,218
649,377,186,210
668,375,169,203
666,379,169,196
678,373,154,189
690,368,141,179
702,367,131,166
710,364,123,156
719,361,113,148
719,361,114,149
726,358,107,141
733,352,98,132
738,347,93,125
743,345,87,120
746,341,80,113
746,341,81,111
748,338,75,106
749,333,71,101
751,331,67,95
751,326,64,91
751,321,61,89
750,323,61,86
749,319,58,84
748,317,51,83
746,314,50,76
742,311,47,72
738,307,46,69
740,306,45,69
737,303,44,66
734,301,41,63
732,298,39,60
729,296,37,57
726,295,36,55
727,296,37,54
724,294,35,54
721,293,33,52
717,292,32,51
713,293,31,48
710,294,30,47
709,296,31,48
466,6,540,713
488,12,535,708
489,21,544,699
492,27,543,693
496,38,543,682
497,36,539,684
506,48,538,672
513,60,544,660
517,71,553,649
525,89,555,631
532,98,547,621
531,106,549,614
533,121,552,599
536,137,544,583
540,156,543,560
540,171,549,549
549,182,551,538
550,178,551,542
554,193,554,525
558,206,553,514
558,225,561,494
564,234,565,486
566,235,563,485
569,236,562,484
570,242,564,478
572,235,565,485
568,227,574,493
567,212,571,508
565,199,569,521
565,199,575,521
554,189,580,530
556,179,585,541
556,167,591,553
562,159,590,561
574,163,582,557
571,168,591,552
578,169,588,551
582,180,592,540
586,185,590,535
590,190,597,530
594,198,582,521
589,201,593,519
585,202,586,518
583,195,594,525
580,179,583,541
574,170,593,550
581,144,588,576
579,145,585,575
586,127,589,593
584,115,590,605
591,105,589,614
576,109,618,610
565,113,631,606
563,108,643,611
546,113,656,606
528,119,669,600
511,124,681,595
494,129,694,590
477,134,706,585
477,135,719,579
442,145,732,574
422,145,755,553
428,155,744,544
446,169,716,524
447,181,711,508
447,180,706,503
447,185,701,484
448,202,696,465
455,215,690,446
452,233,685,427
449,251,681,408
451,244,678,416
459,257,670,406
447,269,674,399
442,282,674,386
431,286,683,390
416,280,677,396
416,282,666,397
396,269,663,425
377,248,659,453
358,228,656,481
346,216,664,503
328,202,665,517
330,200,657,519
335,198,646,514
327,207,641,420
337,216,631,368
318,227,646,378
314,232,643,379
309,237,640,380
289,253,641,386
274,262,638,375
241,271,628,373
220,275,627,375
213,271,620,366
211,277,620,367
202,258,630,379
195,250,630,377
210,239,609,369
220,228,591,366
241,230,569,341
236,226,570,340
260,223,544,334
272,217,531,324
292,213,514,327
309,204,499,316
328,202,484,312
324,204,490,310
346,207,465,296
355,208,456,302
365,210,447,295
374,210,442,296
382,218,436,293
385,216,438,296
386,215,434,298
389,210,420,299
396,207,423,301
403,202,421,308
407,204,419,311
406,201,420,314
415,207,413,316
426,209,409,316
623,87,345,193
625,83,348,191
623,83,351,189
622,83,354,188
614,83,356,180
606,83,357,173
598,83,359,166
590,83,360,159
585,83,359,153
585,82,358,155
586,85,354,154
582,87,351,150
578,94,346,140
571,97,343,131
565,105,343,127
567,104,341,129
560,111,333,118
555,120,333,113
551,128,329,109
552,136,319,105
550,145,314,104
552,144,316,103
555,154,311,98
559,161,307,96
567,168,303,92
575,174,298,87
580,180,297,84
580,180,298,83
590,184,298,81
598,189,293,80
606,194,286,75
612,196,285,72
619,199,279,69
619,198,279,70
621,200,275,68
625,203,268,71
627,206,264,70
629,209,261,68
631,212,258,66
633,215,255,64
635,219,252,63
638,223,256,63
648,226,249,64
655,231,246,64
666,236,246,64
665,235,245,66
676,241,241,63
686,245,241,67
698,249,238,65
707,250,237,67
718,247,231,71
716,250,239,66
722,250,231,64
728,253,230,63
732,259,231,62
735,265,225,59
739,269,228,62
738,270,230,60
740,274,224,59
742,280,215,65
743,290,213,66
741,299,214,63
743,307,209,62
744,308,206,63
745,317,208,61
747,326,205,59
748,331,202,57
747,335,200,59
746,340,198,63
745,344,196,62
745,349,195,61
741,350,188,65
739,356,187,61
731,357,186,67
731,361,178,64
730,361,182,65
731,361,169,67
728,364,169,66
729,365,164,62
730,367,159,61
731,369,158,64
732,367,158,66
731,368,158,64
743,372,146,62
743,374,148,62
746,376,143,61
752,377,137,63
753,378,141,63
758,380,132,63
760,382,132,66
755,386,135,64
767,381,120,68
762,389,118,63
760,387,126,68
768,391,116,65
764,395,116,66
766,398,109,67
761,403,111,65
756,406,112,70
757,406,109,70
756,411,109,70
749,414,110,69
744,416,110,73
748,421,105,70
746,424,99,73
746,425,99,72
742,429,100,71
745,435,98,73
747,439,90,71
745,442,91,76
745,447,95,76
745,446,92,76
748,452,92,76
750,459,88,76
754,466,88,77
759,475,87,74
760,485,85,70
760,484,84,68
763,492,81,65
774,499,68,62
775,507,70,53
775,509,71,46
779,510,69,42
779,511,68,41
781,510,68,41
780,510,67,37
778,507,70,38
775,504,71,37
774,503,69,37
775,503,66,37
768,503,72,38
768,500,72,41
747,381,77,78
747,371,79,78
748,362,81,79
747,363,81,79
750,351,83,80
754,342,83,78
763,328,82,79
763,315,86,80
763,305,88,83
763,306,90,84
769,299,92,84
776,289,92,90
784,286,92,91
786,288,94,93
789,292,93,96
790,292,93,94
796,294,89,96
801,297,92,100
805,297,92,102
808,298,96,103
810,300,98,101
814,300,93,102
821,296,92,102
829,293,91,102
837,291,94,102
845,287,92,99
852,281,94,101
853,282,91,100
859,278,96,101
867,277,98,108
876,277,100,111
884,274,105,113
885,266,115,115
883,263,119,117
885,262,123,119
892,261,127,120
891,256,131,122
885,248,135,124
880,248,139,126
879,248,143,128
871,248,147,129
858,248,156,131
