699,175,178,306
701,172,175,305
700,173,175,303
700,175,176,301
699,177,177,299
699,179,178,297
699,181,179,295
698,183,180,293
700,184,179,290
701,185,178,288
702,186,177,285
704,187,176,282
705,188,175,280
706,189,174,277
706,190,173,276
706,191,173,275
706,192,172,274
705,193,172,273
705,194,171,273
705,195,171,272
705,196,171,271
705,197,170,270
707,199,168,264
706,199,169,264
710,199,168,262
710,199,170,261
711,200,170,259
710,204,173,265
713,209,175,256
711,209,176,259
710,209,178,262
710,208,177,262
710,207,177,262
710,207,177,262
710,206,177,262
711,206,177,262
711,205,176,262
711,204,176,261
711,203,176,260
711,202,176,261
712,202,176,262
713,201,176,262
714,201,176,262
715,200,176,262
716,200,177,262
718,200,177,262
719,201,177,262
721,203,178,262
722,204,178,262
724,206,178,262
726,208,179,263
725,208,179,261
724,209,179,260
723,210,179,261
723,211,180,262
722,212,180,263
721,213,180,265
721,214,181,266
720,217,180,264
719,220,180,262
719,223,180,260
718,226,179,259
717,230,179,257
717,233,179,255
719,232,179,255
720,232,180,254
722,232,181,254
724,231,181,254
726,231,182,253
728,231,180,249
731,232,178,246
730,229,181,243
730,226,184,241
729,219,184,241
729,213,185,242
728,207,186,243
728,201,186,243
727,195,187,244
727,189,187,245
726,183,188,245
726,182,189,242
727,182,189,240
728,183,190,239
729,183,191,237
730,183,192,237
732,182,192,236
733,182,193,236
735,182,193,235
736,181,194,235
738,181,194,234
740,181,195,234
742,186,197,231
745,191,199,228
747,196,201,225
750,202,203,223
752,207,205,220
755,212,207,217
756,216,209,216
758,220,210,216
760,224,211,215
762,229,213,215
761,226,215,219
755,230,217,211
754,236,215,210
747,234,220,207
740,234,221,205
733,234,223,203
730,236,224,202
725,233,225,201
721,230,227,200
716,227,228,199
711,224,229,199
707,219,237,202
703,222,249,197
702,220,254,197
695,221,257,197
689,221,260,197
682,222,262,197
677,226,269,196
672,229,276,195
667,233,284,195
654,236,294,198
640,238,303,200
627,241,313,202
619,246,317,199
619,245,315,199
601,243,331,206
582,241,348,213
564,240,365,221
551,230,387,243
538,221,410,266
534,217,411,272
524,216,430,281
518,192,474,323
517,172,497,363
528,174,497,417
548,174,507,422
542,176,518,414
537,179,529,370
516,175,547,347
541,185,540,324
530,192,536,307
507,195,545,329
508,194,540,328
485,211,543,330
471,219,529,335
441,229,529,338
436,232,522,335
431,235,516,333
425,239,509,330
437,249,502,322
456,258,474,309
470,258,462,307
487,259,479,312
499,250,460,306
506,251,463,310
512,249,465,304
535,245,430,295
544,243,416,298
547,238,422,304
552,236,400,301
549,233,397,304
553,237,397,299
558,239,382,298
553,238,383,298
556,248,380,302
562,252,378,301
559,250,379,296
567,247,372,309
571,246,389,304
584,241,373,309
586,242,375,306
594,243,370,310
588,239,376,316
584,238,379,315
577,233,384,320
574,226,380,322
569,225,373,317
561,221,371,319
556,219,376,323
548,217,377,324
546,215,365,319
527,215,376,320
517,211,371,322
510,208,373,328
504,205,375,334
498,203,378,341
499,203,371,334
497,193,381,357
498,190,389,366
499,190,394,369
499,193,388,361
492,194,400,361
503,192,394,368
499,194,399,361
493,189,397,363
488,178,399,370
487,174,398,375
489,157,401,386
