150,1,618,717
150,0,616,720
157,5,610,715
156,0,608,720
154,0,612,720
153,2,610,718
151,0,617,712
140,0,631,720
140,0,644,720
136,0,657,720
121,1,679,717
119,0,685,720
111,0,712,720
114,0,729,720
114,2,737,718
118,1,735,719
79,0,785,720
85,2,779,718
58,6,825,702
78,0,828,720
60,1,828,717
47,3,857,717
30,0,881,720
34,0,879,720
25,0,888,720
27,0,893,720
33,0,897,720
37,0,895,720
35,0,892,719
34,0,890,718
33,1,888,717
32,0,889,717
32,0,890,718
32,0,892,719
32,0,893,719
42,0,897,719
53,0,900,719
63,0,903,720
158,15,840,659
58,22,965,698
74,42,976,676
76,37,978,681
109,74,1001,645
139,110,1027,608
170,141,1083,578
244,183,1035,536
