73,44,690,675
55,34,717,678
50,17,722,696
39,7,737,704
35,4,742,716
30,0,743,720
29,0,743,720
28,0,750,720
27,0,757,720
27,0,764,720
18,0,772,720
19,0,773,720
21,0,774,720
22,0,775,720
13,0,792,720
9,0,800,720
9,0,807,719
9,0,814,719
9,0,821,718
9,0,828,718
10,0,836,718
3,4,848,716
2,3,847,715
0,0,850,709
0,0,851,720
0,6,839,714
0,5,824,709
0,4,809,710
0,0,801,720
0,0,804,720
0,0,789,717
1,0,781,717
2,0,771,714
6,0,761,720
0,0,755,715
0,0,748,720
0,0,746,717
0,0,734,720
3,0,716,720
1,3,705,708
0,0,700,717
0,0,699,720
0,39,692,681
9,88,681,619
1,114,690,606
4,136,689,584
0,152,684,564
2,156,680,564
1,168,676,550
1,158,672,560
0,147,668,571
0,136,664,581
0,125,660,591
0,108,665,609
0,91,670,626
0,74,684,644
0,57,698,661
0,40,712,679
0,26,736,694
0,13,750,705
0,1,764,716
0,0,786,719
0,0,806,719
0,0,827,719
0,0,848,719
0,0,849,720
0,0,856,719
0,0,864,718
0,0,872,717
0,0,863,716
0,1,854,716
0,0,848,716
0,0,842,717
0,0,836,717
0,0,832,718
0,0,841,719
0,0,849,719
0,0,855,719
0,0,884,719
0,0,913,719
0,0,942,720
0,0,974,720
1,0,1011,719
0,0,1004,717
0,0,1026,717
0,0,1049,718
0,0,1072,719
0,0,1095,720
0,0,1118,720
6,0,1111,711
0,1,1114,716
0,0,1092,718
0,0,1054,720
0,12,1002,707
0,25,950,695
0,42,981,678
0,59,1012,661
1,95,1174,624
41,136,1119,562
121,158,1002,493
213,195,885,424
204,193,887,429
227,188,858,433
229,184,851,438
278,165,787,471
254,141,833,525
214,143,872,564
205,146,882,556
175,129,896,541
155,138,900,438
135,152,903,471
122,167,910,473
131,220,852,459
133,215,846,463
114,255,854,451
107,282,855,432
108,301,808,418
119,324,808,395
143,331,812,385
151,332,804,382
160,333,780,379
178,327,795,369
197,322,811,361
236,316,769,363
243,321,770,368
239,317,773,371
274,331,735,368
304,330,708,372
302,334,708,365
318,334,688,367
335,335,669,370
333,335,669,368
