710,126,102,154
707,129,103,155
704,131,103,156
701,134,104,157
698,137,105,158
695,139,105,159
692,142,106,160
689,144,106,161
686,147,107,162
683,150,108,163
679,152,108,164
677,157,109,164
674,161,109,164
672,166,109,164
670,168,110,164
668,171,110,164
666,174,111,164
664,177,111,164
662,179,111,164
659,182,112,164
657,180,112,164
657,177,113,167
656,174,114,169
655,171,115,172
655,168,117,174
654,165,118,176
653,162,119,179
653,159,120,181
652,156,121,184
651,153,122,186
650,150,123,188
651,150,124,189
651,150,125,191
651,150,126,192
652,149,127,193
652,149,128,194
652,149,129,195
653,149,129,197
653,149,130,198
653,148,131,199
653,148,132,200
654,147,133,201
654,146,133,202
654,145,134,202
655,144,134,203
655,143,135,204
655,147,135,204
655,151,136,205
655,155,136,206
655,158,137,207
654,162,137,207
653,165,137,208
651,168,138,209
649,171,138,209
647,174,138,210
645,177,139,211
643,179,139,211
641,182,139,212
637,183,140,213
633,184,140,214
629,185,140,214
630,181,142,215
630,178,143,216
631,174,145,217
631,170,147,218
635,166,145,217
639,162,143,216
643,158,141,214
646,149,141,214
649,140,141,214
652,131,141,214
654,132,142,213
655,132,142,212
657,133,143,212
660,134,142,208
666,140,141,204
672,146,140,200
677,152,139,197
683,158,138,193
689,164,137,189
694,170,136,185
695,176,135,181
696,182,133,178
697,188,132,174
697,191,131,170
697,194,130,167
697,196,130,164
697,199,129,160
697,202,128,157
696,204,127,154
696,207,126,150
697,206,126,148
699,208,125,146
701,209,124,145
703,211,123,143
705,212,122,141
707,213,121,139
709,215,120,137
711,216,119,135
713,218,118,134
714,219,121,128
721,220,123,128
727,222,125,127
725,220,124,127
730,223,127,126
741,221,126,125
751,222,129,125
764,222,132,124
779,218,135,124
780,218,138,123
797,218,141,122
818,211,138,126
827,210,151,128
837,208,155,132
825,205,182,144
825,206,186,144
817,207,198,148
795,208,226,159
758,210,258,167
720,214,313,193
683,219,367,235
687,220,369,239
642,227,422,278
584,236,503,313
498,262,551,335
404,266,581,344
340,289,549,324
342,292,532,324
291,268,501,342
289,276,459,318
287,285,389,278
292,286,343,285
310,291,296,272
313,291,292,272
323,291,262,250
332,292,239,249
337,292,225,229
337,292,217,222
336,291,208,215
336,291,203,211
335,290,199,207
342,286,190,210
351,283,189,207
360,281,188,204
370,278,187,201
374,280,183,199
383,273,186,200
393,266,189,201
403,260,192,202
405,252,194,205
407,245,196,207
406,245,201,210
400,241,208,218
394,238,216,227
388,235,223,235
377,235,237,251
366,234,252,268
367,238,256,269
368,241,272,278
