344,183,261,267
354,167,270,267
357,170,270,263
363,155,283,262
375,150,287,251
380,143,303,250
393,137,310,243
403,129,321,241
407,129,317,246
424,121,318,245
442,121,325,241
452,110,339,249
456,110,342,244
460,111,346,240
464,112,349,235
468,113,352,231
473,109,352,233
468,108,360,242
466,118,364,231
464,119,368,229
462,121,372,228
461,123,377,227
462,128,378,224
463,133,380,221
460,138,386,213
457,144,392,206
458,143,391,209
446,149,399,204
442,154,404,198
442,156,404,200
438,159,401,198
434,160,401,193
428,160,405,188
424,161,399,184
413,165,397,180
404,169,396,176
393,176,394,171
388,182,393,167
383,189,392,164
378,195,384,160
374,202,377,157
368,210,375,149
363,219,367,143
364,223,360,139
366,228,354,135
367,233,348,131
369,238,342,127
373,241,333,117
377,244,324,115
382,247,313,107
386,247,309,107
387,251,301,93
396,251,289,89
399,252,284,85
408,251,274,84
412,249,268,81
413,249,267,82
419,248,256,79
421,245,251,76
428,245,242,73
430,242,241,72
435,241,231,70
434,241,232,70
442,238,224,67
447,237,217,67
453,237,211,65
455,236,210,65
462,235,201,65
461,235,203,65
465,240,199,63
472,242,190,64
472,248,184,60
475,252,181,57
480,255,174,57
480,255,174,56
484,258,170,54
487,260,166,52
492,263,162,52
495,266,159,51
502,267,152,53
504,268,152,53
505,277,146,48
504,278,145,50
500,280,147,52
496,285,148,53
494,286,145,54
494,287,147,53
490,289,148,53
490,291,143,52
488,292,145,54
481,292,151,53
482,291,142,53
481,290,146,56
478,288,140,54
473,287,142,52
474,285,139,53
466,284,138,54
466,282,136,53
467,280,135,52
462,279,133,52
457,277,132,51
453,276,130,52
449,276,129,52
446,276,127,52
445,277,124,49
442,280,124,51
438,282,123,52
434,285,122,53
431,288,122,55
435,295,113,53
435,295,116,57
437,304,112,54
439,313,111,55
441,322,109,55
442,331,102,60
442,341,97,60
441,343,97,60
445,352,98,60
447,365,94,60
451,373,95,63
455,387,89,61
461,395,88,61
462,397,89,61
468,406,84,64
474,415,84,64
478,427,84,64
486,434,81,66
494,446,81,66
498,446,77,65
504,452,74,66
514,467,75,63
524,479,74,60
534,492,74,58
555,505,62,53
554,507,63,52
563,514,60,54
569,523,66,54
578,528,74,55
589,536,75,53
607,543,62,44
609,542,62,46
625,546,63,46
641,549,61,47
656,550,65,49
674,554,73,50
690,558,71,49
694,557,71,50
712,557,70,51
729,560,72,49
742,557,82,51
768,556,67,52
784,560,74,46
787,559,71,48
816,558,66,49
835,556,65,51
853,555,67,50
874,555,71,49
895,553,63,49
894,552,64,50
915,551,62,51
933,549,67,51
953,546,65,50
973,543,64,48
993,539,61,48
994,539,62,47
1014,534,61,48
1033,530,62,48
1053,524,59,49
1069,517,63,51
