366,218,188,183
362,213,186,190
365,212,189,197
363,209,199,196
359,202,212,206
353,201,228,208
356,198,242,217
356,196,248,215
357,194,249,217
361,197,256,214
358,194,267,222
361,191,284,228
364,193,297,223
369,184,302,226
370,184,302,225
369,181,307,225
369,179,313,226
372,177,316,224
375,174,319,222
378,172,322,220
381,170,326,218
389,166,353,216
397,162,352,214
406,159,350,212
414,155,349,210
421,152,357,207
422,147,362,205
423,142,367,204
429,144,376,216
425,130,392,214
420,144,416,198
418,130,402,202
413,135,411,199
409,141,421,196
405,147,421,193
397,148,438,198
403,155,425,186
399,163,429,178
396,166,430,175
395,165,430,172
387,171,435,166
387,158,439,172
380,170,433,163
384,176,441,145
386,173,434,148
382,177,435,141
386,177,432,140
389,180,418,133
394,169,414,134
382,169,409,140
384,170,408,137
383,173,403,119
385,166,387,118
378,159,386,112
367,151,387,114
368,145,384,110
366,146,382,108
366,139,375,111
356,143,386,106
362,146,383,105
380,149,366,114
399,161,347,111
395,160,355,113
394,173,355,109
407,183,342,113
424,196,324,110
425,209,326,109
428,222,314,111
428,222,317,110
433,236,310,104
437,248,305,114
441,262,300,111
445,276,295,108
451,290,288,108
452,289,287,107
450,300,286,107
460,310,275,102
455,314,285,104
457,313,275,107
460,313,266,109
463,310,262,110
461,308,258,106
453,305,252,101
446,302,247,96
438,299,242,91
431,296,237,86
429,296,238,85
426,299,230,83
422,301,223,82
420,302,217,82
416,303,221,87
415,308,200,84
415,309,202,82
412,308,200,86
409,308,198,87
408,309,203,93
404,312,192,94
401,307,191,100
401,309,193,99
396,312,199,97
388,309,202,102
383,306,197,101
379,304,193,100
375,302,188,100
370,300,184,99
366,298,180,100
362,295,163,104
355,295,171,110
347,302,162,109
338,313,161,112
333,315,170,111
332,324,138,116
316,338,163,115
311,352,167,111
316,366,144,111
317,380,136,99
317,379,136,100
323,391,130,94
336,396,124,90
342,399,127,92
345,399,133,95
350,399,134,91
351,399,134,93
350,397,133,90
351,394,139,90
352,391,141,91
353,391,152,91
355,392,147,94
358,391,145,96
