675,131,352,470
685,141,340,468
687,142,348,471
689,144,357,474
691,146,366,477
694,148,361,479
697,150,356,480
700,155,353,479
696,158,356,476
692,162,358,473
689,166,361,470
682,167,363,466
676,167,365,463
669,168,368,461
666,165,369,458
662,162,371,454
659,153,372,457
655,144,374,459
652,135,384,463
654,126,400,479
655,130,395,470
658,137,407,470
661,145,412,470
663,154,417,471
656,165,432,464
651,171,438,469
654,171,429,469
673,176,425,473
675,182,439,465
681,189,449,459
687,185,435,458
677,182,455,453
679,180,450,454
676,177,455,441
668,166,470,442
662,158,480,438
660,145,478,446
664,128,467,452
669,129,474,450
672,114,469,453
675,99,465,456
