250,112,699,453
249,73,710,465
265,46,702,461
253,19,715,458
254,13,710,452
256,7,705,446
256,4,712,420
256,2,719,393
257,0,727,367
254,0,719,372
267,0,708,362
258,0,713,359
271,0,697,350
259,0,705,361
286,0,675,341
334,0,624,327
353,0,608,317
356,0,596,314
393,0,555,310
440,0,514,279
448,0,494,277
499,0,438,254
519,0,414,237
522,0,407,234
538,0,386,230
561,0,379,200
604,0,343,181
626,0,323,155
655,0,288,133
662,0,280,129
678,0,219,102
705,0,170,72
731,0,127,46
727,0,128,45
723,0,130,45
719,0,132,44
715,0,133,44
712,0,135,43
708,0,136,42
704,0,138,42
700,0,139,41
696,0,141,41
692,0,143,40
688,0,144,39
684,0,146,39
680,0,147,38
676,0,149,38
672,0,151,37
669,0,152,36
665,0,154,36
661,0,155,35
657,0,157,35
653,0,158,34
649,0,160,33
645,0,162,33
641,0,163,32
