900,219,152,166
898,220,152,165
897,221,152,164
896,221,152,164
895,222,151,164
894,220,152,166
893,219,152,168
892,218,152,170
891,216,152,172
890,215,151,174
889,214,152,176
886,214,154,177
879,215,160,176
881,215,157,178
879,215,158,179
876,216,159,179
874,216,161,180
871,216,162,181
868,216,163,181
866,217,165,182
863,217,166,183
861,215,167,183
859,212,168,184
857,210,169,184
855,207,170,184
852,204,170,184
850,202,171,184
848,200,172,185
846,197,173,186
844,195,174,186
842,193,175,187
841,187,175,188
841,182,176,190
841,177,176,191
841,171,177,193
841,166,177,194
838,165,178,195
834,165,178,195
831,165,179,195
828,164,179,196
822,167,180,197
817,163,185,202
817,163,183,200
817,164,182,198
817,165,180,196
815,165,182,197
813,164,183,198
811,164,185,198
808,163,186,199
806,162,188,199
803,165,190,201
804,161,191,202
805,158,192,203
806,155,194,204
807,152,195,205
805,152,197,207
803,152,198,208
804,148,200,212
804,145,201,215
803,146,203,215
805,145,200,216
810,147,201,217
811,148,201,218
813,149,201,219
815,150,203,221
817,151,205,222
818,152,207,223
820,153,208,225
822,154,210,226
824,155,212,227
826,156,214,229
830,156,215,229
834,156,217,229
838,156,219,229
843,156,221,229
847,156,223,232
851,156,224,235
855,156,226,238
860,156,228,241
864,156,230,244
863,157,231,242
867,162,232,242
871,168,234,243
875,174,235,243
879,180,237,244
883,186,239,245
887,191,240,245
889,198,244,246
890,204,249,246
890,206,252,247
889,207,255,248
889,209,258,249
889,211,262,251
888,207,264,250
887,204,267,250
887,200,269,249
886,197,272,249
885,194,274,250
885,190,277,251
884,187,279,252
884,184,282,253
882,186,283,252
880,188,284,251
878,190,285,250
872,191,289,249
868,194,287,251
860,199,287,251
853,203,288,251
847,206,289,251
842,210,291,252
837,213,293,252
832,217,295,253
820,226,298,250
808,235,301,246
796,244,303,242
779,252,306,244
775,253,309,246
761,256,312,248
747,259,315,250
735,261,318,252
722,263,321,255
688,265,351,245
685,268,350,243
658,270,372,244
656,272,371,245
652,275,366,243
636,277,377,244
620,280,387,244
629,283,377,239
620,285,383,236
599,287,402,245
592,279,405,251
582,281,414,251
573,277,422,249
564,274,430,248
554,270,434,253
544,258,439,265
535,246,444,277
525,234,449,289
500,221,469,301
505,209,459,313
484,189,487,335
486,169,493,367
479,151,532,408
478,132,545,455
458,110,573,413
450,114,582,414
433,105,616,398
408,106,634,450
408,119,633,447
408,132,628,462
405,134,648,490
391,134,655,486
401,138,654,493
399,140,656,495
397,142,659,497
