598,189,393,530
596,193,404,525
595,197,415,521
594,201,427,517
592,205,438,513
589,207,450,512
585,208,462,510
581,209,474,509
577,211,486,507
573,212,498,506
570,214,511,505
557,216,534,504
556,216,537,504
543,213,556,507
531,203,582,513
516,196,614,524
492,187,657,533
476,183,689,537
476,186,689,534
432,191,743,529
415,203,768,516
402,212,785,507
373,234,803,485
345,257,822,462
329,263,827,456
314,270,833,449
276,283,842,404
248,303,805,352
236,311,791,331
217,315,773,343
223,309,768,343
220,308,736,364
226,277,688,418
233,249,620,445
253,223,565,462
277,204,504,487
272,210,508,480
310,201,449,489
344,204,383,475
369,208,339,461
397,220,295,440
417,229,256,416
419,232,262,423
430,252,243,400
441,272,223,376
453,293,205,354
461,313,178,326
468,331,172,308
467,333,166,304
473,351,152,285
478,366,143,267
477,379,131,250
476,387,124,234
473,396,118,220
474,396,119,220
473,403,111,205
473,408,104,195
476,413,96,184
478,416,89,173
480,416,81,164
480,418,82,165
481,415,77,155
482,416,71,148
485,414,68,141
488,414,65,135
491,413,62,128
491,414,62,127
496,414,60,120
503,412,56,114
510,413,52,109
517,415,49,102
522,412,47,98
522,413,46,97
528,413,45,92
533,411,44,90
539,411,43,86
545,412,42,82
552,414,41,78
552,412,41,79
559,414,39,76
567,414,40,75
574,415,37,71
582,415,37,69
589,417,36,66
589,417,37,67
