783,274,69,37
783,274,62,32
776,272,68,36
770,270,75,40
765,268,82,44
765,269,81,43
765,271,81,42
765,272,81,40
764,274,81,39
764,275,80,38
764,276,80,36
764,278,80,35
764,279,80,33
764,281,79,32
763,282,79,31
760,282,83,31
756,282,86,31
751,282,90,32
748,282,93,32
744,282,97,32
740,283,100,32
736,283,104,33
732,283,107,33
728,283,110,33
725,283,114,34
722,284,115,33
719,285,117,33
716,285,118,33
712,286,120,33
709,287,121,32
706,288,123,32
703,289,124,32
700,290,125,32
697,291,127,31
694,291,128,31
689,292,128,31
683,295,133,32
678,298,139,34
678,300,138,34
679,303,137,34
678,303,137,35
679,303,139,36
680,304,141,36
681,304,143,37
683,305,145,38
685,308,146,33
687,307,144,34
687,306,147,33
688,305,148,34
688,304,150,35
687,303,151,34
686,302,151,35
686,302,151,36
679,302,157,37
683,301,148,43
679,301,149,44
676,302,149,46
672,303,150,48
668,304,151,50
664,304,152,51
660,305,153,53
657,306,153,55
653,306,154,56
649,307,155,58
645,308,156,60
645,309,156,62
643,312,158,60
643,314,157,62
643,316,157,63
647,317,153,65
646,316,155,65
649,316,151,69
651,317,148,72
655,317,147,77
643,318,154,82
649,317,148,82
648,316,149,84
648,317,148,87
661,319,134,87
676,321,118,88
670,328,124,96
678,325,123,107
679,326,122,104
680,327,121,101
682,328,120,99
691,328,118,99
696,326,117,99
707,324,112,96
713,322,109,98
714,319,110,97
715,317,109,97
716,315,108,97
716,312,107,98
717,310,106,98
718,308,105,99
718,311,106,93
718,315,107,88
717,316,109,87
716,317,111,86
721,318,103,85
721,319,103,84
724,317,100,86
727,316,97,87
729,314,94,91
731,312,91,95
732,314,90,94
734,314,87,91
736,315,85,89
736,316,83,92
736,321,82,90
736,325,80,90
737,329,79,88
738,328,80,94
740,331,76,89
740,332,76,93
738,335,75,91
738,337,75,92
739,340,74,91
737,339,75,91
736,341,73,91
735,343,71,91
734,346,70,89
733,348,69,87
730,351,69,84
730,353,70,84
728,352,68,84
723,354,67,85
719,353,67,84
714,353,68,85
711,355,67,83
711,355,67,86
706,355,67,84
703,357,67,83
701,356,65,83
697,355,69,84
697,359,63,78
696,359,64,78
695,360,62,75
692,362,63,72
690,364,64,70
689,363,62,66
688,362,62,66
687,361,62,66
687,359,62,67
686,360,62,65
680,359,68,66
