826,213,146,183
828,213,140,184
824,210,146,188
823,208,147,188
822,207,149,188
821,206,150,188
820,205,150,188
819,204,150,189
818,203,150,189
817,202,150,189
816,201,150,189
815,204,150,188
815,206,150,186
814,209,150,185
814,212,150,183
813,214,150,181
813,217,150,180
812,219,150,178
812,222,150,177
811,225,150,175
809,230,151,174
805,231,152,173
801,233,154,173
797,235,156,173
794,237,158,173
790,239,160,172
788,241,157,175
787,243,154,177
783,245,156,178
780,247,157,179
777,248,159,180
774,250,159,181
770,252,160,182
767,254,160,183
764,256,160,184
760,257,161,185
757,259,161,186
754,261,161,187
751,263,162,188
748,264,163,188
746,265,164,188
744,266,166,188
742,267,167,188
740,268,169,188
738,269,170,188
736,270,171,188
734,271,173,188
732,272,174,188
730,273,176,188
728,274,177,188
726,275,179,188
724,273,179,189
722,271,180,190
720,269,180,192
719,268,181,193
717,266,181,195
715,264,182,196
714,263,182,197
712,261,183,199
710,259,183,200
709,258,184,202
710,260,185,203
711,263,187,204
712,265,188,205
713,268,190,206
715,271,191,207
716,273,193,208
717,276,194,209
718,278,196,210
719,281,197,211
719,282,199,213
726,282,190,214
725,284,192,215
725,286,192,218
726,290,196,216
727,294,200,218
726,297,204,221
728,298,203,221
728,296,206,228
726,300,210,228
724,303,216,233
737,310,207,219
736,314,211,220
736,316,213,218
734,318,218,221
733,321,217,218
730,326,223,215
721,329,228,222
716,329,228,220
715,329,226,221
704,329,236,218
697,324,239,224
694,318,231,219
688,316,236,219
682,315,242,220
679,314,245,219
675,313,249,219
672,311,252,219
669,310,255,219
666,309,258,219
663,308,262,219
667,305,266,220
666,304,269,220
666,299,273,221
658,300,276,221
655,302,278,219
642,302,284,222
640,300,287,223
630,302,291,223
629,304,285,215
611,304,297,213
610,304,301,215
609,307,303,217
607,309,307,213
605,312,314,216
606,314,318,212
604,318,329,214
602,320,332,210
598,325,335,208
597,325,340,215
588,326,339,215
582,327,342,212
577,327,349,217
574,327,351,219
572,334,354,208
573,331,355,212
573,337,356,207
565,341,364,202
564,338,368,207
559,336,369,209
559,331,381,211
558,337,385,205
555,334,388,203
552,315,392,221
541,308,401,227
542,300,403,236
546,278,404,246
548,272,408,253
550,252,408,272
547,223,415,307
550,194,418,346
541,174,443,405
536,175,445,403
531,175,447,401
518,186,457,355
501,194,477,335
467,198,513,315
465,202,517,304
464,209,526,322
467,209,521,319
461,218,534,314
458,225,544,312
455,234,553,312
449,238,564,305
454,238,569,303
455,238,569,307
447,243,575,299
439,241,591,299
426,247,598,294
410,249,603,287
394,260,618,279
389,257,618,279
365,261,626,269
334,268,639,267
308,280,645,254
282,281,654,255
267,285,656,256
270,284,659,252
251,285,670,253
243,290,679,235
236,291,682,234
218,296,684,222
