563,120,225,150
555,118,221,148
550,119,222,147
545,120,224,147
540,121,225,146
535,123,227,146
531,124,229,144
530,126,229,143
529,128,230,142
528,130,231,141
524,135,232,140
525,137,227,140
524,143,233,139
518,150,237,137
519,159,236,136
519,156,237,139
518,164,239,136
513,170,239,133
508,176,242,135
502,184,245,131
503,188,243,133
500,189,245,129
501,191,246,128
506,193,242,133
510,197,244,128
517,200,245,124
521,202,247,123
525,205,250,122
536,210,256,120
551,216,256,116
567,222,254,118
578,229,255,117
580,231,255,114
583,233,255,112
586,235,255,110
589,237,255,108
586,239,255,100
582,237,255,98
579,235,255,96
576,234,255,94
573,232,256,92
575,231,256,90
571,227,259,84
577,220,255,83
578,212,254,85
577,211,256,85
583,204,256,85
587,198,252,81
596,192,251,83
596,189,254,77
600,184,255,79
597,184,260,79
604,179,255,82
602,176,262,77
604,175,257,73
606,172,256,71
603,170,257,72
600,169,259,73
596,166,253,71
589,164,251,71
577,162,255,69
564,161,256,66
545,161,249,65
544,161,247,65
531,156,250,68
509,156,252,68
492,157,245,69
475,166,247,62
458,170,252,62
457,171,253,63
449,175,244,60
435,181,245,54
427,184,244,56
421,186,240,57
419,185,239,60
418,186,241,58
417,185,235,56
414,183,237,56
415,181,234,56
416,179,233,58
422,179,232,59
419,181,232,56
426,183,228,55
432,186,226,51
438,189,225,51
445,194,226,53
453,198,218,56
452,199,219,55
459,203,220,57
464,210,215,63
470,218,212,61
474,225,209,60
477,231,206,61
477,230,207,62
477,236,209,64
479,240,208,68
479,249,206,65
479,252,203,70
479,261,203,73
480,259,202,73
481,270,200,74
481,277,195,78
481,287,192,81
482,297,189,80
484,308,187,80
483,310,188,80
486,319,183,80
487,332,184,83
491,342,182,83
484,348,191,86
487,360,188,84
485,357,187,89
485,365,185,89
486,373,183,89
487,381,181,89
488,387,172,86
488,395,172,88
487,399,175,88
489,404,169,90
489,417,164,89
490,433,164,88
491,441,159,96
496,449,155,107
497,450,155,105
499,462,150,113
511,471,135,120
504,480,140,107
504,484,132,107
500,485,132,110
500,483,132,110
497,488,131,100
492,484,123,102
486,484,126,106
480,481,123,107
469,480,128,109
465,480,133,108
467,480,121,108
461,479,121,107
453,479,119,105
447,479,118,105
439,482,118,100
441,481,116,103
433,482,114,100
427,482,111,96
421,483,110,94
415,483,111,90
412,482,109,89
408,481,108,88
405,480,108,88
402,479,108,88
399,478,108,88
397,476,106,89
395,475,105,90
393,474,104,92
393,471,103,94
