596,229,226,172
592,223,233,177
586,219,235,175
581,215,236,173
576,212,238,171
571,208,239,169
568,205,237,169
558,200,249,171
557,198,247,174
556,197,245,177
551,198,261,173
548,196,265,174
546,195,269,175
543,194,273,176
541,193,278,177
538,191,282,178
536,190,286,179
533,189,290,180
531,188,295,182
532,189,297,176
531,193,305,178
531,194,308,178
531,194,313,177
531,194,318,177
531,195,323,177
531,195,328,177
531,196,332,176
531,196,337,176
532,197,347,177
534,197,353,175
537,197,359,173
539,195,365,178
538,193,369,177
538,191,373,176
537,189,377,175
536,189,384,176
535,189,391,176
534,189,398,176
533,189,405,177
532,189,412,177
532,190,419,178
532,190,422,177
532,191,426,176
533,192,430,175
533,193,434,174
534,194,438,173
534,195,442,173
534,202,444,169
533,208,446,165
533,214,448,161
533,221,451,157
537,218,443,162
531,222,447,154
523,224,458,148
518,224,467,139
516,222,470,141
517,220,469,131
518,219,468,130
520,218,468,129
525,218,461,126
519,222,478,121
531,224,467,114
540,231,467,112
536,231,471,112
542,239,466,109
547,244,459,109
559,252,453,106
557,259,450,103
555,262,448,103
556,262,450,105
547,264,444,110
549,269,434,106
548,269,428,101
549,262,422,97
551,254,417,98
552,253,416,98
552,249,407,99
555,245,398,101
552,246,386,102
550,254,380,101
547,264,368,100
548,261,362,105
549,273,346,105
556,281,340,110
564,288,333,109
575,289,324,109
580,285,316,109
585,281,309,109
590,277,301,109
595,273,294,109
600,270,287,109
605,271,277,104
619,268,260,103
619,268,261,103
624,267,252,104
632,264,240,104
631,261,233,106
623,258,231,110
626,256,220,108
624,257,220,108
624,259,216,109
626,256,206,109
634,255,194,110
642,256,185,114
647,263,175,112
655,264,170,112
663,266,165,112
671,268,160,112
686,277,150,106
696,282,143,105
703,290,127,111
701,288,128,110
722,292,128,106
735,296,113,98
742,297,111,94
755,299,109,94
769,299,108,88
769,298,103,89
778,298,102,85
786,301,98,83
795,305,94,82
805,309,84,75
807,313,83,75
807,314,82,76
809,318,79,72
810,321,79,76
811,326,77,72
810,329,77,71
810,330,74,72
810,331,75,72
808,332,74,73
807,334,70,70
805,334,70,71
804,335,70,71
801,336,67,70
802,336,67,70
799,336,66,70
795,337,65,69
791,340,64,68
786,342,66,69
781,347,64,69
782,345,62,72
779,349,58,70
776,352,56,68
772,354,57,68
