530,157,240,436
531,163,242,428
532,169,244,421
533,176,246,414
534,182,249,407
535,188,251,399
536,195,253,392
536,198,254,385
536,202,255,378
536,206,256,371
537,210,258,364
547,210,250,357
538,217,264,352
538,218,265,349
539,219,266,346
539,220,267,343
540,221,268,340
541,222,269,337
543,219,270,336
545,216,272,335
548,214,274,335
548,209,274,337
549,205,275,340
549,201,276,342
550,196,276,345
550,192,277,347
551,188,278,350
551,184,276,352
551,180,275,353
551,177,273,355
551,173,272,356
551,169,270,358
551,166,269,360
551,165,269,360
550,164,270,361
550,163,271,362
549,162,273,362
547,160,274,361
546,159,276,360
545,161,277,358
544,164,278,357
542,163,281,359
540,163,285,362
539,162,289,365
537,162,292,368
536,161,296,371
534,161,300,373
532,160,303,376
531,160,307,379
529,159,311,382
528,159,315,385
528,159,315,386
528,159,316,387
528,159,316,388
528,159,317,390
528,159,318,391
528,159,318,392
528,159,319,394
528,159,319,395
528,159,320,396
528,159,321,398
530,157,321,397
533,155,322,398
536,153,322,398
538,152,323,398
541,150,323,398
544,148,324,397
546,147,324,398
549,145,325,398
552,143,325,398
555,142,326,398
558,139,327,396
557,137,328,395
555,134,329,394
554,132,330,393
551,132,330,392
548,132,329,391
546,132,329,391
543,132,328,390
540,132,328,389
538,133,328,389
538,133,328,388
538,133,329,388
538,133,330,387
538,134,330,387
538,134,331,386
539,136,331,385
540,139,332,384
541,141,332,383
542,143,332,382
543,146,333,382
546,145,333,380
550,144,333,379
554,144,333,378
557,143,333,376
561,143,334,375
565,142,334,374
569,142,334,372
572,141,334,371
573,141,334,370
574,142,335,369
578,144,334,366
582,147,334,363
586,150,333,360
590,152,333,358
595,155,332,355
599,158,332,352
603,160,331,350
607,163,331,347
611,166,330,344
616,169,330,342
619,171,329,337
622,174,328,333
625,177,327,329
628,180,326,325
631,183,325,321
634,185,324,316
637,188,323,312
640,191,322,308
643,194,321,304
647,197,321,300
648,201,320,295
649,206,320,290
650,210,319,285
651,215,319,281
652,219,319,278
647,225,319,270
642,231,318,262
637,237,318,255
632,243,318,247
631,245,319,242
619,252,323,237
618,253,325,229
613,253,328,224
607,254,332,219
602,254,335,214
605,252,338,212
608,250,341,210
611,248,344,208
614,246,347,205
616,244,350,203
618,242,351,200
617,240,359,198
616,238,366,196
616,237,373,194
616,228,377,204
616,219,380,214
616,212,383,223
617,205,386,232
607,190,390,255
598,176,393,278
589,157,409,320
578,149,444,325
570,137,449,292
568,133,451,301
552,132,444,275
520,139,467,294
492,138,480,301
464,138,502,323
435,147,518,317
436,151,517,308
407,146,540,328
395,149,547,336
388,153,563,343
387,160,576,355
394,165,587,368
393,170,589,361
403,179,587,371
413,188,586,381
416,199,586,379
422,202,580,386
421,201,585,397
419,203,588,396
434,201,583,400
449,199,578,404
465,197,573,414
479,200,564,410
489,198,553,407
490,201,549,401
