322,83,853,634
319,78,856,630
315,84,879,624
316,84,871,621
325,83,886,629
330,74,888,636
304,55,929,665
292,43,953,677
281,33,962,687
290,30,955,690
298,22,952,695
303,12,956,708
309,19,946,701
320,29,958,691
327,32,952,688
330,34,950,686
342,34,938,686
344,28,934,692
339,15,941,705
341,0,939,720
336,0,943,720
332,0,948,720
345,0,935,720
346,0,934,720
345,0,935,720
346,0,933,720
348,0,930,720
350,0,929,720
352,0,927,720
354,0,925,720
955,190,83,151
954,191,83,150
954,192,84,150
953,193,84,150
953,194,85,150
953,195,85,149
952,196,86,149
952,197,86,149
952,198,87,149
951,200,87,148
951,201,88,148
951,202,88,148
950,203,89,148
949,204,90,148
948,204,91,148
947,205,92,148
946,206,93,148
945,207,94,148
944,208,95,148
943,209,97,149
941,210,97,148
940,212,97,147
939,213,97,146
938,215,97,145
937,216,98,144
936,218,98,143
935,219,98,142
934,221,98,141
933,222,98,141
932,223,99,141
930,223,99,140
929,224,99,140
928,224,99,140
926,225,99,140
925,225,99,140
924,226,99,140
922,227,99,140
921,227,99,140
920,228,99,140
919,228,99,140
918,224,100,141
917,220,101,143
916,217,102,145
915,213,103,147
914,209,104,148
913,205,105,150
912,200,106,151
910,195,107,152
909,190,108,154
908,185,109,155
907,185,107,148
904,182,108,150
902,180,110,153
900,178,111,156
897,175,113,159
895,173,114,162
893,171,116,165
890,168,117,168
888,166,119,171
886,164,120,179
884,162,118,174
882,160,120,176
880,159,122,178
878,158,124,180
876,157,127,183
874,156,129,185
872,154,131,187
870,153,133,190
868,152,136,192
866,151,138,194
866,149,134,197
863,148,136,199
860,147,138,201
858,146,140,204
855,145,142,206
852,144,144,208
850,144,146,211
847,143,148,213
847,139,151,216
843,138,155,221
843,142,154,224
840,144,156,221
837,146,159,224
835,148,162,227
832,151,165,229
830,153,168,232
827,155,171,235
825,152,174,237
823,157,176,238
819,157,178,242
815,163,179,242
809,159,188,245
805,159,189,250
804,160,191,249
798,161,194,257
793,161,198,257
792,159,200,261
790,157,205,265
788,158,208,264
786,158,212,266
788,161,214,264
792,154,214,268
797,152,212,266
802,150,210,267
799,151,214,270
798,150,216,270
799,158,222,268
633,344,20,29
633,349,20,27
632,350,20,28
632,352,21,29
631,353,22,30
631,355,23,31
631,356,24,33
630,358,25,34
630,359,27,35
629,360,28,37
628,362,29,39
628,363,30,41
627,365,31,42
627,366,33,44
626,367,34,46
625,369,35,48
625,369,36,49
622,369,41,53
620,369,45,56
617,369,49,59
615,370,54,63
608,362,66,79
609,364,66,74
604,356,76,90
603,348,86,105
592,333,109,127
570,305,152,164
525,244,246,240
525,249,245,235
0,0,1280,526
0,0,1280,564
0,0,1280,603
0,0,1280,642
354,0,550,488
376,0,530,459
511,203,240,227
566,270,140,144
578,300,110,104
589,307,86,89
591,309,79,84
591,310,77,83
593,310,73,80
591,306,73,80
597,306,64,77
598,305,62,77
602,305,50,77
605,304,46,79
608,303,42,77
611,303,38,71
608,306,39,69
608,309,39,66
604,309,45,64
604,312,45,62
604,315,44,59
604,317,43,56
604,320,42,54
604,323,42,51
604,325,41,49
605,328,40,46
605,331,40,45
605,333,40,43
606,336,41,41
606,339,41,40
851,387,146,147
854,388,147,149
825,376,141,166
784,358,146,168
758,349,142,167
721,335,149,166
682,322,164,170
671,319,180,175
649,311,174,173
627,306,173,171
605,296,161,168
580,288,172,168
555,281,183,168
554,281,186,171
537,273,178,168
514,268,185,169
506,261,182,168
494,256,185,171
487,253,181,167
480,251,192,172
480,246,195,169
477,243,195,167
469,236,202,171
464,231,210,176
467,226,208,177
465,225,214,180
468,222,217,178
471,219,220,177
475,216,224,176
484,214,223,174
495,211,226,171
492,209,228,169
498,207,229,169
504,204,230,169
508,202,231,167
518,203,230,167
521,206,234,167
522,205,233,167
525,209,239,166
529,210,241,169
531,213,247,169
532,210,248,170
533,210,256,173
532,210,255,168
527,209,262,171
522,208,269,173
521,211,276,172
518,214,282,172
514,220,289,169
516,219,285,171
519,225,297,173
515,229,303,170
510,226,314,174
503,226,320,173
502,226,333,167
503,226,338,174
507,224,342,171
511,223,347,168
516,221,352,165
520,220,357,162
525,219,362,160
522,215,367,166
524,219,365,159
526,223,363,154
528,228,361,148
526,232,363,146
524,237,365,145
522,241,367,144
520,246,369,143
516,253,369,141
513,261,370,139
507,270,366,137
507,277,362,133
508,283,358,129
512,284,350,133
517,285,343,126
521,285,335,118
526,284,333,117
529,281,329,114
532,278,325,111
535,275,321,108
539,273,318,105
542,270,309,101
542,271,316,95
544,272,312,90
544,273,308,89
550,271,296,85
553,272,293,84
553,269,296,81
558,267,274,78
555,263,273,79
555,262,269,75
556,261,266,71
557,261,263,68
553,256,256,67
550,253,248,66
548,250,243,66
546,252,244,65
544,245,244,65
546,244,235,67
544,244,224,68
541,240,218,75
543,242,212,74
545,244,207,74
547,246,201,73
550,248,196,73
552,250,190,72
554,252,185,72
557,254,180,70
559,256,175,69
562,258,170,68
566,261,170,66
569,265,162,64
575,264,157,66
581,264,150,67
581,263,149,66
586,265,148,66
588,265,146,66
591,265,145,67
593,265,143,67
596,265,142,68
593,265,143,68
591,266,144,69
588,266,145,70
591,267,144,73
593,267,143,75
595,268,141,77
599,271,131,76
603,275,126,75
607,279,122,74
610,285,125,74
617,287,119,79
623,292,118,77
622,291,118,78
630,291,117,81
636,295,118,79
643,294,110,82
649,296,108,84
656,297,108,83
657,295,107,81
668,299,101,83
675,300,99,87
689,300,93,84
701,302,88,84
708,308,92,71
711,308,87,71
709,315,97,61
712,319,90,56
714,322,92,54
716,326,91,54
721,328,86,55
723,328,85,56
725,328,84,57
728,329,83,59
730,329,82,60
732,332,81,59
733,336,80,58
735,339,78,58
737,342,77,57
738,346,76,56
737,350,77,57
736,354,76,56
736,358,75,56
735,362,74,55
735,366,73,55
735,370,70,53
732,375,69,53
731,381,65,53
729,385,67,55
729,385,66,54
730,393,65,55
728,397,64,53
726,402,62,52
724,406,61,51
721,409,59,50
721,410,59,50
718,413,56,52
714,418,56,52
711,423,54,49
707,427,54,51
704,432,51,50
703,431,51,49
699,436,50,46
696,439,48,45
692,440,49,46
688,443,49,45
685,446,47,45
685,446,48,45
682,449,47,44
680,452,46,44
679,456,45,44
677,460,41,43
675,463,40,43
675,464,39,42
672,467,39,42
670,471,38,41
668,474,37,40
663,476,38,40
662,478,37,40
661,478,38,40
659,482,38,39
