346,123,438,593
351,138,437,582
352,135,437,584
353,142,438,577
354,150,438,569
354,159,440,559
354,168,441,549
354,177,442,539
355,186,444,529
365,205,438,509
366,222,438,497
364,246,430,473
359,275,444,445
376,301,423,418
375,304,420,415
382,337,408,382
464,358,323,361
511,389,265,327
523,399,251,316
531,406,243,314
531,409,248,310
541,416,231,303
545,425,228,290
554,423,220,297
561,427,211,292
568,426,201,292
572,426,198,293
578,426,189,293
586,425,180,294
597,428,166,287
605,424,161,279
613,419,151,266
617,419,147,261
625,415,137,245
633,412,126,229
641,408,116,213
649,405,106,197
650,403,102,182
651,402,102,179
653,398,96,167
657,395,91,164
657,394,90,144
660,392,84,134
661,389,79,132
662,389,78,134
661,386,74,130
662,384,69,120
661,381,66,113
661,381,65,107
659,378,60,100
659,378,63,102
656,377,62,94
655,375,59,90
654,374,57,87
654,372,55,83
653,371,53,79
653,369,50,77
652,368,48,75
652,366,46,72
651,365,44,70
651,364,42,68
