490,132,349,563
481,138,364,554
480,139,365,545
477,130,366,547
479,120,371,552
480,119,370,551
489,105,367,562
494,86,371,571
499,73,376,571
506,55,376,578
508,29,391,597
508,33,392,591
509,21,399,594
512,15,402,596
511,15,404,602
513,12,400,609
520,13,393,622
511,3,400,628
508,17,407,625
506,14,406,649
504,25,408,654
502,37,412,646
498,53,417,657
491,53,424,659
498,71,417,645
506,89,411,631
516,96,405,623
525,103,398,616
535,110,392,609
537,104,386,605
545,107,387,612
549,112,386,606
554,118,385,601
559,123,385,595
564,129,384,590
569,135,383,584
581,137,382,582
594,139,380,580
606,142,378,577
618,144,376,575
630,146,374,573
636,146,377,573
641,146,381,573
647,146,384,573
641,148,406,571
641,150,412,569
641,152,417,567
642,154,422,565
642,156,427,563
643,159,433,560
643,161,438,558
651,152,429,568
650,144,421,576
629,135,436,584
609,127,452,592
588,119,468,600
568,111,483,608
553,96,486,623
538,89,489,614
534,91,494,616
519,84,492,616
507,84,496,598
497,81,494,588
479,98,501,560
463,100,503,546
471,90,489,552
458,101,493,530
447,100,491,518
436,98,483,513
426,100,474,503
417,96,489,506
412,91,498,516
410,92,497,509
407,97,494,508
402,107,496,498
395,115,507,492
390,120,502,490
386,120,506,488
375,126,518,482
360,128,528,480
349,131,544,480
340,132,550,479
332,134,557,479
324,136,564,478
311,134,586,477
297,132,608,476
285,129,626,481
274,126,645,485
290,129,625,476
306,133,606,466
317,142,592,445
326,152,575,442
322,156,608,434
340,166,625,421
356,172,648,408
360,174,648,410
365,177,649,412
369,199,667,394
373,205,665,392
377,195,650,405
382,186,635,419
391,186,631,420
401,168,609,441
381,156,626,457
382,160,607,465
384,164,583,474
393,169,554,425
403,170,540,431
375,180,560,352
352,185,567,357
339,191,569,347
314,191,564,352
276,187,572,361
274,185,569,359
237,181,572,350
207,182,579,355
180,179,565,345
162,174,554,344
154,178,531,336
151,177,535,337
152,179,521,331
160,185,498,319
183,192,475,313
