194,3,795,713
190,0,779,720
182,3,780,716
176,0,759,719
168,0,756,719
163,0,759,713
158,0,746,718
151,0,738,712
147,0,726,720
138,0,716,720
120,0,723,717
116,0,719,715
119,0,702,715
120,1,686,716
120,14,683,701
113,0,685,719
89,20,709,700
88,15,700,700
96,28,684,687
116,117,652,603
123,150,649,566
124,179,643,532
125,207,640,513
129,211,634,503
120,215,647,498
105,233,661,487
95,228,657,488
71,224,667,494
60,240,661,473
61,250,669,470
58,246,660,473
460,423,334,223
483,428,316,217
516,435,286,210
574,442,229,203
587,445,218,196
600,448,207,190
613,451,196,183
627,453,185,176
640,456,174,170
653,459,162,163
666,462,151,156
674,464,146,150
682,465,140,145
692,478,131,123
702,481,123,121
709,480,120,114
712,480,118,113
722,481,107,108
727,481,105,104
738,480,96,100
743,480,93,98
749,481,85,90
751,481,85,89
756,479,80,86
761,478,74,83
764,477,71,80
767,476,66,76
771,475,61,73
772,476,60,73
773,473,59,69
775,473,54,68
773,470,55,63
771,469,53,61
772,467,49,58
771,466,50,59
771,462,48,59
769,460,46,56
769,457,43,56
767,456,42,53
768,455,40,51
769,453,39,51
769,450,36,49
768,448,34,48
766,447,32,45
765,445,32,45
763,441,31,43
764,444,30,41
762,441,30,42
761,438,28,40
760,436,28,38
760,436,25,35
758,434,24,34
758,435,25,34
757,433,24,33
759,430,23,32
758,428,23,32
758,426,22,31
758,424,21,31
757,424,22,30
758,424,21,29
757,422,21,28
758,421,19,26
758,419,19,25
758,418,19,24
758,418,18,25
758,416,18,23
758,414,17,23
757,413,16,22
758,413,16,21
758,410,15,22
757,410,16,22
758,409,16,22
757,408,16,22
756,407,15,22
756,405,15,20
757,404,16,22
757,403,14,20
759,402,14,21
759,400,14,21
759,399,14,20
761,398,16,21
548,256,71,97
548,257,70,97
548,259,69,97
549,260,68,97
548,262,69,97
547,263,70,97
546,265,71,97
545,266,71,97
544,268,72,97
543,269,73,97
542,271,74,97
536,271,79,99
533,271,81,100
530,270,84,102
527,270,86,104
524,270,88,109
521,270,91,108
518,270,93,110
514,270,94,110
511,270,95,111
508,270,97,112
505,270,98,112
502,270,100,113
499,270,101,114
495,270,103,114
492,270,105,115
489,270,108,116
487,269,111,118
485,269,114,120
483,268,117,122
481,269,118,122
478,270,120,122
476,271,123,125
474,272,127,128
472,273,131,131
470,274,135,133
468,275,139,136
466,276,143,138
464,277,145,141
462,279,147,144
457,279,156,148
453,280,166,152
449,281,175,157
445,281,185,161
439,281,196,166
433,280,207,171
427,279,219,176
422,278,230,181
417,274,243,194
415,272,244,196
406,272,260,195
400,268,276,197
394,265,291,202
385,254,308,220
379,255,335,215
382,252,330,218
374,248,351,225
366,245,379,235
359,242,403,244
351,238,428,260
344,235,454,276
336,234,470,277
328,235,499,295
320,237,528,314
314,228,563,344
308,219,599,375
299,200,655,423
291,194,669,430
292,188,681,468
279,181,708,505
265,175,735,543
248,182,736,536
225,189,720,463
215,184,739,477
198,193,782,450
156,202,800,493
119,222,794,489
106,232,788,487
95,237,773,483
90,235,785,485
97,247,745,472
111,248,728,471
130,249,716,470
170,262,694,456
217,262,653,455
226,262,650,455
270,261,625,438
314,261,601,421
359,260,576,405
397,259,557,384
436,259,539,363
439,253,538,372
464,254,526,363
489,255,515,354
492,256,514,346
495,257,513,337
498,258,512,329
499,259,514,332
494,259,484,329
353,227,211,180
346,227,213,173
339,228,215,167
331,224,221,170
331,222,219,174
325,223,217,169
319,218,221,169
313,213,226,170
307,209,230,170
302,204,235,171
300,204,240,172
299,202,241,172
296,199,243,173
293,196,245,175
290,193,247,176
287,190,250,178
284,187,252,180
281,184,254,181
278,181,256,183
275,177,262,186
274,179,272,186
277,175,275,186
279,175,265,188
277,172,281,192
279,169,285,192
281,166,288,189
281,167,290,187
280,165,303,184
278,165,304,185
276,160,315,190
276,164,326,185
277,158,331,189
277,161,340,180
277,161,345,176
275,161,346,173
274,161,347,171
276,163,350,167
271,163,366,159
265,162,362,161
261,162,366,161
264,159,361,164
254,159,367,152
240,158,381,151
231,157,395,149
224,155,404,153
216,157,397,153
213,156,397,154
215,160,409,151
209,165,414,152
205,172,424,149
202,181,431,151
201,187,446,149
197,187,444,154
207,191,444,152
206,194,448,155
203,197,455,152
199,200,459,148
195,202,463,143
197,204,463,140
199,206,464,137
195,214,467,127
204,220,463,120
209,221,462,125
207,232,471,113
211,234,464,112
213,239,464,114
216,245,456,112
220,244,454,113
218,238,464,115
214,232,456,120
212,231,461,118
209,235,460,117
211,235,459,120
216,236,453,119
217,249,447,120
218,260,442,114
219,262,446,114
220,279,442,115
231,296,437,115
230,311,427,112
229,318,422,118
229,320,418,119
230,322,414,121
231,324,410,123
232,326,406,125
226,325,399,123
220,325,393,121
214,324,387,120
211,326,388,118
204,323,381,123
193,325,378,125
182,322,372,131
186,327,361,135
189,336,353,136
189,337,347,135
190,350,342,135
192,363,337,135
197,374,328,135
203,382,320,131
209,391,312,128
205,394,314,125
213,395,298,124
215,388,289,134
216,386,279,144
218,387,260,145
229,394,238,139
231,395,233,139
216,402,237,139
213,410,230,138
208,403,216,152
221,402,188,161
212,404,187,142
209,405,190,143
209,403,181,135
206,402,180,127
210,397,173,119
216,390,173,125
218,388,164,121
219,388,162,124
218,387,160,116
222,387,158,117
228,391,154,118
232,394,151,115
238,399,148,117
244,400,141,117
247,404,142,118
259,406,128,116
272,409,123,112
285,411,119,109
298,409,113,112
300,410,111,112
311,408,112,113
321,405,112,105
336,405,105,102
347,397,109,103
357,395,111,98
357,396,113,100
370,392,113,95
388,385,111,97
398,383,111,97
495,68,424,473
490,73,422,476
489,76,422,473
480,86,430,480
471,91,435,477
486,98,415,478
495,102,408,491
500,103,404,471
503,103,397,472
506,101,405,479
515,97,393,486
527,100,380,486
541,105,375,497
548,107,365,493
547,107,367,491
560,101,355,518
555,114,366,512
572,112,346,529
571,127,344,534
573,119,337,557
572,122,342,548
