695,198,205,296
680,199,217,300
677,207,219,302
673,215,220,303
673,214,220,305
666,223,224,302
661,228,227,306
654,231,234,310
647,228,242,317
639,219,248,322
640,221,250,325
625,205,268,331
620,191,278,344
620,180,290,351
619,170,309,363
623,159,322,376
620,161,328,376
627,156,343,387
632,152,365,399
630,142,391,416
638,135,406,441
617,132,436,457
615,133,439,461
584,135,481,478
550,142,524,515
495,146,578,530
428,147,649,564
357,141,740,578
351,139,754,581
328,127,797,592
305,115,840,604
275,114,926,605
222,104,1037,615
13,91,1266,628
11,92,1268,627
0,105,1280,614
0,131,1168,588
0,156,948,563
0,137,741,582
0,84,630,579
0,102,632,559
0,83,583,512
59,93,539,469
216,92,411,452
334,118,330,416
417,143,273,402
416,138,272,407
471,151,233,351
503,149,216,341
524,160,203,344
539,169,198,321
543,179,195,307
544,180,196,307
556,187,195,302
560,195,204,297
557,207,216,299
547,219,223,288
544,222,228,282
545,222,233,283
541,226,233,286
537,227,247,284
534,227,257,277
532,221,253,282
530,218,259,282
528,220,269,282
521,213,273,280
519,209,280,289
519,209,291,292
519,204,311,303
