605,96,192,480
604,97,193,477
603,98,195,474
602,99,196,472
601,103,198,466
600,108,199,460
599,112,201,454
599,117,203,448
604,132,196,434
605,142,195,425
605,142,195,427
601,164,210,399
604,182,206,379
607,197,193,362
605,211,191,347
604,221,187,336
606,218,183,344
604,233,182,326
600,239,188,316
597,243,184,310
592,246,196,301
596,242,184,299
597,242,182,298
598,243,175,288
595,240,173,290
575,245,189,286
574,244,191,286
573,242,193,286
572,240,194,286
571,238,196,286
571,237,198,286
571,230,198,288
571,224,198,291
571,218,198,294
571,211,198,297
572,205,198,300
572,199,198,302
572,192,198,305
572,186,198,308
572,180,198,311
572,177,198,314
579,175,192,306
577,167,199,314
576,168,204,310
578,169,204,308
581,171,204,307
583,173,204,306
586,174,204,304
588,176,204,303
591,178,204,302
594,180,204,301
595,181,203,300
597,183,202,299
599,185,201,298
600,187,200,297
602,189,199,296
604,191,198,295
605,193,197,294
607,195,196,293
609,197,195,292
611,199,195,292
611,200,197,292
612,201,199,292
612,202,202,292
613,204,204,293
613,205,206,293
614,206,209,293
614,208,211,294
615,209,214,294
615,210,211,294
616,212,209,295
616,211,214,295
616,211,219,295
617,211,224,296
614,211,232,296
616,211,229,296
618,211,226,297
620,211,223,297
622,211,220,297
619,211,229,298
623,209,226,295
623,207,225,296
623,205,225,298
624,203,225,299
621,201,229,302
618,199,232,305
616,197,235,307
613,195,238,310
610,193,241,313
605,197,242,309
601,202,244,306
600,204,244,307
598,209,245,308
598,207,245,309
597,209,246,310
593,215,246,310
596,212,247,311
595,214,247,312
594,215,248,313
593,217,248,314
592,219,249,314
596,215,253,314
599,212,256,314
598,203,260,314
606,197,264,314
609,194,267,314
611,192,271,314
614,190,275,314
617,188,278,314
620,186,282,314
623,185,286,314
624,185,286,316
626,187,287,317
619,190,287,319
622,191,288,320
625,192,288,321
627,194,289,323
630,195,289,324
632,196,289,326
635,197,290,327
638,198,290,328
633,200,296,328
631,198,302,328
626,201,308,327
630,200,313,326
616,206,319,326
621,210,325,326
614,213,330,326
607,215,336,325
599,217,342,325
592,219,347,325
592,212,353,330
569,219,358,335
559,227,382,328
549,222,385,334
550,227,388,327
551,232,390,321
543,225,408,334
543,223,423,335
557,229,420,334
559,225,425,333
562,222,431,333
565,218,436,333
572,214,440,335
579,210,444,337
586,206,448,339
588,201,457,338
590,196,467,338
592,192,476,337
594,187,485,336
596,183,495,336
588,183,509,322
577,183,525,326
529,183,571,313
517,183,590,309
502,183,601,317
486,181,612,324
478,181,623,332
482,182,633,339
487,182,688,347
491,183,697,354
494,208,723,361
475,228,764,343
459,233,778,345
462,222,772,371
443,220,766,377
424,216,816,384
429,187,772,423
379,159,786,452
364,130,761,471
348,98,736,511
332,96,740,533
322,94,750,541
332,103,714,513
318,114,723,430
332,125,704,438
348,142,680,436
365,158,657,456
361,163,662,451
390,174,638,430
403,183,620,443
407,173,603,437
412,168,595,439
416,158,570,425
412,154,576,431
401,145,568,424
395,133,549,429
389,127,542,437
388,124,528,429
402,129,516,439
404,122,515,448
429,138,490,432
438,145,505,442
444,156,516,450
465,161,506,459
489,162,491,467
489,161,489,472
499,162,482,480
477,165,495,486
467,169,487,486
465,170,471,498
442,165,467,503
435,172,471,498
