379,210,416,474
386,227,411,481
385,230,417,478
386,244,417,476
391,258,419,462
395,266,417,454
397,274,426,444
402,278,427,441
403,279,422,435
408,288,433,427
406,299,443,420
413,293,438,427
409,296,452,424
402,304,464,416
400,305,464,415
396,298,469,422
393,300,472,420
392,297,473,418
386,294,481,419
383,281,490,439
380,291,498,428
378,279,496,441
375,265,504,455
369,261,518,459
371,253,522,467
377,248,523,472
376,250,526,470
380,238,533,482
379,228,543,490
380,222,548,498
377,208,563,511
375,191,574,529
383,186,563,534
375,173,573,547
367,157,586,554
365,136,584,584
359,118,590,602
348,104,606,616
343,99,607,621
338,89,622,631
332,93,629,626
