533,125,372,593
531,106,365,612
531,107,363,609
531,108,361,607
531,110,360,605
530,109,357,603
526,135,372,579
523,162,388,555
519,189,404,531
515,205,399,513
511,222,394,496
502,212,393,504
493,235,397,484
578,187,192,387
580,194,176,378
578,205,174,375
581,210,173,374
581,212,173,371
585,217,170,366
588,218,172,359
582,218,184,354
580,214,193,355
579,210,192,346
578,213,206,352
576,209,194,350
575,207,202,352
580,194,199,356
583,177,195,357
579,161,203,359
580,161,203,359
580,156,209,362
582,159,208,363
582,166,206,363
578,183,211,362
581,182,209,358
579,183,210,355
578,181,209,354
574,186,211,344
574,188,216,340
577,196,214,329
578,199,208,325
578,201,206,322
578,201,202,327
578,201,202,330
563,188,213,330
556,160,220,343
552,139,229,347
552,144,228,339
550,127,232,343
548,117,236,347
551,113,236,340
554,108,238,342
557,113,237,337
564,120,240,340
563,123,241,341
567,130,240,341
571,134,237,342
573,141,238,344
574,145,234,343
574,143,234,344
567,147,238,337
562,129,240,344
560,106,243,351
567,106,240,340
567,105,250,327
570,104,250,328
578,113,248,327
584,128,253,318
591,138,248,312
600,143,244,311
607,144,243,311
609,145,239,313
615,141,239,311
620,137,240,316
618,129,246,317
628,131,238,311
635,129,236,309
638,128,232,307
638,129,239,301
643,125,235,303
643,125,231,298
643,127,232,296
645,131,231,291
647,134,232,302
638,132,233,294
636,130,230,295
637,129,224,297
641,132,223,295
647,133,224,294
649,132,221,297
650,136,223,298
654,148,220,294
658,160,215,294
655,173,225,282
660,160,217,292
662,161,216,290
658,157,217,288
658,172,217,275
659,167,219,281
659,163,220,286
658,167,218,287
658,170,217,285
661,171,214,288
670,190,210,277
674,181,208,282
677,184,210,279
676,184,212,276
676,187,214,273
684,185,210,274
688,187,209,273
690,183,207,278
689,183,207,274
685,183,207,271
687,186,206,271
678,183,208,274
681,176,202,283
682,183,199,282
678,189,202,278
676,188,205,280
675,189,205,280
675,187,204,282
672,187,208,276
675,181,208,280
676,183,223,274
687,171,212,282
687,172,212,281
690,167,214,281
697,167,217,279
699,152,226,290
707,149,226,284
711,144,234,285
715,142,228,286
718,137,236,284
717,135,253,287
706,128,262,297
706,135,266,292
705,140,261,292
706,146,260,287
703,156,255,277
693,171,258,275
683,187,255,266
675,204,254,259
662,212,259,259
663,215,264,262
640,219,272,268
628,230,284,265
616,240,297,260
609,245,308,263
594,245,327,264
598,243,329,266
570,234,377,287
545,219,440,316
500,205,529,344
440,203,666,377
347,222,789,380
334,216,808,392
206,239,933,383
77,234,950,407
21,208,873,429
61,151,723,463
155,127,536,430
157,124,534,431
242,120,393,394
319,133,324,357
369,152,297,349
405,174,241,329
439,184,201,327
437,186,212,326
475,207,198,297
507,216,170,303
524,226,173,295
539,234,153,287
528,244,158,283
525,243,164,282
516,248,171,275
508,253,179,268
500,245,183,264
492,241,205,266
482,223,223,276
480,226,227,277
477,222,240,274
474,219,261,281
471,216,281,287
483,216,289,298
495,216,305,309
499,215,298,317
502,214,312,328
506,213,326,340
510,213,341,352
288,132,396,222
296,129,397,211
295,128,398,212
296,124,404,206
315,116,398,212
324,110,405,207
337,104,401,207
354,99,398,205
349,100,407,206
360,98,416,202
373,102,411,202
386,107,412,195
399,116,410,192
411,126,411,189
406,125,418,185
423,131,413,191
431,146,416,184
442,162,409,179
447,177,406,175
451,188,402,166
450,188,402,169
455,197,404,161
460,202,400,153
464,204,403,157
469,207,404,150
475,210,398,145
474,211,400,145
480,222,400,142
490,230,396,137
504,242,396,135
519,253,397,142
538,266,391,129
538,267,390,131
551,275,389,129
564,282,390,124
571,289,388,121
582,289,386,122
590,285,381,122
589,284,384,123
590,286,375,113
587,276,377,117
578,271,378,108
567,261,378,110
557,245,370,110
561,244,369,112
543,239,369,102
531,227,366,101
521,214,366,97
517,204,358,93
513,195,359,91
515,194,359,95
517,186,355,90
515,184,354,87
523,184,344,86
526,185,344,86
531,189,342,87
533,190,338,85
537,196,337,85
538,204,340,85
543,212,336,83
554,221,329,81
557,229,325,81
557,229,324,82
556,234,325,80
560,240,318,80
559,245,318,79
557,249,316,78
564,252,307,80
562,253,308,80
564,255,304,87
569,262,304,83
570,265,303,79
580,270,298,81
590,272,297,91
587,274,301,87
594,282,306,85
607,289,294,96
613,296,296,92
619,309,291,98
626,317,287,98
628,318,283,100
629,319,279,104
631,320,276,106
633,315,271,111
636,309,265,115
639,304,260,119
635,303,259,122
629,288,258,124
622,273,258,127
610,254,247,133
613,248,242,142
600,232,241,151
601,231,242,149
599,222,232,166
586,227,230,184
582,212,230,220
565,227,240,197
587,231,222,200
588,230,225,199
576,238,218,188
572,237,220,194
571,238,221,185
569,235,222,182
574,233,215,172
578,233,210,173
580,226,208,170
576,217,216,167
584,207,200,161
586,204,200,158
577,198,207,159
576,200,206,160
571,203,201,155
561,212,205,150
555,220,199,148
538,232,203,147
528,247,200,141
528,247,198,142
516,259,197,134
503,270,203,136
504,277,195,128
533,35,398,456
529,26,390,476
532,24,387,481
526,22,390,493
520,27,401,503
518,35,405,515
521,45,410,514
531,60,408,508
528,58,414,512
537,68,413,511
539,82,434,502
545,83,420,504
540,79,430,508
546,81,429,503
545,78,429,508
548,81,430,510
545,83,434,505
542,91,443,511
548,98,438,513
554,115,439,509
554,120,447,509
557,120,442,519
566,133,434,517
569,137,436,517
575,141,427,517
581,144,423,515
578,147,419,510
586,144,412,512
584,137,410,511
585,124,413,511
583,120,418,509
594,102,412,515
597,103,402,515
600,89,396,520
608,82,393,506
622,71,381,502
634,62,370,501
644,46,357,503
639,48,362,502
