856,306,187,135
845,302,190,130
832,293,193,136
828,290,193,135
825,287,194,135
821,284,194,135
810,278,201,133
808,273,200,132
798,270,213,134
801,268,211,134
797,266,213,131
793,264,216,129
797,263,217,128
791,263,223,127
788,263,228,126
784,260,240,127
788,260,236,129
786,257,240,127
784,253,243,125
783,249,247,123
781,246,250,121
781,239,248,116
784,241,246,114
776,236,253,117
771,232,254,114
757,228,260,111
749,224,261,110
742,223,260,111
740,224,264,110
735,225,265,108
727,224,269,106
720,220,271,105
721,216,269,103
719,209,268,101
721,209,266,102
717,204,270,98
716,199,271,95
719,195,267,91
715,191,267,89
712,188,270,82
711,189,268,84
713,187,264,81
715,187,259,77
714,190,255,73
713,195,247,71
706,202,249,75
707,202,249,72
704,210,245,71
698,217,245,72
694,225,242,72
686,233,242,75
691,240,236,73
691,240,237,72
688,245,233,74
686,250,230,75
685,255,228,82
686,260,224,83
687,266,220,84
688,272,216,85
689,280,212,90
691,287,209,90
693,296,205,94
695,301,199,95
698,310,194,94
700,315,188,95
703,319,183,96
705,323,177,97
708,329,172,102
708,335,170,101
708,341,168,100
708,339,166,99
709,344,159,106
711,350,153,113
712,355,146,120
714,361,140,128
718,367,131,122
718,368,129,124
713,376,130,118
712,383,129,108
710,387,124,107
708,390,124,108
709,388,121,109
709,388,121,109
710,389,118,107
711,392,114,104
713,397,111,103
713,399,109,101
715,403,105,98
715,403,105,98
717,407,99,95
717,412,92,94
717,416,92,90
718,418,87,90
717,420,85,89
717,420,86,89
716,423,84,86
715,427,84,85
714,431,79,82
712,434,78,80
710,435,76,81
709,437,76,80
703,435,74,79
702,436,70,77
