590,154,275,565
559,165,306,555
560,160,309,560
539,161,331,559
583,166,279,554
593,160,255,560
571,157,265,563
543,164,276,556
544,161,274,559
513,170,291,550
489,189,290,530
482,207,276,506
473,235,281,481
465,260,266,456
468,257,262,457
464,282,261,434
466,297,268,415
464,312,276,401
464,324,277,387
461,330,278,384
468,330,273,389
444,326,300,388
432,316,309,397
429,311,306,404
421,300,302,416
409,290,303,422
413,290,302,425
388,288,309,428
369,270,326,444
356,250,344,468
336,225,364,491
319,193,399,517
318,190,399,517
256,136,466,564
225,87,494,595
193,33,534,620
182,6,547,626
179,0,552,613
179,0,563,613
