860,182,10,17
860,182,10,17
860,183,10,17
859,183,9,17
859,184,9,17
859,184,9,17
858,184,9,17
858,184,9,17
858,184,9,17
858,184,9,17
858,184,9,17
857,185,10,17
857,186,9,17
856,186,10,17
856,187,9,17
856,188,10,17
855,188,9,17
855,189,10,17
854,189,9,17
854,190,10,17
854,191,9,17
853,191,10,18
853,192,10,18
852,192,10,18
852,193,10,18
851,193,10,18
851,194,10,18
850,194,10,19
850,195,10,19
849,196,10,19
849,196,10,19
849,196,10,19
849,197,11,20
850,197,11,20
850,198,11,20
851,199,12,20
852,199,12,21
853,200,12,21
854,201,13,21
855,202,13,21
856,202,13,22
856,203,13,22
856,204,14,23
857,205,14,24
857,206,14,24
858,207,14,25
858,207,15,25
858,208,15,26
859,209,15,27
859,210,16,27
860,211,16,28
859,211,17,29
859,211,18,31
859,211,18,32
859,211,19,33
859,211,20,35
859,211,21,36
859,211,22,37
859,210,23,39
859,208,24,40
860,206,25,41
858,203,28,43
856,200,30,46
854,198,33,48
852,195,36,50
851,192,39,52
849,189,42,55
847,186,45,57
845,183,47,59
843,178,50,63
842,173,53,68
840,166,63,74
837,159,72,81
835,151,82,88
833,147,86,92
830,134,103,104
827,127,130,116
820,119,154,137
809,111,192,162
791,98,262,196
786,94,270,202
750,63,389,257
690,31,546,326
556,0,723,389
361,0,918,405
212,5,1067,429
215,2,1064,430
188,9,880,444
222,46,632,377
301,71,446,300
381,101,328,247
451,122,257,222
461,126,247,212
509,147,215,195
552,162,178,181
587,178,162,169
613,186,144,168
626,197,139,162
622,194,140,165
631,200,142,163
639,202,127,160
642,192,130,178
645,181,133,196
648,171,137,215
651,160,133,224
645,141,145,250
646,118,148,279
653,94,133,341
612,86,169,364
597,89,168,395
595,92,170,393
570,97,190,454
541,83,211,471
498,70,243,488
474,41,269,520
436,21,325,531
433,18,332,533
422,14,373,555
