379,166,382,553
374,170,383,550
377,185,377,524
376,195,370,514
381,196,369,522
386,182,369,523
386,166,373,537
385,168,377,531
386,142,378,544
389,116,385,554
393,97,390,553
401,86,380,554
395,77,390,565
393,82,393,561
397,77,392,568
396,93,391,555
403,99,377,560
402,122,383,543
393,137,386,538
396,131,381,549
396,144,390,538
389,158,397,510
387,161,399,506
391,149,396,510
390,132,399,517
390,131,399,513
392,118,399,520
392,101,402,532
387,93,413,535
390,88,409,547
391,85,415,545
390,90,415,541
388,96,421,535
390,102,425,534
