546,217,150,131
555,215,151,132
555,216,156,128
556,218,161,125
558,217,159,122
561,217,159,123
565,218,160,124
567,219,162,125
568,219,165,126
570,220,168,127
572,221,171,128
572,221,173,126
572,222,175,123
573,223,179,124
573,224,183,125
575,225,183,124
577,227,183,123
579,229,183,122
578,226,188,122
577,224,194,122
578,225,196,122
579,223,200,121
579,222,202,121
578,220,205,121
578,219,207,120
577,217,209,120
577,216,212,120
574,215,215,120
571,215,218,120
568,214,221,120
565,214,224,121
558,212,235,121
553,213,239,121
549,214,244,121
548,214,244,120
542,212,256,115
537,213,264,114
533,213,271,115
527,209,279,117
520,206,289,117
517,208,291,118
503,204,302,117
503,203,301,111
493,198,307,109
482,197,318,110
472,196,325,109
469,199,328,107
467,203,332,105
464,207,335,103
462,211,339,101
452,220,365,105
452,229,381,103
449,228,377,103
447,235,386,101
446,240,394,99
451,248,410,97
457,252,414,97
459,255,420,98
459,255,415,96
459,256,417,99
467,251,412,106
466,251,411,105
466,252,410,105
466,253,409,104
466,254,409,104
469,261,404,102
472,267,400,101
475,274,396,99
477,279,388,96
480,283,380,93
482,288,372,90
484,292,364,87
487,297,356,84
488,303,348,78
489,308,336,76
488,312,322,72
489,312,320,71
486,316,307,70
477,321,301,70
467,326,294,68
453,325,290,74
447,332,275,78
449,330,271,80
440,335,268,82
437,340,261,79
435,343,257,81
433,345,253,81
435,344,245,81
434,345,247,80
437,342,244,83
439,337,242,78
442,329,237,80
445,321,234,79
447,315,228,80
446,314,227,79
445,310,226,79
441,308,222,80
439,307,217,75
435,311,215,72
435,310,209,74
436,309,204,77
434,315,206,76
436,323,204,78
445,333,198,79
456,343,194,79
467,349,191,81
464,349,195,80
477,354,190,79
489,355,188,82
501,352,180,85
509,351,183,87
520,347,175,90
520,347,176,91
530,345,171,93
539,345,169,94
548,347,162,96
555,351,159,96
561,356,153,96
562,355,153,96
566,360,150,95
570,364,148,98
574,365,143,99
576,371,141,96
580,375,137,94
581,375,136,95
582,380,133,93
585,384,130,91
587,388,126,90
591,393,121,87
595,397,116,87
592,399,119,87
597,403,112,86
600,409,109,83
604,411,105,83
609,413,103,83
611,414,104,83
611,413,105,83
617,414,102,82
622,418,99,79
627,420,98,77
629,424,100,74
635,423,92,73
635,423,92,74
640,425,88,72
646,427,89,71
651,427,87,71
655,427,84,70
657,426,84,72
658,426,83,73
661,427,83,72
669,431,78,68
672,431,75,69
676,431,73,69
680,430,71,68
680,431,70,68
683,431,68,68
686,432,66,67
687,432,65,67
691,434,64,66
693,436,64,66
692,437,64,66
697,438,60,64
700,442,58,63
704,446,57,63
707,450,56,63
711,454,55,63
714,458,54,62
718,462,53,62
721,466,52,62
725,470,48,60
725,472,52,59
730,473,46,61
729,473,46,61
733,476,44,61
732,478,46,62
735,480,43,62
737,483,42,62
739,486,41,61
738,486,42,62
740,489,40,59
741,492,40,59
742,495,38,56
744,499,37,48
745,501,36,46
745,501,37,46
745,503,39,47
