570,98,576,571
567,94,578,578
568,90,578,577
571,97,576,587
562,111,584,585
552,129,586,575
547,143,580,577
546,142,585,578
544,148,573,572
536,152,579,568
525,153,586,566
519,153,594,567
522,159,596,561
522,156,597,564
524,164,595,553
523,184,599,535
524,195,597,524
517,208,602,507
514,218,604,499
514,219,606,500
508,224,609,495
516,211,590,503
530,199,554,516
553,184,504,528
592,171,434,541
593,171,442,546
613,153,387,561
618,145,357,568
625,136,324,583
619,138,309,580
619,147,294,572
613,142,299,577
614,153,284,561
606,159,283,559
590,169,294,550
