462,52,378,575
456,68,368,570
449,84,369,572
445,93,367,566
444,88,370,571
440,98,372,572
430,100,385,575
429,107,390,575
427,111,395,578
429,115,400,569
429,121,408,558
432,121,411,570
433,125,416,568
428,127,430,567
435,128,427,574
442,129,428,567
443,131,428,569
445,122,434,583
449,121,433,588
453,117,431,592
452,123,434,597
459,133,428,587
457,132,433,588
456,147,434,573
452,162,436,558
450,178,437,542
452,192,437,528
453,204,435,516
454,207,438,513
453,218,442,502
451,233,436,487
448,230,458,485
452,217,465,497
454,204,472,516
457,203,472,517
454,195,479,524
450,182,489,538
447,167,494,553
441,161,501,559
428,156,528,564
433,157,517,563
426,158,517,561
