641,90,264,155
638,90,269,155
635,90,274,155
632,91,280,155
629,91,285,155
627,92,291,155
623,96,297,152
618,100,299,149
614,105,302,146
609,109,304,143
605,114,307,140
604,120,300,135
604,126,301,134
603,130,296,128
603,138,299,126
603,146,302,125
605,151,299,121
598,160,309,115
604,165,307,114
604,165,309,114
612,171,304,108
609,178,307,107
614,185,313,103
622,190,311,104
628,195,308,102
634,200,305,100
640,205,303,98
644,219,299,89
647,230,293,91
646,243,301,80
648,253,292,87
649,258,291,78
651,264,294,75
647,274,285,76
644,284,277,78
641,294,269,79
638,305,271,75
638,305,269,75
635,311,262,75
632,317,255,76
629,323,248,77
628,326,244,80
628,328,237,79
628,330,231,79
628,333,225,84
627,338,220,81
626,343,215,79
628,345,207,79
629,346,204,78
630,347,200,78
632,349,197,78
638,348,189,81
644,348,180,78
649,349,173,78
659,348,167,81
660,347,166,81
665,347,163,82
676,344,154,84
682,347,152,80
690,349,147,80
700,351,145,80
699,351,144,79
713,355,136,79
723,355,127,80
732,360,126,81
739,365,118,79
745,374,114,80
745,376,114,79
750,382,114,80
756,388,109,82
763,394,105,84
767,399,104,85
768,400,102,82
770,405,104,78
771,409,106,80
773,409,109,80
775,414,106,78
778,418,106,76
781,421,104,74
781,420,104,74
785,424,99,72
786,429,95,66
789,431,93,64
792,434,91,63
796,434,88,62
795,434,88,62
797,435,87,61
800,435,83,62
804,436,80,63
805,439,79,61
808,442,77,62
811,442,74,61
812,445,73,59
813,448,72,58
815,451,71,57
816,454,73,57
818,456,72,57
817,456,72,56
819,457,71,57
820,458,70,57
821,461,71,58
823,463,68,59
824,465,69,58
824,465,69,58
825,467,68,59
825,468,67,60
825,468,66,60
824,469,66,61
822,468,64,60
822,469,64,60
819,468,63,59
817,467,60,59
813,467,58,59
809,466,58,59
805,466,57,59
805,466,57,60
799,466,56,59
794,466,55,58
787,466,55,57
781,465,56,59
