651,25,434,694
656,24,428,694
662,24,422,695
668,18,417,701
674,13,411,706
681,8,405,712
684,6,413,713
687,5,421,714
690,4,429,715
691,9,418,711
688,13,414,706
679,14,412,704
670,16,410,703
662,19,408,700
654,22,407,697
646,25,406,695
626,24,412,696
606,23,418,697
593,20,421,700
588,20,416,700
586,16,419,704
579,19,423,700
574,20,426,699
585,17,413,702
583,17,414,702
580,18,415,700
577,20,416,699
566,29,426,690
554,38,436,681
542,47,446,672
531,55,456,664
505,74,474,645
502,72,475,648
499,85,479,631
516,98,451,606
519,112,438,570
519,120,432,554
518,128,426,539
518,136,420,523
518,145,415,508
520,157,402,478
499,162,419,472
478,177,433,448
457,184,460,452
451,177,464,471
427,175,508,494
404,167,556,543
378,158,604,561
314,150,713,569
312,143,746,576
310,136,747,583
319,137,770,580
299,142,836,577
223,140,943,579
130,149,1082,570
133,152,1102,567
143,155,1092,564
140,168,1092,551
228,186,992,486
315,204,888,489
402,221,790,479
525,237,667,474
520,229,670,487
613,260,576,456
696,297,494,420
780,334,412,385
837,384,345,335
880,420,289,300
879,422,287,297
893,445,251,273
908,469,216,250
902,478,198,227
899,481,175,201
892,476,157,187
893,476,155,188
888,473,138,171
881,471,124,157
870,467,114,146
858,466,104,134
848,464,94,123
852,460,90,129
840,455,80,114
834,449,76,109
828,446,69,101
818,445,68,94
810,443,62,88
809,444,62,87
801,438,58,82
796,434,52,78
451,40,485,679
449,33,487,686
447,26,489,693
445,19,491,701
440,14,494,705
436,9,497,710
432,4,500,715
428,0,503,720
430,0,505,720
432,0,507,720
435,0,510,720
446,0,505,720
470,0,482,712
478,0,504,720
501,0,497,720
496,0,502,720
515,1,500,716
528,0,499,718
540,0,499,719
564,0,479,715
573,0,488,720
580,0,474,720
591,0,473,720
607,0,457,716
625,11,450,709
633,29,444,690
642,49,439,671
642,49,446,670
644,57,439,663
654,84,432,636
661,101,425,618
667,118,421,601
670,139,414,580
669,140,415,579
672,145,405,573
675,151,386,567
661,150,397,568
648,149,408,569
635,149,420,570
622,148,431,571
605,133,443,586
568,113,472,604
501,102,554,618
501,116,538,598
499,117,539,588
492,126,545,576
497,104,532,583
488,105,535,569
482,111,548,558
490,118,542,540
491,124,545,526
490,128,547,519
489,132,550,513
488,136,552,506
487,140,555,500
486,144,557,493
485,148,560,487
484,152,562,480
483,156,565,474
481,160,567,467
479,155,570,461
482,156,564,444
490,152,558,428
498,156,552,411
507,160,546,394
534,160,540,378
526,174,534,361
517,176,562,355
509,193,545,321
509,208,528,308
492,227,511,294
470,233,521,288
454,236,534,300
436,220,563,326
423,224,573,336
415,226,575,339
420,232,586,351
409,238,632,377
411,222,656,418
428,211,644,429
432,200,643,400
432,201,646,402
466,204,614,437
475,211,573,454
492,222,535,449
500,228,460,443
509,235,445,443
501,237,445,443
515,245,428,435
529,254,412,426
542,262,396,418
559,267,388,408
576,271,371,392
576,271,365,382
583,272,358,371
615,282,358,357
634,287,360,343
653,293,350,336
686,298,325,329
685,302,337,321
711,309,318,314
720,313,319,313
738,317,315,308
757,316,317,308
766,318,323,307
775,319,321,307
784,321,323,307
793,322,325,307
791,330,326,306
789,346,328,306
641,90,264,155
638,90,269,155
635,90,274,155
632,91,280,155
629,91,285,155
627,92,291,155
623,96,297,152
618,100,299,149
614,105,302,146
609,109,304,143
605,114,307,140
604,120,300,135
604,126,301,134
603,130,296,128
603,138,299,126
603,146,302,125
605,151,299,121
598,160,309,115
604,165,307,114
604,165,309,114
612,171,304,108
609,178,307,107
614,185,313,103
622,190,311,104
628,195,308,102
634,200,305,100
640,205,303,98
644,219,299,89
647,230,293,91
646,243,301,80
648,253,292,87
649,258,291,78
651,264,294,75
647,274,285,76
644,284,277,78
641,294,269,79
638,305,271,75
638,305,269,75
635,311,262,75
632,317,255,76
629,323,248,77
628,326,244,80
628,328,237,79
628,330,231,79
628,333,225,84
627,338,220,81
626,343,215,79
628,345,207,79
629,346,204,78
630,347,200,78
632,349,197,78
638,348,189,81
644,348,180,78
649,349,173,78
659,348,167,81
660,347,166,81
665,347,163,82
676,344,154,84
682,347,152,80
690,349,147,80
700,351,145,80
699,351,144,79
713,355,136,79
723,355,127,80
732,360,126,81
739,365,118,79
745,374,114,80
745,376,114,79
750,382,114,80
756,388,109,82
763,394,105,84
767,399,104,85
768,400,102,82
770,405,104,78
771,409,106,80
773,409,109,80
775,414,106,78
778,418,106,76
781,421,104,74
781,420,104,74
785,424,99,72
786,429,95,66
789,431,93,64
792,434,91,63
796,434,88,62
795,434,88,62
797,435,87,61
800,435,83,62
804,436,80,63
805,439,79,61
808,442,77,62
811,442,74,61
812,445,73,59
813,448,72,58
815,451,71,57
816,454,73,57
818,456,72,57
817,456,72,56
819,457,71,57
820,458,70,57
821,461,71,58
823,463,68,59
824,465,69,58
824,465,69,58
825,467,68,59
825,468,67,60
825,468,66,60
824,469,66,61
822,468,64,60
822,469,64,60
819,468,63,59
817,467,60,59
813,467,58,59
809,466,58,59
805,466,57,59
805,466,57,60
799,466,56,59
794,466,55,58
787,466,55,57
781,465,56,59
