526,134,314,391
535,143,311,399
540,151,314,402
551,160,310,398
558,174,316,396
558,171,312,397
567,184,309,404
574,198,314,392
582,208,311,394
586,219,316,392
586,221,323,391
585,218,325,404
586,218,333,407
582,216,349,405
586,211,358,409
590,203,360,418
590,202,362,418
589,204,365,416
589,209,371,422
580,214,381,424
577,210,389,438
564,211,398,438
556,203,407,447
558,199,406,451
545,199,416,453
537,198,425,457
527,196,429,460
508,195,441,482
480,193,471,502
477,192,475,509
478,192,476,513
463,183,486,530
446,184,503,529
431,179,518,532
417,176,522,536
411,175,530,540
393,169,541,549
371,171,558,544
352,174,567,544
328,192,584,525
