612,224,254,317
611,217,254,319
613,213,255,316
611,212,258,313
612,212,260,307
610,213,260,305
612,210,261,305
614,205,259,306
614,199,263,309
613,194,266,307
611,194,262,308
611,187,262,309
612,180,263,310
613,173,264,311
614,166,265,312
615,159,266,313
612,156,271,313
610,154,276,313
607,148,274,316
605,142,272,319
603,137,271,322
595,129,277,326
593,130,282,326
593,130,282,326
592,130,282,326
592,130,281,327
578,119,284,336
575,116,284,335
575,118,286,336
573,119,288,334
577,125,286,334
577,122,290,337
575,120,292,338
572,118,294,344
571,116,302,339
573,110,303,344
576,105,304,349
577,98,307,350
578,90,309,351
585,82,309,351
592,75,310,351
594,69,304,358
601,64,309,350
609,55,311,356
614,50,302,361
621,47,312,362
622,51,316,363
624,52,312,362
625,52,317,365
627,55,317,366
624,55,321,372
621,56,324,379
618,57,328,386
615,56,332,387
612,55,336,388
609,50,340,393
606,45,343,398
606,43,344,402
605,40,345,406
605,37,346,409
604,35,347,413
597,32,351,410
593,33,352,413
589,33,353,416
585,34,355,419
581,35,356,422
576,38,359,427
571,41,361,433
566,44,364,438
561,47,367,444
558,50,373,437
558,50,374,440
559,51,376,444
557,57,380,447
554,63,383,449
552,69,387,452
549,75,391,454
551,78,390,454
535,81,401,454
528,88,406,452
536,101,393,445
536,111,394,433
537,121,396,421
542,124,394,419
546,126,392,417
550,129,390,415
546,125,396,415
542,120,403,414
547,121,405,400
549,115,407,401
550,110,409,402
554,112,410,400
558,114,412,398
562,116,413,397
563,118,417,394
565,120,420,391
567,122,424,388
568,124,428,386
570,126,431,383
572,128,435,380
575,130,438,369
574,130,439,369
576,131,447,367
576,131,448,367
576,126,449,368
575,127,451,365
575,129,454,354
576,126,454,358
580,130,454,359
586,128,456,362
587,128,442,365
587,136,450,350
603,143,482,348
605,148,479,345
612,154,485,343
618,165,494,340
623,173,499,339
619,181,508,339
624,193,515,330
621,195,513,328
631,204,492,322
611,211,501,328
600,217,502,327
562,226,518,321
550,240,521,310
552,237,520,312
528,238,533,310
510,243,527,299
475,241,577,301
472,241,580,310
459,240,572,303
455,233,573,312
448,225,578,325
446,218,578,334
421,201,604,369
435,182,577,393
418,172,586,422
413,170,591,423
417,159,621,478
408,163,614,397
400,166,609,368
403,170,609,376
397,180,609,362
404,182,603,364
401,192,587,378
400,187,568,386
395,180,566,382
377,168,566,392
374,154,562,387
375,159,561,380
364,143,558,384
378,112,537,395
368,123,547,366
369,118,546,368
380,125,542,350
375,126,543,347
380,128,539,326
396,127,523,315
399,130,527,298
406,138,530,289
418,139,520,276
420,135,517,281
423,141,515,265
433,140,512,258
449,145,504,255
451,153,497,253
456,157,485,249
458,156,483,251
463,164,476,248
470,168,462,244
774,105,215,149
761,105,214,148
747,105,213,147
739,105,212,146
730,105,211,145
722,105,211,144
713,105,210,143
703,106,213,146
693,106,216,149
690,105,216,148
674,109,225,146
677,111,218,155
676,113,220,158
676,116,222,162
675,118,224,165
675,121,224,165
676,125,225,163
678,130,226,162
680,134,227,160
675,139,233,151
676,144,236,152
673,146,237,150
671,149,238,148
668,152,240,146
666,155,241,144
664,158,243,142
658,160,243,138
652,162,242,135
646,164,242,131
640,166,242,127
635,168,242,124
630,163,239,126
625,163,236,122
625,162,234,121
619,167,235,114
616,168,234,110
612,168,232,107
606,169,234,101
603,172,233,94
603,172,232,94
601,172,232,94
595,171,236,91
594,170,236,89
591,169,237,84
588,169,235,81
589,169,234,81
583,166,237,78
578,162,235,78
574,165,235,71
566,168,230,69
559,172,229,65
558,174,229,66
554,177,229,67
545,180,227,68
536,184,224,68
534,187,225,70
532,195,222,68
529,195,224,70
522,198,226,72
522,197,225,77
524,202,229,75
529,200,220,77
534,198,219,82
535,197,214,85
541,199,214,85
545,205,215,84
550,212,216,83
555,218,217,82
560,224,211,82
562,226,210,83
565,228,208,83
566,229,208,82
567,232,206,90
568,236,204,99
570,240,200,99
572,245,197,100
574,249,193,101
576,254,190,102
578,258,186,103
580,263,183,103
580,270,185,106
580,269,184,107
581,269,183,121
581,274,188,124
586,278,169,134
589,282,166,133
590,285,158,140
592,288,149,139
594,292,141,138
581,302,141,141
569,312,142,124
563,320,130,116
552,325,129,110
551,325,131,108
543,332,124,106
531,340,123,99
519,345,122,97
507,353,122,94
501,360,118,91
502,361,117,91
492,369,114,86
485,376,108,82
477,382,106,80
470,388,103,78
464,392,100,77
464,390,100,79
462,394,96,76
460,396,92,77
458,396,91,76
458,397,89,77
464,395,84,77
464,396,82,76
465,395,83,80
465,393,86,84
466,391,85,85
469,389,83,86
473,389,82,86
472,389,81,86
476,390,80,84
480,391,79,83
483,392,76,85
483,392,80,85
485,392,78,85
486,393,78,85
488,392,76,85
489,393,73,84
489,393,73,83
490,394,72,81
489,393,69,80
488,394,69,80
488,392,69,79
485,391,66,78
482,389,65,78
479,386,63,78
476,383,62,77
476,382,63,77
474,378,62,77
472,374,60,74
469,372,61,74
398,146,431,490
394,154,438,484
394,153,439,483
387,153,451,497
382,154,469,503
376,159,488,496
369,156,502,498
360,156,502,499
358,152,505,507
349,157,509,494
351,148,526,503
364,139,512,505
378,141,509,499
393,126,488,509
398,126,487,513
408,109,478,526
413,102,479,529
413,101,476,520
396,108,504,516
384,111,523,513
376,106,544,533
364,92,554,540
351,80,570,545
346,60,569,556
341,42,577,568
336,22,578,587
336,25,574,567
321,8,588,609
