735,267,131,105
730,265,131,104
726,264,131,104
723,263,132,104
720,263,133,104
716,262,135,104
713,261,136,104
710,260,137,104
707,260,138,104
704,259,139,104
701,258,140,103
700,256,141,105
699,255,142,106
699,253,143,107
698,251,144,108
697,249,145,109
697,248,146,111
694,247,150,111
692,246,152,109
689,245,155,108
687,244,158,107
687,242,158,110
688,240,159,113
688,238,159,113
689,236,160,113
689,234,161,113
690,232,161,113
692,229,161,115
695,227,162,116
697,225,163,116
699,222,164,116
702,220,166,117
704,218,167,117
707,216,168,118
709,213,171,117
711,211,174,117
714,209,176,117
719,208,176,116
724,208,175,114
725,207,179,113
727,207,183,112
732,206,180,114
737,205,180,115
737,209,177,113
736,210,183,107
736,210,184,107
736,211,186,106
736,212,187,105
736,212,189,105
736,213,190,104
736,214,192,104
737,213,192,102
738,212,193,101
740,212,193,99
741,209,194,100
743,206,194,101
744,204,195,101
745,205,199,100
742,205,202,98
739,205,206,95
737,205,207,95
734,205,209,95
731,204,210,95
729,204,212,95
726,204,213,95
723,204,213,94
721,204,213,93
718,204,213,92
715,204,213,91
712,204,215,89
709,204,218,88
707,202,219,86
705,201,221,84
703,200,222,83
701,199,224,81
699,198,225,80
697,197,227,78
695,196,229,77
690,199,232,76
687,203,232,74
681,207,232,73
681,206,233,73
683,208,227,70
675,207,231,69
669,208,232,66
663,208,233,64
656,207,236,62
657,206,234,64
649,202,239,64
644,198,238,63
641,198,237,61
638,190,240,62
635,186,238,59
636,186,238,57
634,182,238,56
634,177,236,53
630,175,240,52
632,174,233,50
627,174,234,50
630,174,230,53
624,177,233,55
622,181,228,54
618,186,226,55
615,189,223,56
610,195,224,57
611,195,223,57
605,200,220,59
600,206,217,60
597,210,213,62
592,213,213,62
587,217,213,63
589,214,210,65
585,219,211,64
581,222,207,64
582,226,203,62
582,228,201,60
580,228,200,61
580,229,200,61
578,230,198,60
576,228,195,61
570,229,197,63
568,223,195,67
565,223,194,67
565,222,193,67
562,222,190,69
559,221,186,68
555,223,184,66
554,223,179,67
549,224,180,68
547,223,185,68
541,226,183,68
541,227,181,69
542,228,180,70
543,230,179,71
546,231,176,72
548,233,173,73
551,234,169,74
555,236,165,75
558,237,162,76
561,239,158,77
564,241,157,77
567,244,155,77
569,246,154,77
572,249,153,77
574,251,151,76
577,253,150,76
579,256,149,76
582,258,147,76
584,261,146,76
585,264,143,77
586,267,140,77
587,270,137,78
588,273,134,79
589,276,131,79
590,279,128,79
590,286,126,81
587,288,126,81
585,291,124,81
583,294,122,80
581,297,120,80
580,301,119,80
578,301,117,80
577,302,116,80
575,303,115,80
574,304,114,80
572,304,113,80
571,305,112,80
569,306,111,80
568,307,107,78
568,309,106,79
567,313,105,77
568,313,103,75
567,315,102,76
568,318,103,79
566,323,101,77
567,325,100,80
569,328,99,79
568,328,99,79
568,332,96,77
567,336,97,75
571,340,94,76
572,343,91,77
573,345,89,78
571,346,90,77
575,349,88,76
578,351,84,75
582,355,82,77
586,358,79,78
591,360,74,78
591,362,74,76
594,366,73,75
601,368,63,75
606,371,59,73
610,375,57,71
613,378,55,65
612,378,56,64
612,379,56,65
613,379,56,62
616,377,54,62
616,375,54,62
617,373,52,65
616,372,54,64
616,369,54,64
616,367,54,64
617,365,54,69
618,362,53,67
618,361,54,65
618,360,55,64
619,360,56,63
619,358,57,65
622,354,55,71
623,352,54,70
624,351,54,70
625,350,53,70
626,348,53,70
627,347,52,70
629,346,52,71
629,345,52,68
628,343,54,67
628,344,55,67
628,340,55,71
629,340,54,67
629,339,53,71
627,338,53,70
628,336,52,68
627,336,52,70
626,336,53,70
625,334,54,69
625,333,53,70
624,332,54,71
624,331,54,74
623,333,54,72
622,333,55,72
622,332,55,73
622,333,56,73
622,334,56,73
622,335,56,73
622,335,57,73
621,335,59,75
