14,213,539,330
21,199,540,333
28,187,543,335
33,187,538,324
44,181,559,319
41,182,571,315
79,177,506,309
70,176,582,310
87,184,556,311
103,191,555,307
104,213,566,295
90,210,571,293
109,215,558,288
111,216,563,286
114,223,559,269
110,217,565,267
104,214,572,260
104,211,566,263
100,207,579,251
107,198,556,250
114,192,561,249
117,186,554,232
114,188,553,227
107,187,561,226
110,195,555,214
104,200,572,210
119,206,555,204
131,205,537,206
127,210,532,206
125,210,528,207
133,216,541,195
137,216,518,187
159,220,525,185
176,230,508,173
182,244,508,166
186,240,499,167
189,255,505,159
201,267,485,152
196,275,488,150
181,276,489,156
174,285,487,147
171,274,484,162
171,278,485,156
188,282,475,150
199,283,471,144
209,284,468,139
215,290,462,136
217,287,461,138
219,291,451,141
221,297,441,138
220,306,436,133
224,311,426,138
222,318,423,134
227,318,418,134
226,323,414,135
247,327,396,131
255,332,396,130
274,332,388,130
304,330,373,127
306,330,367,127
314,327,377,123
336,325,366,126
360,321,353,123
391,319,340,127
405,326,347,116
406,327,345,113
427,340,341,110
449,347,329,116
456,366,319,118
463,384,307,120
471,403,297,122
472,404,299,116
473,429,288,110
476,448,282,107
472,466,278,111
473,483,272,108
472,493,266,109
471,496,265,105
476,506,256,103
481,521,250,97
487,513,240,98
489,520,229,90
489,520,223,86
488,522,225,82
487,522,217,80
481,521,209,77
473,516,204,80
466,510,201,78
459,504,191,78
460,506,193,76
443,493,193,77
432,478,178,85
413,471,179,87
398,466,172,77
385,463,164,76
386,464,168,78
378,460,160,76
372,458,149,83
366,459,149,78
364,461,139,79
361,471,142,67
363,474,138,66
368,477,134,64
373,486,130,62
375,490,126,60
380,496,122,58
383,500,118,57
391,500,108,56
394,501,110,53
398,501,106,51
402,501,102,50
406,500,101,47
412,499,98,43
413,498,98,44
420,496,90,41
425,492,89,42
430,489,85,41
434,486,85,43
446,486,78,44
446,486,78,42
447,485,80,45
453,483,76,44
458,482,74,40
459,484,72,40
465,483,70,40
465,483,69,39
471,480,67,38
478,477,65,38
485,474,57,36
493,471,62,38
503,468,60,37
510,469,59,37
513,467,55,36
521,466,52,36
529,465,49,36
537,464,48,36
543,467,46,35
547,467,47,35
557,468,37,37
566,472,34,35
567,477,44,35
581,481,43,32
592,484,41,31
595,485,41,29
606,488,36,32
618,492,34,28
631,496,34,26
643,499,35,22
654,501,34,22
657,503,33,20
673,502,32,21
683,503,30,19
694,504,29,19
707,505,28,19
718,503,29,19
718,503,29,20
729,503,29,22
742,502,25,21
755,504,20,16
643,206,176,269
602,221,208,271
