528,1,725,716
522,1,742,709
521,1,745,709
527,0,743,711
522,0,744,711
525,0,744,711
522,0,746,710
523,0,750,711
522,0,749,714
528,0,742,718
528,1,730,716
529,0,740,717
527,0,740,715
520,0,743,712
515,0,750,719
515,0,748,716
511,0,753,709
516,1,751,716
522,0,743,717
530,5,740,710
534,32,740,685
531,33,743,686
528,52,748,666
539,63,739,655
558,73,719,646
557,77,721,642
550,73,729,646
574,84,704,636
572,83,704,637
580,82,697,638
572,109,707,608
570,128,702,590
574,139,695,578
585,139,685,581
578,148,690,572
572,145,695,573
564,117,707,598
563,58,715,662
562,20,712,692
558,0,722,720
559,0,720,719
559,4,720,706
537,0,741,707
516,0,759,714
494,0,785,719
768,121,215,307
768,117,214,306
769,114,214,305
770,111,214,304
771,107,214,303
772,104,214,304
771,104,212,304
771,103,211,304
771,103,209,305
771,102,208,305
770,102,206,305
766,103,207,305
762,105,208,305
758,107,209,304
754,109,210,304
750,111,211,304
748,114,211,304
745,117,210,303
742,120,210,303
739,123,209,303
737,126,209,303
736,127,209,303
736,128,209,304
736,129,209,305
735,130,209,305
735,131,209,306
737,130,209,307
738,129,209,307
740,128,209,308
742,127,209,309
744,127,209,310
745,124,209,310
746,122,209,311
747,119,210,312
749,117,210,312
750,114,211,313
751,112,211,314
753,109,211,314
754,107,212,315
755,104,212,316
757,102,213,317
756,104,213,317
756,106,214,318
756,108,214,318
756,110,215,319
756,113,216,319
755,115,216,320
755,117,217,321
755,119,217,321
755,121,218,319
755,124,219,318
753,125,220,320
751,126,221,322
749,127,223,324
747,128,224,326
745,129,225,329
743,133,225,321
742,138,224,321
740,142,224,321
738,147,223,322
736,151,222,322
735,152,223,323
738,151,223,324
740,150,224,324
742,150,225,325
745,149,225,326
747,148,226,327
750,148,226,327
752,147,227,328
755,146,227,329
757,146,228,330
761,146,227,331
764,147,227,332
768,148,226,333
771,148,225,334
775,149,225,335
777,153,227,333
778,156,230,331
780,160,232,328
782,164,235,326
784,168,237,324
785,172,240,322
785,174,241,320
784,176,241,318
784,178,242,316
783,180,243,313
783,183,244,311
782,185,245,309
782,185,244,307
782,186,243,305
782,187,243,303
777,187,245,301
773,188,248,300
768,189,251,298
764,190,254,297
759,191,257,296
755,192,260,294
750,192,263,293
746,190,263,295
741,188,264,296
737,187,265,298
735,182,270,297
735,179,271,296
735,175,272,295
735,171,272,294
735,168,273,293
735,164,274,293
735,160,274,292
735,157,275,291
735,153,276,290
735,150,277,290
737,149,280,288
736,152,283,287
737,154,284,289
739,161,287,287
738,161,290,285
742,164,294,287
744,174,296,284
745,183,299,280
747,193,302,277
748,203,304,274
748,203,310,276
740,211,315,277
733,220,321,279
728,225,323,275
716,229,330,277
705,233,336,280
702,237,342,282
690,245,348,284
690,247,338,282
657,249,360,289
647,248,364,284
636,251,368,278
636,251,372,273
623,249,376,268
611,247,380,263
598,246,384,257
586,244,388,252
577,244,392,246
569,244,396,241
555,241,400,236
544,233,411,251
532,227,432,249
503,221,454,257
481,215,481,269
476,215,488,270
460,200,497,294
444,182,518,319
421,149,554,361
399,120,556,411
359,79,612,478
349,83,617,477
377,62,589,527
341,56,587,481
284,46,660,443
255,46,674,489
238,61,698,448
234,48,706,461
225,49,726,475
235,49,743,458
246,50,761,441
253,39,807,454
311,42,785,427
311,46,789,421
344,42,804,441
368,48,804,432
361,37,819,451
341,65,829,424
316,82,827,412
319,82,823,408
282,109,830,404
254,123,815,399
242,149,793,379
230,164,768,367
232,178,740,352
234,180,739,352
243,190,711,336
253,178,683,344
266,190,656,329
283,184,623,324
292,197,616,310
296,197,617,305
303,198,594,306
318,200,572,307
329,197,550,302
338,197,527,298
350,198,514,299
349,197,513,299
361,196,501,300
389,192,480,310
400,198,473,302
407,189,473,309
419,189,463,304
416,185,469,310
432,178,455,311
448,171,442,312
451,164,442,313
457,160,436,310
464,155,431,308
470,151,425,306
476,147,419,303
488,144,403,292
508,145,394,282
524,149,384,298
872,266,127,109
873,262,125,110
862,257,124,109
849,252,125,109
838,247,128,109
828,242,128,109
819,236,130,109
821,235,128,109
814,229,129,110
804,222,134,112
795,217,141,114
797,210,131,111
784,204,141,113
783,204,139,112
778,199,142,111
771,192,143,113
765,189,147,111
761,187,145,111
758,185,144,112
755,183,142,113
752,181,141,114
747,177,145,115
743,174,149,116
740,172,151,116
738,169,153,115
735,167,155,114
733,165,156,113
728,163,158,113
726,158,157,112
724,154,156,112
723,150,156,112
723,148,155,115
721,146,157,115
718,144,158,114
716,142,159,113
713,140,160,112
710,138,162,111
708,137,163,110
705,135,164,109
703,133,166,109
700,131,172,112
699,130,172,110
698,128,173,109
697,126,174,108
696,124,174,107
695,122,175,106
694,120,176,105
692,118,176,104
691,116,177,103
691,115,176,104
688,116,180,103
686,113,177,103
683,113,178,102
680,113,179,100
678,113,181,98
675,113,182,96
672,114,183,94
670,114,185,92
667,114,186,90
664,114,187,88
662,115,189,87
663,111,190,91
665,111,188,92
666,113,188,89
666,114,187,86
664,113,190,85
666,114,187,84
669,114,184,85
666,114,187,83
669,115,188,81
666,115,192,85
667,116,192,83
669,117,192,82
670,118,192,81
672,119,192,80
674,120,193,79
675,121,193,78
677,122,193,76
678,123,193,75
680,124,193,74
678,124,194,73
675,124,194,73
673,124,194,72
670,124,194,71
668,124,194,71
666,124,194,70
663,124,194,69
661,124,194,69
658,124,194,68
656,124,194,67
654,125,195,66
653,124,195,64
652,124,196,63
651,124,197,61
650,124,198,60
650,124,199,59
649,124,199,57
648,124,200,56
647,124,201,54
646,124,202,53
646,124,203,52
644,126,200,52
643,129,198,52
641,131,198,52
638,134,197,52
636,136,196,52
633,139,196,53
630,141,195,53
628,144,195,53
625,146,194,53
623,149,194,53
622,147,191,54
621,145,189,55
620,144,186,55
619,142,184,56
618,140,181,56
617,139,179,56
616,137,177,55
615,135,174,54
614,134,172,54
613,132,169,53
612,130,167,52
611,129,164,52
610,127,162,51
610,126,160,50
607,125,159,50
603,125,158,49
599,126,158,48
595,126,157,48
591,127,156,47
587,128,156,47
581,128,154,48
577,129,152,49
577,130,151,48
571,134,149,49
564,138,147,49
557,144,146,49
554,150,142,49
551,156,140,50
549,161,139,50
547,165,137,51
545,169,136,52
543,174,136,52
540,180,136,53
538,185,137,54
536,187,136,54
543,191,128,51
545,199,122,52
545,203,124,51
547,209,123,51
551,213,122,50
553,212,118,52
557,215,116,52
561,218,115,52
566,221,114,52
571,223,109,52
577,226,107,51
576,226,109,51
583,229,105,51
587,231,104,52
590,233,104,50
594,234,100,53
596,235,100,52
598,236,99,51
600,237,99,51
602,238,96,50
605,239,92,50
604,240,92,50
604,241,92,50
603,242,92,50
603,243,92,50
606,240,84,54
607,241,80,53
605,242,79,52
607,243,80,52
604,243,82,53
603,246,79,51
603,245,78,51
602,246,75,52
601,247,74,52
601,250,78,49
602,249,73,49
601,249,73,53
602,252,72,52
602,254,69,53
603,258,69,53
604,262,67,52
604,262,67,52
607,266,64,52
609,270,62,53
612,275,58,50
617,279,51,48
626,284,36,41
626,283,35,41
627,285,37,42
628,287,36,40
630,286,36,39
631,283,38,37
632,280,39,38
631,281,41,37
636,276,38,43
637,274,39,43
639,273,40,43
640,271,41,44
638,267,44,43
643,267,43,45
644,265,44,46
644,262,46,45
647,261,47,47
649,259,48,47
650,257,49,48
649,255,49,49
651,255,47,48
654,254,45,48
654,253,47,48
655,252,47,48
658,250,44,48
658,250,45,48
659,249,43,48
661,248,43,47
662,246,43,54
661,247,44,51
662,246,44,51
662,246,45,52
664,247,44,51
665,246,43,52
667,247,42,52
667,247,42,52
670,248,40,53
669,248,41,52
669,247,42,55
671,247,42,52
671,247,42,52
673,247,41,52
674,248,42,51
674,249,42,51
677,250,40,52
357,22,511,523
363,11,479,529
360,0,484,533
365,0,481,527
364,0,482,527
366,0,498,524
