858,236,198,202
857,238,197,201
821,226,202,201
799,218,206,200
777,210,211,199
755,203,216,199
733,195,220,198
730,195,224,198
714,189,229,197
697,184,234,196
681,179,239,196
670,175,240,195
659,170,241,193
651,168,244,192
642,166,248,190
633,163,252,188
624,161,256,186
615,158,259,184
607,156,263,182
603,157,267,181
599,158,272,179
596,157,275,179
593,156,279,180
590,155,283,180
587,154,286,181
584,152,290,181
581,151,294,181
578,150,297,182
574,149,301,182
571,148,308,183
568,147,316,183
565,146,322,182
561,145,328,181
558,144,334,180
554,143,340,180
549,143,345,181
544,143,350,183
539,142,356,184
530,145,361,182
522,147,366,181
513,149,372,179
508,149,375,179
504,148,379,178
504,147,383,178
505,146,387,177
506,145,391,177
509,144,394,174
512,143,396,172
516,143,399,169
519,142,401,167
519,141,412,163
523,137,417,154
526,132,421,153
530,128,425,153
533,123,429,152
536,127,425,149
536,127,425,146
537,128,426,143
536,134,428,141
535,139,430,138
534,145,431,135
530,148,435,132
526,152,439,130
522,159,437,128
518,167,435,126
514,175,434,124
510,183,432,122
509,186,432,120
506,195,429,115
503,204,427,110
500,213,424,105
502,213,421,106
504,213,418,108
505,213,415,109
507,213,412,110
509,213,408,111
511,213,405,113
512,213,402,114
514,213,399,115
516,213,396,117
517,224,393,118
519,233,387,118
521,241,381,118
523,250,375,116
524,259,369,114
528,260,363,112
531,261,357,111
540,261,351,110
544,256,345,109
548,251,339,108
551,246,333,107
554,241,326,108
557,236,320,107
560,231,313,107
563,225,307,106
566,220,300,106
569,215,294,105
572,210,287,105
574,205,281,101
577,200,274,98
580,195,268,95
586,189,261,97
592,183,254,99
598,177,248,101
603,171,241,93
612,163,235,93
621,156,228,93
630,149,221,92
638,142,215,92
644,141,208,91
649,139,202,91
648,143,200,82
648,147,199,81
654,151,190,83
656,155,186,91
660,155,182,91
672,164,174,90
684,173,166,88
702,184,155,88
716,190,149,90
729,196,143,91
732,200,139,87
744,207,134,88
757,214,130,90
769,221,126,91
782,229,121,92
795,236,117,94
797,238,113,92
805,244,109,93
813,250,104,94
821,256,100,95
827,270,95,93
833,284,89,90
833,288,85,87
834,293,81,83
833,303,79,80
833,312,76,77
833,321,73,73
827,325,76,75
828,328,74,74
829,331,73,72
827,332,73,73
825,334,73,73
823,335,73,74
820,337,73,74
818,338,73,75
816,341,73,75
813,344,73,76
811,347,73,76
808,351,73,77
806,354,73,77
806,356,71,76
806,357,70,76
806,359,69,75
806,361,67,74
