678,100,218,601
675,99,217,599
673,101,219,601
671,102,221,594
670,100,222,595
676,108,223,587
677,109,224,588
675,106,223,593
666,119,230,578
673,119,226,585
672,125,224,576
673,131,225,578
670,133,227,579
668,148,229,567
665,163,231,556
671,190,221,527
664,197,229,517
658,218,235,498
656,220,239,494
658,240,233,476
658,266,234,453
658,297,235,423
652,317,243,403
655,326,248,394
654,329,250,391
662,342,253,378
665,350,265,370
675,354,277,366
678,353,300,367
704,352,311,365
706,353,308,366
716,352,342,364
718,350,385,369
722,361,427,359
725,370,470,345
723,392,506,324
718,397,512,323
685,432,563,288
644,461,599,257
529,496,698,224
522,510,658,209
491,523,618,196
495,524,623,195
468,512,580,207
455,493,537,226
447,464,488,255
444,433,441,284
446,408,389,299
451,405,391,307
462,384,341,303
480,364,299,301
489,345,271,277
509,332,237,261
527,324,207,247
525,324,209,245
543,320,185,231
564,319,161,215
580,316,143,199
591,317,134,185
610,321,108,174
612,319,105,177
621,324,94,161
628,328,88,147
632,334,87,138
637,340,82,129
644,347,72,121
647,349,72,120
