536,188,348,531
522,183,351,534
508,178,354,538
494,173,357,542
488,164,365,556
484,157,368,563
475,155,373,565
482,153,366,567
459,139,395,581
459,125,409,588
483,113,399,577
494,98,396,585
506,83,393,593
508,82,397,596
506,78,397,599
503,74,397,602
501,70,397,605
498,66,397,608
496,62,397,611
493,58,397,614
491,55,397,617
492,59,392,611
493,64,388,606
494,69,384,601
495,74,380,596
490,81,381,585
486,88,382,574
482,92,384,565
477,96,385,557
473,100,386,549
469,104,388,541
471,102,386,537
474,101,384,534
477,100,382,530
480,98,380,527
482,97,378,523
485,96,376,520
488,95,374,517
491,93,372,513
493,92,370,510
491,77,372,509
495,66,373,506
496,63,384,499
499,61,381,499
502,60,386,494
516,57,381,490
535,55,384,488
539,59,383,485
544,63,383,483
549,67,382,481
554,72,382,479
556,72,385,479
558,72,389,480
561,73,393,480
563,73,397,481
566,73,401,481
568,74,405,482
578,73,395,474
570,73,403,477
562,72,411,480
555,72,419,483
547,72,427,488
539,72,436,492
531,73,445,498
523,83,452,500
488,98,486,505
479,101,499,511
472,95,513,516
473,105,521,532
455,118,542,535
466,121,556,529
457,114,603,548
449,108,651,567
441,100,666,588
433,83,739,617
425,63,823,650
395,42,885,675
331,36,949,684
237,61,1043,659
233,69,1030,651
128,94,1151,625
60,144,1219,576
9,199,1271,521
2,249,1162,471
6,269,975,451
13,256,968,464
107,264,744,456
198,281,591,402
289,299,438,348
377,305,349,308
425,306,296,270
422,305,294,270
465,306,257,242
502,306,216,217
540,311,192,207
567,316,169,188
598,317,151,180
599,317,151,180
619,318,147,173
641,320,127,164
651,323,123,156
657,320,121,153
659,319,117,148
657,318,120,148
657,316,112,147
657,313,112,142
657,311,102,143
653,313,101,139
647,321,99,138
646,321,99,138
647,330,92,135
640,324,88,138
635,315,91,141
630,309,90,141
631,308,89,145
631,307,88,144
633,309,88,144
635,312,96,149
640,313,93,146
643,311,96,155
641,312,101,159
641,308,98,160
639,306,101,164
632,301,97,168
619,302,100,172
607,303,101,176
595,307,104,180
595,307,104,182
587,306,106,186
580,309,107,193
575,317,116,197
580,309,115,209
586,300,116,215
587,299,115,216
589,301,120,222
590,300,123,234
593,291,131,242
602,281,134,251
615,269,138,258
616,268,137,258
625,265,147,261
633,250,145,278
637,240,149,289
642,228,149,297
650,223,154,302
650,219,155,305
664,215,152,313
679,193,154,335
682,160,163,369
681,126,173,408
676,104,194,447
677,102,190,421
666,67,204,479
655,42,215,543
655,46,208,570
652,70,213,554
638,80,229,589
641,83,225,586
619,88,258,597
602,92,283,578
588,83,304,584
564,73,331,571
540,79,357,556
539,80,360,554
522,80,381,540
513,82,391,525
509,95,398,505
519,110,392,487
526,122,394,475
525,128,396,467
