216,219,34,40
216,219,34,39
216,219,35,42
218,221,35,41
220,223,35,42
223,223,35,43
226,224,36,45
224,224,35,44
225,223,37,45
226,222,38,46
227,222,40,47
228,221,41,49
229,220,43,50
228,220,43,50
227,218,44,52
227,216,44,56
227,215,46,58
226,213,49,60
227,213,50,62
228,213,50,62
225,213,58,63
228,209,58,67
228,207,61,70
229,203,67,75
228,200,71,79
228,197,75,84
227,194,80,88
227,191,84,93
226,188,89,98
227,185,99,106
228,183,110,115
223,182,116,117
228,179,126,134
226,176,152,155
226,175,171,170
220,171,209,203
203,169,286,248
202,160,289,258
183,155,377,339
158,173,524,426
155,197,754,515
137,232,1021,487
206,278,1010,441
198,279,1048,440
459,326,821,392
642,335,638,382
716,312,561,407
721,306,414,320
688,312,304,251
693,314,297,250
650,312,242,216
629,323,191,186
617,331,166,166
623,336,142,151
636,337,128,143
635,336,127,143
643,330,117,141
648,322,109,142
646,313,102,148
642,308,102,157
644,308,97,164
642,304,92,166
644,299,100,185
648,292,101,201
652,286,106,202
658,280,106,204
657,274,109,228
658,273,108,225
656,267,118,235
650,264,128,237
649,263,143,246
638,253,161,258
634,247,174,264
631,242,187,270
628,237,207,277
633,228,225,287
639,219,243,297
648,210,264,306
656,196,276,317
658,199,280,315
671,186,288,323
669,168,308,339
667,151,329,355
