518,107,356,310
515,105,349,301
513,107,344,304
512,107,344,304
508,118,337,305
504,131,334,307
490,150,338,305
477,170,347,306
468,184,338,308
467,186,342,307
462,197,344,310
462,205,334,313
472,210,319,319
480,214,305,320
489,212,287,326
489,214,285,323
504,206,257,332
516,196,230,341
535,191,199,351
554,190,172,353
564,186,163,373
564,190,157,371
565,190,156,391
566,193,160,404
564,186,175,421
566,194,179,417
574,183,181,433
581,182,181,440
589,181,181,447
592,182,184,455
605,181,174,473
608,186,171,473
584,183,195,487
593,181,188,485
569,180,202,496
531,184,228,504
509,182,242,507
475,180,270,514
451,179,289,529
450,178,292,531
438,176,309,529
411,166,335,544
