610,147,270,198
609,147,268,188
610,146,282,185
620,144,282,185
621,145,292,178
620,144,293,177
637,142,285,175
642,141,293,170
647,137,298,171
643,135,306,169
649,134,306,167
646,133,310,164
651,134,301,154
648,136,310,151
649,133,309,155
640,137,317,149
633,138,312,148
632,137,317,151
633,143,320,144
630,144,319,137
629,143,325,139
634,145,322,132
635,147,328,132
633,146,328,132
637,151,331,129
644,152,325,127
648,157,327,125
650,160,326,126
650,165,322,129
648,163,320,130
651,171,319,127
645,191,323,115
640,206,318,112
630,221,314,104
619,235,312,101
616,239,315,95
605,251,316,97
593,267,310,95
586,280,307,91
576,291,299,89
566,297,292,90
564,302,294,82
561,314,287,79
560,322,275,83
557,329,271,83
563,335,263,81
571,338,249,83
570,339,248,82
579,341,248,86
589,344,248,84
592,346,249,88
608,346,232,91
613,344,232,92
614,344,227,91
618,344,225,91
618,342,223,90
623,341,216,89
627,340,211,89
630,339,206,89
634,338,202,89
637,336,197,89
641,336,193,89
645,335,188,89
649,334,183,90
653,335,174,90
657,335,171,90
660,335,168,90
664,335,165,90
666,334,161,89
675,335,153,97
683,337,142,96
687,340,138,95
691,343,135,95
696,346,132,94
700,349,128,94
705,352,125,93
709,355,122,93
713,358,119,93
715,361,115,97
717,368,113,91
721,376,111,92
726,381,107,94
731,386,104,96
732,386,104,96
731,391,103,93
732,397,95,91
733,400,92,89
729,405,90,85
730,408,83,81
730,407,82,81
727,411,80,77
723,413,80,70
718,414,79,67
713,412,79,66
707,410,79,66
707,410,78,66
704,407,77,67
696,406,80,67
694,404,78,69
691,403,77,69
686,404,76,71
687,402,74,71
684,403,73,71
685,403,72,71
683,405,72,70
683,408,70,68
681,411,70,69
681,412,70,67
681,414,73,68
