495,191,162,381
490,194,154,377
487,197,153,373
483,201,152,366
481,203,170,362
481,205,165,356
482,207,160,351
479,211,162,344
479,212,163,339
475,209,162,337
474,207,163,340
467,210,163,338
470,210,160,336
478,214,162,330
483,222,160,326
487,225,156,328
488,232,158,325
489,233,158,326
491,237,165,322
496,243,161,321
496,252,170,310
501,256,163,306
503,256,165,304
505,256,164,305
509,254,166,305
513,253,168,301
518,246,170,303
522,242,171,306
526,247,171,299
526,250,172,297
529,254,178,296
530,255,168,292
530,258,171,294
528,260,172,294
525,263,174,297
524,262,176,297
523,264,175,302
520,264,176,301
519,265,175,298
516,265,179,299
518,263,178,298
514,264,185,300
511,261,171,302
507,257,172,300
506,251,170,299
504,243,172,300
503,238,172,303
503,240,173,301
503,235,176,303
502,231,179,305
503,228,186,302
503,218,188,309
505,215,182,309
505,216,180,308
508,215,176,306
509,212,173,307
510,210,174,307
511,208,173,308
513,208,173,308
512,211,175,306
514,214,181,302
519,210,169,304
519,211,169,303
521,213,168,302
520,215,167,300
519,215,168,301
517,218,169,301
513,222,167,299
509,227,168,296
504,229,165,294
499,234,170,291
498,232,166,291
494,234,164,289
490,236,162,288
489,235,161,286
490,233,159,285
492,232,156,283
490,233,156,279
493,232,155,279
496,231,152,279
494,234,161,278
492,231,160,279
493,234,162,276
493,234,159,276
491,237,163,276
488,244,164,275
485,250,163,276
482,255,159,270
480,257,149,267
479,258,149,267
477,263,153,259
469,258,149,254
464,258,151,255
460,257,146,245
446,260,146,242
447,261,143,240
435,263,146,240
427,265,145,239
417,270,143,234
404,271,143,227
397,274,142,225
395,272,143,221
391,270,141,217
388,264,140,213
387,260,141,217
387,257,142,214
388,254,143,210
389,252,144,207
390,249,142,204
391,246,139,201
392,244,137,198
385,241,137,190
380,240,135,188
379,240,138,189
374,238,137,184
372,235,134,182
370,235,134,177
370,235,133,174
372,235,133,174
372,236,134,172
374,239,132,174
371,240,137,173
368,241,141,171
365,243,145,170
359,241,150,169
359,241,148,168
352,242,151,171
344,243,152,174
337,242,154,175
328,241,159,176
321,241,166,176
320,235,175,186
316,234,177,187
312,232,190,189
309,235,202,192
308,240,201,193
306,247,206,200
308,249,205,197
307,259,203,196
302,270,222,198
300,286,242,201
301,300,263,201
305,319,270,200
307,318,269,207
311,333,285,209
315,348,301,212
319,362,317,214
360,391,350,239
346,409,447,268
350,412,445,265
402,436,493,277
464,458,528,261
533,454,528,265
567,433,545,286
659,378,465,314
653,386,463,308
707,347,361,289
733,331,319,269
782,300,260,244
796,291,226,227
810,282,193,209
806,283,192,206
798,290,174,187
793,300,156,177
787,312,145,156
773,320,133,151
769,341,124,135
773,342,121,131
765,353,118,128
762,366,113,125
762,376,110,126
225,172,338,257
230,166,337,269
240,166,324,269
235,169,342,262
245,169,342,267
245,172,344,260
245,175,347,254
243,175,362,255
242,175,368,257
241,175,374,259
240,175,383,257
239,175,393,256
234,174,399,251
229,173,405,247
224,173,411,243
220,172,417,239
215,171,423,235
210,171,429,231
205,170,435,227
206,170,440,223
213,173,426,224
209,166,433,225
212,173,437,218
225,168,434,223
222,171,442,222
232,174,446,216
228,174,446,215
233,179,450,213
243,182,452,209
244,189,461,208
246,196,464,204
252,194,455,203
248,195,463,202
249,195,466,200
250,195,462,195
249,190,467,200
247,189,474,185
249,186,474,182
254,186,471,183
249,182,477,183
252,181,475,180
252,177,477,175
258,177,475,174
267,180,480,171
264,179,481,172
278,185,480,165
285,196,483,157
300,206,484,148
314,216,481,144
323,226,479,137
319,221,491,145
338,236,477,133
340,242,480,135
344,242,480,139
331,246,494,140
337,248,491,138
332,246,491,142
323,248,500,142
321,250,494,143
316,252,499,142
321,251,491,153
312,251,495,164
310,251,493,165
304,254,492,164
303,257,489,165
294,260,492,162
306,259,478,159
307,254,471,161
304,257,477,155
300,251,479,154
309,246,475,153
322,246,457,149
331,245,460,151
339,245,452,154
339,246,460,151
341,250,459,153
355,251,454,162
388,258,432,163
406,267,426,161
414,276,424,159
414,277,429,159
423,290,432,162
428,301,429,161
437,314,424,164
445,332,417,173
453,351,415,162
454,353,417,157
461,369,402,171
464,385,403,159
469,407,393,162
476,421,397,156
480,425,389,154
480,425,387,154
489,426,387,152
495,423,377,150
499,421,371,142
505,414,367,146
507,408,365,147
506,407,366,147
508,401,357,146
517,399,347,140
508,391,346,142
505,387,340,141
499,372,337,142
498,371,339,143
487,356,331,145
476,342,331,146
461,330,325,145
445,319,322,146
424,311,328,146
428,319,328,134
410,314,314,136
392,326,318,134
377,339,311,133
363,355,311,131
355,379,308,131
351,378,313,133
351,402,310,130
345,422,305,131
350,432,299,131
357,433,295,134
364,426,298,133
365,425,296,131
379,414,293,133
393,400,290,133
415,385,273,136
435,378,279,137
453,375,279,135
449,374,281,138
469,380,276,139
490,389,275,144
508,397,272,149
526,411,265,158
536,416,261,164
546,421,256,171
556,426,251,177
558,427,254,187
561,428,257,198
563,429,259,208
552,432,260,208
557,431,261,212
553,429,265,200
556,425,265,197
555,421,261,190
558,413,257,193
562,407,256,189
561,409,258,189
574,405,251,190
572,405,257,191
576,405,253,191
583,406,245,194
590,407,244,191
597,409,243,188
605,411,242,186
612,413,241,183
620,415,240,181
627,417,239,178
635,419,238,176
642,421,237,173
650,423,236,165
662,422,239,167
666,422,236,162
681,420,225,161
692,415,219,160
693,416,219,162
702,411,220,165
715,408,215,164
721,401,214,168
730,397,211,162
731,394,211,163
732,391,211,164
734,384,207,164
736,378,204,164
738,372,200,165
740,365,194,166
742,359,188,168
738,360,190,168
747,360,176,168
753,357,163,172
750,354,162,168
754,356,156,169
753,354,153,170
754,352,153,171
751,354,152,172
750,354,150,171
749,354,149,170
749,355,148,169
748,355,147,168
748,356,146,167
747,356,145,166
747,357,144,165
746,363,146,162
746,369,143,159
748,377,137,155
749,376,136,158
752,383,133,156
754,389,136,152
757,393,138,151
759,399,139,149
758,405,144,146
762,404,142,152
