533,35,398,456
529,26,390,476
532,24,387,481
526,22,390,493
520,27,401,503
518,35,405,515
521,45,410,514
531,60,408,508
528,58,414,512
537,68,413,511
539,82,434,502
545,83,420,504
540,79,430,508
546,81,429,503
545,78,429,508
548,81,430,510
545,83,434,505
542,91,443,511
548,98,438,513
554,115,439,509
554,120,447,509
557,120,442,519
566,133,434,517
569,137,436,517
575,141,427,517
581,144,423,515
578,147,419,510
586,144,412,512
584,137,410,511
585,124,413,511
583,120,418,509
594,102,412,515
597,103,402,515
600,89,396,520
608,82,393,506
622,71,381,502
634,62,370,501
644,46,357,503
639,48,362,502
