384,178,470,471
381,166,466,485
387,153,465,489
388,136,466,504
398,116,461,523
392,112,477,508
403,94,465,536
417,80,454,538
411,84,470,528
408,98,476,511
413,123,486,498
418,117,480,510
425,128,484,517
431,144,481,517
430,151,479,512
433,150,475,513
435,153,478,506
432,151,482,507
434,150,480,504
434,140,479,509
440,144,486,491
437,136,487,484
429,132,492,498
426,132,487,495
430,130,491,497
421,140,490,489
425,144,486,494
422,141,498,497
424,138,482,496
418,140,490,494
427,130,490,505
424,127,485,506
419,125,495,507
414,131,502,503
409,124,510,514
414,126,508,514
405,120,515,513
411,115,521,513
408,116,522,511
418,114,519,516
423,106,526,521
422,107,525,522
414,102,530,535
424,98,525,537
420,86,535,548
422,75,534,553
419,63,538,562
406,64,549,560
417,63,545,556
409,59,556,552
417,67,560,560
