400,47,421,670
399,48,421,669
401,49,418,668
407,50,411,667
405,50,412,667
408,51,408,666
412,52,403,665
410,52,405,665
414,53,400,664
279,54,534,663
278,55,534,663
277,60,542,657
276,57,531,660
275,62,535,656
286,60,517,655
283,64,534,655
280,67,561,652
283,77,570,642
278,90,597,628
273,86,609,632
268,105,621,612
260,127,640,591
247,154,650,564
224,177,667,541
214,205,659,514
209,207,663,512
180,225,672,495
151,243,678,476
121,262,676,457
92,252,674,467
63,236,674,483
62,238,675,482
41,226,681,493
20,214,687,505
0,202,693,517
0,184,697,536
0,161,719,559
0,169,724,551
0,149,770,571
0,142,828,577
0,135,886,584
2,136,959,584
0,131,1041,589
2,131,1039,589
0,128,1159,592
0,137,1138,583
5,137,1103,582
0,155,1136,565
0,168,1127,552
4,133,1127,587
0,181,1102,509
0,195,1077,469
0,216,1058,460
43,239,992,450
120,260,903,423
118,270,901,414
212,280,797,406
264,290,735,384
337,300,644,339
386,309,594,335
447,319,524,311
450,316,520,315
505,323,456,289
544,331,419,270
583,338,375,245
622,344,334,231
652,348,302,220
666,352,287,213
681,356,273,206
706,361,252,191
731,366,232,176
753,368,208,169
778,370,193,159
776,369,193,159
798,372,178,151
817,374,163,143
834,377,153,133
849,379,142,126
862,381,132,121
861,381,133,120
874,384,124,112
883,381,113,108
890,382,109,103
897,382,103,98
905,382,97,93
905,381,97,95
913,382,92,90
922,381,87,85
929,379,84,83
939,380,79,78
948,383,74,72
949,380,71,76
958,378,66,74
966,378,64,69
974,377,61,67
982,376,58,65
990,375,56,63
989,375,57,65
996,373,55,63
1003,374,53,59
1009,373,53,59
1013,373,54,56
1015,372,53,53
1016,372,53,53
1020,373,51,52
1023,373,51,53
