363,110,254,494
369,105,256,488
373,105,251,490
374,107,249,488
375,111,248,486
374,120,247,476
378,126,248,470
384,132,250,465
385,142,252,458
384,140,256,458
387,157,259,447
388,156,254,444
392,163,252,437
392,165,252,430
402,169,247,420
401,170,246,413
399,169,250,411
405,162,247,404
411,166,246,390
411,170,248,386
408,171,249,372
411,169,246,374
419,169,239,373
423,169,238,367
427,169,238,361
432,166,238,363
435,164,240,360
436,164,239,360
437,165,240,357
437,158,237,358
436,158,241,358
429,155,241,358
423,152,243,359
416,149,244,359
410,146,245,360
404,145,253,356
398,145,261,353
398,150,259,352
390,154,264,350
383,158,269,348
376,158,275,347
372,152,270,342
364,147,272,340
356,148,274,342
353,148,272,342
350,148,270,342
347,148,268,342
344,149,267,342
343,151,265,341
343,153,265,340
343,156,264,340
343,157,266,341
343,158,268,343
343,160,270,344
341,161,271,343
340,162,272,343
338,164,273,342
337,165,274,342
335,166,275,341
334,168,276,340
336,163,271,338
334,160,271,336
333,157,271,335
331,154,271,334
330,151,271,333
328,148,272,332
327,145,272,331
325,142,272,330
324,139,272,329
322,136,272,328
321,134,273,327
322,123,275,335
323,112,278,344
311,107,286,342
315,108,284,339
317,109,281,339
323,112,282,338
331,113,280,342
336,111,290,338
349,115,287,333
355,125,299,316
354,123,298,323
358,131,303,311
363,139,302,308
368,148,302,306
360,146,325,322
340,139,332,329
335,137,339,336
281,121,393,366
233,111,445,402
186,101,494,449
109,98,614,508
30,96,777,619
26,96,784,615
0,115,942,604
22,180,1049,539
199,245,1002,474
348,282,892,437
496,319,783,400
508,322,771,397
604,324,587,346
667,325,431,300
691,328,335,246
700,335,258,213
701,339,216,196
703,344,209,187
704,348,183,177
706,355,161,168
702,362,149,160
699,369,138,153
703,371,124,148
706,370,123,142
703,370,116,146
700,366,113,148
695,360,111,148
690,355,110,147
682,350,111,148
680,349,113,151
674,343,107,150
663,332,111,155
652,326,116,162
641,321,122,168
628,319,127,174
629,319,126,174
616,315,132,180
599,312,141,187
594,309,143,197
592,315,151,206
590,319,156,218
591,318,154,221
579,320,168,221
568,314,168,231
562,307,171,241
561,308,175,248
565,304,175,270
563,303,178,274
555,297,186,291
563,281,171,308
572,272,162,330
584,253,161,354
593,234,155,371
587,229,161,379
585,215,162,379
585,212,159,375
572,215,179,396
541,209,210,390
521,206,231,396
528,207,221,393
512,204,247,398
496,206,262,399
487,202,274,391
468,195,281,382
458,190,283,389
460,189,282,390
451,187,288,392
447,187,291,386
445,191,295,384
446,178,293,387
441,182,307,375
445,177,301,376
447,181,318,368
455,172,326,361
463,157,327,359
462,159,333,353
458,167,339,351
456,167,343,348
446,173,347,350
438,187,350,344
434,194,355,351
452,211,352,356
459,219,348,353
452,219,354,347
455,223,350,349
456,226,358,357
443,225,363,347
435,214,366,353
