275,171,444,547
276,173,444,543
269,176,444,540
268,188,461,531
277,180,456,539
276,185,467,534
288,189,467,530
300,193,469,526
328,198,448,518
323,201,454,518
326,205,453,514
323,206,456,513
321,206,458,513
301,206,476,513
310,206,461,513
312,207,457,512
311,207,459,512
308,207,452,512
304,208,453,511
309,208,455,511
300,208,472,511
294,205,491,514
285,213,518,506
273,214,534,505
243,202,568,517
227,194,595,525
189,191,649,528
154,184,705,535
154,184,706,535
117,181,763,538
80,178,820,541
51,176,897,543
13,191,948,528
0,197,959,522
1,201,959,514
3,214,953,505
5,227,939,492
0,241,988,478
4,254,978,457
9,279,968,423
13,280,958,413
61,289,899,397
108,297,840,367
156,306,781,353
203,314,721,338
322,338,605,324
330,343,589,310
370,349,534,295
409,354,479,281
449,360,425,266
465,360,403,257
481,361,382,247
490,362,366,243
507,363,345,233
540,363,299,223
558,364,274,205
572,365,255,197
586,366,240,189
585,367,240,184
606,367,217,171
627,368,194,164
640,369,184,149
652,370,173,145
675,371,152,138
671,372,158,137
680,373,150,128
690,374,142,124
705,375,128,119
714,376,121,115
729,377,111,111
728,378,110,107
746,377,96,107
757,377,92,105
768,378,89,103
775,379,87,94
787,378,83,92
785,377,86,92
790,377,84,89
799,374,82,86
808,373,79,81
819,375,68,79
826,372,65,77
827,372,64,77
835,370,61,75
842,370,59,72
850,371,57,69
857,369,56,67
865,368,53,64
863,368,56,64
870,366,53,64
877,368,50,61
882,367,47,62
886,367,47,61
892,366,45,59
891,366,46,60
898,365,45,56
903,365,44,57
911,365,42,53
913,365,42,55
919,366,40,52
919,367,39,50
924,367,38,49
930,367,39,47
935,366,39,48
941,369,37,48
