723,376,60,104
723,378,60,103
724,379,59,102
724,381,59,101
724,383,58,105
724,385,58,103
724,386,57,101
724,388,57,99
724,390,56,98
724,392,55,96
724,393,55,94
724,394,55,94
724,395,55,90
726,398,55,90
725,399,55,88
725,399,54,87
724,399,54,85
724,400,54,81
723,400,54,80
723,400,57,80
722,401,55,82
722,400,55,80
723,399,55,78
723,398,55,76
723,401,56,70
723,400,55,73
723,400,55,77
724,396,56,82
724,393,55,94
724,392,55,94
724,391,55,94
726,390,55,93
727,389,55,92
728,388,55,92
729,388,55,91
731,387,55,90
732,386,55,90
733,386,55,89
735,385,55,88
736,384,55,88
737,384,55,87
739,385,56,84
742,383,57,85
744,381,58,87
744,379,60,88
748,383,62,83
750,376,62,88
753,375,63,87
755,374,68,87
757,374,67,88
759,373,67,88
761,368,69,89
762,364,70,91
763,360,72,93
765,356,74,94
766,352,75,96
768,347,77,97
769,343,79,99
770,339,80,101
772,335,82,102
773,331,84,104
775,325,85,106
777,319,87,109
779,313,89,111
781,307,90,113
783,301,92,116
785,295,93,118
787,289,95,121
789,283,97,123
791,277,98,125
793,271,100,128
796,264,102,130
798,258,103,132
801,251,105,134
803,249,107,137
806,246,109,139
810,238,110,143
811,239,110,143
812,241,110,143
816,239,111,145
819,237,113,147
820,234,116,150
821,232,119,154
823,230,122,158
824,228,125,162
825,225,128,165
826,223,131,169
827,221,134,173
828,218,137,176
829,216,140,180
830,214,143,184
829,213,146,189
828,212,150,193
827,211,153,198
825,211,157,203
824,213,159,204
823,216,162,206
822,218,164,207
821,221,167,209
819,223,169,210
818,226,172,212
816,225,176,221
811,225,179,223
808,220,183,231
809,221,186,232
802,221,189,233
796,222,192,234
792,217,195,235
785,220,198,236
778,222,201,238
778,221,204,239
782,223,209,239
770,224,215,240
762,226,218,244
754,227,221,248
742,228,227,247
733,233,234,247
724,237,241,246
710,236,248,246
696,236,255,245
681,235,261,245
672,238,272,248
663,242,282,252
654,246,293,256
648,242,303,260
641,247,311,270
634,252,320,279
623,257,331,280
619,262,337,281
607,265,351,282
592,272,365,283
591,270,368,282
591,268,371,282
593,266,374,281
596,264,377,281
599,262,380,281
601,260,383,280
604,258,386,280
606,256,388,279
616,248,391,279
612,252,394,279
650,233,399,279
654,218,404,279
659,229,409,279
677,231,414,279
688,240,448,285
692,238,447,284
692,255,446,283
692,273,445,281
692,290,444,280
691,307,443,279
700,323,451,280
707,330,458,281
684,345,479,276
675,347,485,278
661,352,490,280
672,353,496,282
620,351,542,311
622,351,534,304
592,334,526,305
555,317,524,288
564,283,529,301
566,245,555,355
559,205,564,407
557,209,577,403
585,197,633,427
617,169,639,401
671,159,604,371
683,155,596,392
704,146,575,391
707,147,572,390
711,153,568,379
714,158,565,368
717,164,562,356
705,168,552,347
693,171,541,339
682,175,531,330
670,178,520,321
658,182,510,312
646,185,499,303
635,189,489,295
637,188,478,289
640,186,467,283
643,185,456,277
646,184,446,271
649,183,435,266
