279,223,307,259
278,217,310,268
282,217,312,260
277,210,321,258
268,208,335,258
270,206,331,251
269,204,340,245
268,203,336,244
260,209,347,239
252,202,355,236
252,211,374,233
253,212,367,231
253,213,359,228
254,214,362,225
244,209,386,224
239,212,371,220
248,214,398,218
245,216,401,215
246,217,404,212
247,218,408,210
259,221,411,207
267,226,406,196
273,230,418,195
279,234,430,195
284,243,435,186
280,239,438,188
281,246,447,183
281,250,448,181
274,252,455,166
271,251,454,165
265,251,458,171
266,249,456,177
260,248,466,173
258,248,470,165
260,248,472,169
261,248,478,167
256,249,487,166
258,250,487,168
260,250,485,168
257,249,490,162
255,256,493,160
249,252,500,158
248,250,495,157
244,250,497,155
246,249,494,152
238,245,501,153
236,244,500,150
227,245,510,148
231,247,511,148
228,246,514,149
237,248,513,151
237,254,513,145
240,262,518,141
241,271,516,138
250,278,515,137
257,280,507,136
251,287,510,131
252,290,508,135
248,297,511,129
241,300,512,123
245,300,498,119
243,302,501,114
240,299,498,114
236,293,498,112
244,289,492,107
253,285,486,105
264,282,481,101
260,282,485,101
269,279,483,104
288,280,472,102
285,281,486,105
305,289,464,97
309,289,458,102
306,289,462,100
303,294,459,106
298,300,455,107
294,306,451,107
290,312,447,107
286,318,442,108
285,322,441,108
278,328,440,109
279,336,439,112
287,357,431,111
292,368,431,111
294,373,422,114
293,372,427,115
301,379,421,117
312,387,410,108
320,383,406,115
331,378,404,116
345,369,392,112
341,369,395,111
356,355,390,114
373,345,380,107
380,330,383,113
393,322,376,108
397,316,371,103
400,313,364,108
401,311,365,99
401,304,358,102
400,294,347,103
386,289,349,102
382,291,339,97
380,291,337,102
373,288,334,106
371,286,326,103
369,284,319,99
370,286,315,100
371,287,312,101
372,288,308,102
374,290,305,103
381,290,299,103
389,291,293,103
397,292,287,104
404,293,281,104
412,294,275,105
420,295,269,105
427,296,264,105
439,302,261,100
450,305,255,99
463,305,247,102
461,306,249,100
476,308,246,106
487,308,239,94
495,308,234,94
503,308,230,96
512,312,222,95
512,311,221,97
518,319,217,97
522,326,205,98
527,339,203,102
528,348,194,101
522,360,193,102
522,361,193,102
520,371,186,101
509,379,186,104
502,384,183,110
497,382,173,114
485,377,154,127
485,376,154,126
480,373,160,121
475,368,156,112
466,362,159,109
461,353,160,104
458,340,161,106
455,340,166,107
454,324,168,117
453,322,163,116
452,318,166,115
452,320,165,114
453,320,167,111
453,323,167,114
455,328,167,111
457,337,165,107
462,342,162,104
466,347,158,98
472,351,156,95
473,352,155,94
478,351,156,95
484,350,153,95
493,346,150,96
499,351,146,90
505,346,147,94
506,346,148,94
512,343,145,95
517,339,145,95
523,336,141,96
526,334,141,95
527,333,141,97
528,332,141,96
530,331,141,96
531,332,139,96
532,334,138,96
533,336,137,97
535,338,136,97
536,338,136,93
537,339,134,96
538,342,133,96
540,343,131,98
541,345,130,98
545,344,126,102
541,345,132,99
542,347,130,99
545,349,128,96
547,350,125,97
550,350,121,98
551,350,118,99
552,351,117,98
556,350,113,100
558,353,111,99
563,353,107,102
564,359,104,97
567,362,102,97
567,363,102,97
569,367,99,96
571,372,97,95
573,378,96,95
576,383,94,93
576,387,92,92
577,387,94,95
