800,203,170,152
793,199,173,149
786,196,176,148
779,193,180,146
772,190,183,143
765,187,186,142
758,184,190,140
747,181,197,140
747,181,200,139
741,179,203,141
739,178,204,138
733,175,207,137
728,173,210,138
723,170,213,137
718,168,216,137
713,165,219,137
710,162,225,139
705,158,225,141
700,157,232,139
694,155,239,137
692,155,241,137
690,154,243,137
688,153,246,137
686,152,248,138
684,154,249,137
681,155,251,138
679,156,252,138
677,158,254,137
674,159,256,137
672,160,257,137
670,162,266,138
669,163,267,135
669,164,269,133
669,165,271,131
675,165,275,130
680,166,278,128
686,167,281,127
687,167,285,125
688,168,288,124
694,169,291,122
701,170,295,121
705,171,295,119
708,174,297,118
711,177,298,116
714,180,299,114
717,183,301,112
720,186,302,111
732,190,290,110
733,192,294,112
734,196,296,107
731,198,300,107
735,199,300,105
740,200,300,104
744,201,300,103
749,203,304,102
754,204,309,101
758,205,307,99
763,207,305,98
767,208,303,97
772,209,302,96
775,210,300,95
775,213,301,87
776,213,301,87
779,213,296,91
774,214,292,91
769,216,289,92
759,217,296,92
758,217,292,94
759,217,291,95
753,221,289,91
748,226,288,88
744,228,287,87
743,229,284,87
739,229,284,88
740,230,284,88
741,230,279,90
741,231,276,88
742,228,271,91
742,229,271,91
741,227,268,93
741,229,268,90
737,227,263,91
734,226,258,92
728,224,256,92
722,223,254,93
716,221,252,93
714,222,250,93
706,223,248,93
698,224,246,92
693,225,240,92
687,226,234,91
682,228,233,91
678,230,232,90
673,232,231,90
669,234,230,90
669,238,222,89
671,241,215,87
669,242,215,91
669,242,211,91
668,246,212,87
666,245,203,90
666,247,200,89
669,246,190,89
670,249,189,86
670,250,189,86
668,249,186,83
667,248,184,85
661,249,182,84
660,251,175,85
655,249,173,89
653,248,176,90
657,253,163,88
648,257,164,91
649,262,156,90
645,266,154,92
642,275,151,95
641,274,153,94
639,284,150,97
639,298,144,97
637,309,140,99
638,316,130,111
632,326,132,112
633,327,133,112
627,335,129,117
622,348,120,117
622,360,112,108
615,366,110,103
606,375,111,96
606,375,110,96
604,380,96,87
593,381,99,84
583,381,103,83
573,379,100,88
568,378,95,87
568,378,93,88
563,375,92,89
556,374,91,88
549,373,91,87
542,372,91,86
536,371,91,83
535,369,90,84
528,369,89,79
521,366,89,81
513,364,89,81
507,362,89,80
502,361,90,79
497,360,90,78
493,356,85,79
486,354,85,79
478,351,86,80
475,349,82,81
467,346,86,82
466,347,86,80
461,345,84,80
455,343,82,80
451,341,79,79
447,338,77,79
442,334,75,79
441,334,76,77
435,330,77,77
432,326,76,75
428,319,70,76
424,314,69,75
420,309,69,74
420,309,69,74
417,302,69,75
413,297,70,75
