618,209,210,102
625,205,211,102
632,201,213,103
639,198,215,103
646,194,216,104
656,188,218,104
667,183,220,105
674,179,232,108
681,176,245,111
690,170,267,112
691,176,273,104
706,168,269,115
706,165,282,116
710,160,289,120
707,157,306,122
706,155,322,122
701,150,339,127
697,146,356,131
702,142,364,128
697,134,373,139
692,136,432,139
689,130,427,144
688,130,430,146
676,130,460,148
670,128,472,152
653,131,491,155
640,133,525,158
620,139,542,167
611,141,552,161
592,150,548,166
577,158,558,170
555,165,596,181
541,167,607,184
520,174,626,180
518,174,634,183
499,178,632,177
487,174,631,180
470,166,630,181
458,158,638,184
451,152,637,181
437,156,651,180
448,144,633,182
440,144,635,182
431,144,626,185
424,151,636,179
423,159,616,177
411,163,633,178
397,177,630,169
384,188,631,172
379,201,638,180
359,219,657,180
372,238,608,181
367,239,606,179
356,256,603,177
345,274,599,175
334,292,596,174
326,305,585,172
318,317,578,171
310,330,570,169
303,343,563,167
283,363,548,162
274,372,527,167
255,379,518,172
256,389,495,166
249,390,506,161
240,402,491,153
242,412,476,146
255,418,453,141
258,423,447,142
267,425,440,142
255,427,454,140
278,417,424,142
287,409,417,147
335,395,371,156
348,388,356,157
356,385,357,156
365,382,360,156
384,372,362,156
408,368,349,157
425,364,335,153
424,364,354,149
437,360,343,147
449,357,332,146
463,353,321,140
483,345,310,143
494,334,299,141
504,324,288,139
514,314,277,138
525,303,266,136
535,293,255,135
548,287,249,133
563,276,242,130
579,266,235,128
595,256,229,126
608,252,222,124
622,247,216,122
635,243,209,120
649,239,203,118
665,232,196,116
682,226,189,114
679,226,188,117
684,224,183,114
690,222,178,113
696,221,173,111
702,221,168,109
708,221,163,107
710,216,158,105
714,228,157,93
720,225,154,98
721,224,150,101
724,229,148,103
730,232,142,107
729,232,145,106
736,235,134,106
744,238,123,107
739,238,124,104
735,239,125,102
733,247,118,94
732,246,122,92
730,252,122,90
729,258,122,88
726,259,124,91
721,261,124,91
717,263,124,91
712,265,125,91
708,268,125,91
703,270,125,90
699,272,126,90
694,274,126,90
690,277,127,87
687,277,128,90
691,279,118,87
685,279,117,86
683,278,115,87
678,276,113,87
674,275,117,87
673,274,117,88
672,274,114,88
671,272,112,89
668,271,113,89
663,270,117,90
664,269,112,90
664,269,112,90
667,270,105,89
664,269,104,88
665,269,100,86
669,267,94,87
671,266,91,88
670,266,92,88
672,263,90,89
676,261,87,88
683,257,81,91
686,256,81,91
687,256,81,88
688,257,79,88
