181,1,481,718
194,0,495,720
206,0,520,719
219,22,537,697
231,52,560,667
244,81,579,638
256,87,566,632
268,123,588,596
281,159,599,560
268,194,633,525
306,230,620,489
344,248,605,471
349,248,607,471
0,260,967,458
0,267,980,451
0,268,995,450
0,264,1014,455
9,264,1019,455
14,267,1014,452
71,267,962,452
144,272,895,446
202,272,838,447
245,266,799,452
313,264,730,455
312,264,732,454
394,274,655,445
433,275,620,444
472,276,584,443
511,277,547,437
588,278,472,409
589,279,474,408
628,278,433,382
659,277,410,358
695,277,372,327
722,276,342,307
747,277,323,281
755,275,312,274
772,274,290,257
789,273,269,240
807,272,248,223
824,270,226,206
841,269,204,186
841,273,204,185
850,264,189,179
858,262,175,167
867,260,162,155
875,258,148,143
884,257,134,130
881,256,136,131
887,252,123,124
893,247,114,115
893,243,109,108
895,239,103,102
897,234,96,96
897,233,98,97
898,229,93,90
900,225,86,88
901,220,82,84
903,215,76,79
903,210,72,75
903,209,71,77
900,205,70,72
908,200,61,69
