225,172,338,257
230,166,337,269
240,166,324,269
235,169,342,262
245,169,342,267
245,172,344,260
245,175,347,254
243,175,362,255
242,175,368,257
241,175,374,259
240,175,383,257
239,175,393,256
234,174,399,251
229,173,405,247
224,173,411,243
220,172,417,239
215,171,423,235
210,171,429,231
205,170,435,227
206,170,440,223
213,173,426,224
209,166,433,225
212,173,437,218
225,168,434,223
222,171,442,222
232,174,446,216
228,174,446,215
233,179,450,213
243,182,452,209
244,189,461,208
246,196,464,204
252,194,455,203
248,195,463,202
249,195,466,200
250,195,462,195
249,190,467,200
247,189,474,185
249,186,474,182
254,186,471,183
249,182,477,183
252,181,475,180
252,177,477,175
258,177,475,174
267,180,480,171
264,179,481,172
278,185,480,165
285,196,483,157
300,206,484,148
314,216,481,144
323,226,479,137
319,221,491,145
338,236,477,133
340,242,480,135
344,242,480,139
331,246,494,140
337,248,491,138
332,246,491,142
323,248,500,142
321,250,494,143
316,252,499,142
321,251,491,153
312,251,495,164
310,251,493,165
304,254,492,164
303,257,489,165
294,260,492,162
306,259,478,159
307,254,471,161
304,257,477,155
300,251,479,154
309,246,475,153
322,246,457,149
331,245,460,151
339,245,452,154
339,246,460,151
341,250,459,153
355,251,454,162
388,258,432,163
406,267,426,161
414,276,424,159
414,277,429,159
423,290,432,162
428,301,429,161
437,314,424,164
445,332,417,173
453,351,415,162
454,353,417,157
461,369,402,171
464,385,403,159
469,407,393,162
476,421,397,156
480,425,389,154
480,425,387,154
489,426,387,152
495,423,377,150
499,421,371,142
505,414,367,146
507,408,365,147
506,407,366,147
508,401,357,146
517,399,347,140
508,391,346,142
505,387,340,141
499,372,337,142
498,371,339,143
487,356,331,145
476,342,331,146
461,330,325,145
445,319,322,146
424,311,328,146
428,319,328,134
410,314,314,136
392,326,318,134
377,339,311,133
363,355,311,131
355,379,308,131
351,378,313,133
351,402,310,130
345,422,305,131
350,432,299,131
357,433,295,134
364,426,298,133
365,425,296,131
379,414,293,133
393,400,290,133
415,385,273,136
435,378,279,137
453,375,279,135
449,374,281,138
469,380,276,139
490,389,275,144
508,397,272,149
526,411,265,158
536,416,261,164
546,421,256,171
556,426,251,177
558,427,254,187
561,428,257,198
563,429,259,208
552,432,260,208
557,431,261,212
553,429,265,200
556,425,265,197
555,421,261,190
558,413,257,193
562,407,256,189
561,409,258,189
574,405,251,190
572,405,257,191
576,405,253,191
583,406,245,194
590,407,244,191
597,409,243,188
605,411,242,186
612,413,241,183
620,415,240,181
627,417,239,178
635,419,238,176
642,421,237,173
650,423,236,165
662,422,239,167
666,422,236,162
681,420,225,161
692,415,219,160
693,416,219,162
702,411,220,165
715,408,215,164
721,401,214,168
730,397,211,162
731,394,211,163
732,391,211,164
734,384,207,164
736,378,204,164
738,372,200,165
740,365,194,166
742,359,188,168
738,360,190,168
747,360,176,168
753,357,163,172
750,354,162,168
754,356,156,169
753,354,153,170
754,352,153,171
751,354,152,172
750,354,150,171
749,354,149,170
749,355,148,169
748,355,147,168
748,356,146,167
747,356,145,166
747,357,144,165
746,363,146,162
746,369,143,159
748,377,137,155
749,376,136,158
752,383,133,156
754,389,136,152
757,393,138,151
759,399,139,149
758,405,144,146
762,404,142,152
