548,256,71,97
548,257,70,97
548,259,69,97
549,260,68,97
548,262,69,97
547,263,70,97
546,265,71,97
545,266,71,97
544,268,72,97
543,269,73,97
542,271,74,97
536,271,79,99
533,271,81,100
530,270,84,102
527,270,86,104
524,270,88,109
521,270,91,108
518,270,93,110
514,270,94,110
511,270,95,111
508,270,97,112
505,270,98,112
502,270,100,113
499,270,101,114
495,270,103,114
492,270,105,115
489,270,108,116
487,269,111,118
485,269,114,120
483,268,117,122
481,269,118,122
478,270,120,122
476,271,123,125
474,272,127,128
472,273,131,131
470,274,135,133
468,275,139,136
466,276,143,138
464,277,145,141
462,279,147,144
457,279,156,148
453,280,166,152
449,281,175,157
445,281,185,161
439,281,196,166
433,280,207,171
427,279,219,176
422,278,230,181
417,274,243,194
415,272,244,196
406,272,260,195
400,268,276,197
394,265,291,202
385,254,308,220
379,255,335,215
382,252,330,218
374,248,351,225
366,245,379,235
359,242,403,244
351,238,428,260
344,235,454,276
336,234,470,277
328,235,499,295
320,237,528,314
314,228,563,344
308,219,599,375
299,200,655,423
291,194,669,430
292,188,681,468
279,181,708,505
265,175,735,543
248,182,736,536
225,189,720,463
215,184,739,477
198,193,782,450
156,202,800,493
119,222,794,489
106,232,788,487
95,237,773,483
90,235,785,485
97,247,745,472
111,248,728,471
130,249,716,470
170,262,694,456
217,262,653,455
226,262,650,455
270,261,625,438
314,261,601,421
359,260,576,405
397,259,557,384
436,259,539,363
439,253,538,372
464,254,526,363
489,255,515,354
492,256,514,346
495,257,513,337
498,258,512,329
499,259,514,332
494,259,484,329
