353,227,211,180
346,227,213,173
339,228,215,167
331,224,221,170
331,222,219,174
325,223,217,169
319,218,221,169
313,213,226,170
307,209,230,170
302,204,235,171
300,204,240,172
299,202,241,172
296,199,243,173
293,196,245,175
290,193,247,176
287,190,250,178
284,187,252,180
281,184,254,181
278,181,256,183
275,177,262,186
274,179,272,186
277,175,275,186
279,175,265,188
277,172,281,192
279,169,285,192
281,166,288,189
281,167,290,187
280,165,303,184
278,165,304,185
276,160,315,190
276,164,326,185
277,158,331,189
277,161,340,180
277,161,345,176
275,161,346,173
274,161,347,171
276,163,350,167
271,163,366,159
265,162,362,161
261,162,366,161
264,159,361,164
254,159,367,152
240,158,381,151
231,157,395,149
224,155,404,153
216,157,397,153
213,156,397,154
215,160,409,151
209,165,414,152
205,172,424,149
202,181,431,151
201,187,446,149
197,187,444,154
207,191,444,152
206,194,448,155
203,197,455,152
199,200,459,148
195,202,463,143
197,204,463,140
199,206,464,137
195,214,467,127
204,220,463,120
209,221,462,125
207,232,471,113
211,234,464,112
213,239,464,114
216,245,456,112
220,244,454,113
218,238,464,115
214,232,456,120
212,231,461,118
209,235,460,117
211,235,459,120
216,236,453,119
217,249,447,120
218,260,442,114
219,262,446,114
220,279,442,115
231,296,437,115
230,311,427,112
229,318,422,118
229,320,418,119
230,322,414,121
231,324,410,123
232,326,406,125
226,325,399,123
220,325,393,121
214,324,387,120
211,326,388,118
204,323,381,123
193,325,378,125
182,322,372,131
186,327,361,135
189,336,353,136
189,337,347,135
190,350,342,135
192,363,337,135
197,374,328,135
203,382,320,131
209,391,312,128
205,394,314,125
213,395,298,124
215,388,289,134
216,386,279,144
218,387,260,145
229,394,238,139
231,395,233,139
216,402,237,139
213,410,230,138
208,403,216,152
221,402,188,161
212,404,187,142
209,405,190,143
209,403,181,135
206,402,180,127
210,397,173,119
216,390,173,125
218,388,164,121
219,388,162,124
218,387,160,116
222,387,158,117
228,391,154,118
232,394,151,115
238,399,148,117
244,400,141,117
247,404,142,118
259,406,128,116
272,409,123,112
285,411,119,109
298,409,113,112
300,410,111,112
311,408,112,113
321,405,112,105
336,405,105,102
347,397,109,103
357,395,111,98
357,396,113,100
370,392,113,95
388,385,111,97
398,383,111,97
