746,116,393,414
745,117,394,416
744,118,394,418
743,119,396,421
743,120,397,423
742,121,398,426
741,122,399,428
741,123,399,430
740,124,401,433
739,125,402,435
739,126,403,438
738,125,404,439
738,124,405,440
737,123,406,441
737,122,407,442
735,124,410,444
732,126,414,446
730,134,415,446
727,141,416,446
725,149,416,447
723,157,418,448
723,160,419,450
723,164,421,452
724,168,422,454
724,172,424,456
720,180,425,458
715,187,427,460
710,194,428,462
705,201,430,464
700,208,431,466
689,220,433,469
686,223,433,468
684,227,434,467
682,231,434,467
680,235,435,466
680,234,439,462
679,233,443,459
678,232,448,455
678,231,452,451
677,231,456,447
676,230,459,441
668,226,462,440
660,222,466,439
652,218,470,438
644,214,474,438
636,211,478,437
632,211,480,436
628,212,482,434
624,212,484,432
620,213,486,431
616,214,488,430
610,213,490,427
605,212,491,424
600,211,494,421
595,210,496,418
590,208,498,414
585,207,500,411
580,206,502,408
575,205,504,405
570,204,506,402
565,203,508,399
560,206,511,399
556,209,514,399
551,212,517,399
543,215,525,390
530,218,536,387
523,221,542,393
530,225,534,380
517,228,546,384
517,231,544,379
521,234,539,372
515,233,546,370
514,232,548,371
512,231,551,360
509,230,555,358
506,229,558,356
504,228,562,354
501,227,566,346
503,226,564,338
504,225,564,337
499,224,570,343
503,224,570,346
499,216,579,340
499,216,594,335
498,192,599,348
482,182,617,352
481,160,615,366
483,162,622,368
491,125,617,407
493,89,618,442
503,53,610,489
500,16,629,549
517,2,649,600
524,9,656,594
521,0,673,630
488,6,720,605
500,18,734,513
494,32,765,493
488,43,783,441
480,49,793,435
476,64,800,446
464,78,816,448
460,99,819,439
457,120,823,431
459,131,820,422
461,142,818,414
464,153,815,406
485,164,794,397
489,168,790,386
493,172,786,375
497,176,782,365
495,171,785,372
480,173,800,368
457,183,812,351
420,186,809,327
372,197,843,328
339,213,819,302
333,209,842,310
290,216,833,313
243,228,849,308
208,239,861,311
