578,53,399,522
602,57,368,525
618,53,334,529
611,59,334,523
592,56,341,529
592,62,344,529
559,66,372,528
555,72,358,525
546,93,356,515
546,114,352,499
537,123,361,498
539,122,363,496
537,137,356,490
521,149,372,490
519,150,374,488
520,155,382,487
519,157,394,491
520,155,395,495
529,152,396,498
529,158,424,490
533,160,448,490
538,177,466,471
559,180,475,473
556,178,483,474
577,180,494,470
591,155,519,494
604,132,536,518
606,128,563,529
613,88,588,559
621,92,570,546
638,59,599,583
637,47,600,578
637,35,601,574
629,20,612,578
621,5,623,582
627,6,599,583
625,6,614,550
