713,144,275,574
712,146,276,572
711,149,277,570
710,152,277,564
710,155,277,559
710,158,277,554
707,171,279,542
704,185,281,531
701,198,283,519
698,211,285,508
701,240,280,478
698,272,290,447
690,280,302,439
682,288,314,431
674,294,328,425
666,277,349,442
658,261,369,459
640,249,409,470
634,241,433,478
629,233,457,486
624,225,481,494
608,217,536,502
573,217,598,502
539,217,661,502
537,217,660,502
484,224,728,495
431,231,753,488
419,238,758,479
406,245,733,424
395,251,684,352
390,250,693,353
382,250,643,327
379,246,594,335
380,227,547,347
383,216,503,338
403,199,441,353
393,207,439,345
401,199,405,331
415,188,356,326
426,179,314,311
438,177,287,294
454,181,254,291
452,180,253,290
466,186,229,274
478,201,201,260
488,220,183,238
496,239,165,221
502,252,151,207
503,254,149,205
511,276,138,192
515,297,129,176
529,309,103,163
535,332,102,149
539,351,90,134
539,349,88,136
540,360,89,131
540,365,79,131
541,376,75,118
541,383,73,113
542,391,68,109
541,392,70,106
540,396,62,99
539,403,59,92
537,408,57,90
535,411,55,83
533,414,53,79
533,415,53,78
532,418,51,74
530,420,49,72
529,423,47,68
529,426,46,66
526,429,43,61
527,430,43,60
524,432,42,59
523,435,40,56
522,437,39,55
521,440,38,52
521,444,37,51
520,443,36,50
519,447,35,49
519,449,33,49
516,454,33,46
514,454,33,45
511,457,33,44
513,457,31,44
849,106,13,21
849,107,12,20
850,108,12,20
850,109,12,20
850,110,12,21
850,111,12,21
850,111,12,21
850,112,12,22
851,113,13,22
851,114,13,22
852,115,13,23
851,115,13,22
851,116,13,23
852,118,13,24
852,119,14,25
851,119,14,24
851,120,14,25
851,119,15,26
851,121,15,27
850,122,16,28
851,123,16,28
852,125,16,29
853,126,16,29
855,127,16,29
856,129,16,29
856,130,17,30
857,131,19,30
859,134,19,31
860,135,19,32
860,134,19,33
862,136,19,33
862,137,20,34
862,139,21,35
863,140,22,36
863,142,24,37
863,141,25,39
863,144,26,40
863,146,27,41
863,147,28,42
863,149,29,43
863,150,30,44
862,150,32,45
860,150,35,48
859,150,38,51
857,151,40,52
856,151,44,55
854,154,47,55
853,153,51,59
851,151,54,62
850,150,58,66
848,149,61,70
846,145,70,81
843,141,84,88
841,138,84,93
841,137,97,100
839,132,122,114
836,128,155,130
838,125,194,153
833,120,254,186
828,115,264,198
823,110,361,247
781,121,498,324
668,146,611,379
434,172,845,419
254,223,1025,414
263,228,1016,401
176,258,877,400
169,268,615,361
202,263,438,308
254,260,319,255
307,256,249,215
303,259,257,203
357,259,210,185
399,267,173,166
420,270,154,159
435,265,139,164
433,256,137,174
428,257,143,172
425,244,148,191
419,221,148,219
412,183,151,265
401,137,160,320
380,88,185,387
383,90,178,389
360,39,207,452
356,0,220,463
345,0,237,521
315,0,268,550
292,0,313,544
289,0,322,542
304,0,342,564
329,0,367,567
369,0,389,552
391,34,421,522
404,51,425,502
416,67,430,482
429,84,434,462
435,107,437,442
441,131,440,422
464,147,420,398
475,162,407,380
472,157,411,384
478,158,394,367
485,160,377,350
492,162,360,333
633,137,299,228
638,137,305,226
639,136,311,223
645,135,317,221
658,134,323,218
663,133,334,211
674,132,339,209
677,131,344,208
678,129,344,206
682,129,351,205
687,129,359,203
692,122,361,200
692,121,368,197
698,117,372,198
697,118,373,197
703,116,374,197
700,118,380,200
700,118,383,200
698,119,384,186
692,118,388,196
688,118,395,194
685,123,392,191
675,124,397,188
663,126,400,183
664,125,396,182
654,122,407,178
653,120,407,180
653,116,409,177
653,112,410,174
654,109,412,170
652,105,414,164
651,103,418,163
651,103,416,163
653,102,414,159
651,102,414,156
650,105,417,156
650,111,421,152
653,118,419,148
655,118,418,148
657,124,420,142
665,134,426,147
670,148,433,146
685,158,430,141
692,162,428,139
700,166,427,136
707,171,426,134
715,175,425,131
722,180,424,129
730,184,423,126
730,189,423,113
730,189,426,119
723,186,410,116
712,183,422,111
703,181,423,104
694,175,418,104
684,166,407,101
686,168,405,100
668,162,405,98
651,158,399,100
631,152,398,100
612,150,403,101
599,151,378,92
606,150,375,95
580,151,383,90
569,156,368,87
561,163,363,82
556,167,359,81
552,172,357,79
554,171,354,82
555,177,345,80
559,177,348,85
570,187,331,83
583,190,323,82
592,187,329,81
593,189,325,80
610,188,319,78
620,189,315,82
630,192,307,86
640,195,300,90
643,198,299,89
647,201,299,89
649,207,293,87
652,213,287,86
654,219,281,84
657,225,275,83
659,231,269,82
664,232,264,81
669,234,259,79
674,235,254,78
679,237,249,77
684,239,245,76
691,237,252,75
690,237,249,76
697,236,245,75
706,235,234,76
715,236,232,77
723,235,224,74
731,233,212,74
732,234,212,73
734,232,206,79
738,234,206,73
741,234,203,76
745,235,194,76
748,236,189,75
749,236,189,75
749,235,188,78
748,237,189,78
746,238,194,80
756,240,183,80
757,245,179,80
755,245,187,82
768,243,172,87
770,245,169,90
770,247,172,92
773,248,170,93
777,249,167,93
780,250,164,94
784,251,161,94
793,253,154,95
789,254,155,93
790,255,153,95
796,267,140,84
801,268,135,82
797,273,145,85
793,279,144,88
789,284,144,90
787,295,141,90
785,305,137,90
785,305,137,88
780,318,138,86
775,332,134,85
771,343,127,88
767,356,125,91
766,370,123,85
766,371,120,86
771,375,110,86
772,383,115,80
769,392,117,73
766,396,115,68
762,396,115,67
760,397,117,69
759,395,113,66
755,391,112,66
751,387,108,67
748,384,108,68
746,381,108,69
743,379,109,70
741,376,109,72
739,374,112,71
737,371,111,72
737,365,113,80
738,360,110,78
737,360,110,79
738,356,110,80
742,347,111,84
744,344,110,85
750,338,109,89
754,337,110,89
754,337,110,90
757,336,111,91
762,337,113,92
763,338,113,90
766,343,112,91
767,344,110,91
767,346,110,92
587,106,370,543
579,107,382,542
575,114,401,540
588,115,397,576
600,109,398,599
604,115,392,595
617,107,403,613
628,103,404,602
639,108,399,598
651,104,394,616
664,105,391,614
671,104,386,603
704,124,354,596
723,128,334,591
728,137,334,582
735,166,317,553
743,192,300,527
744,191,297,528
754,221,292,498
751,243,286,476
742,259,287,460
727,260,292,459
712,255,299,464
709,256,298,463
687,247,307,472
657,228,320,490
623,209,332,510
600,176,343,536
581,148,352,570
577,148,354,568
569,121,359,598
