649,329,108,201
648,331,108,199
648,333,108,197
647,335,108,196
647,337,108,194
646,339,108,193
646,341,108,191
645,343,108,189
645,345,108,188
644,347,108,186
644,349,108,185
643,352,107,184
642,355,107,183
641,357,106,184
640,358,106,185
639,359,105,186
639,361,105,188
639,363,106,184
640,363,105,186
636,361,107,189
637,363,108,189
636,359,109,192
630,357,116,194
631,358,113,192
633,359,110,190
632,357,110,190
630,354,109,191
629,352,108,192
628,350,108,193
627,345,110,196
628,350,111,195
633,337,104,203
633,337,106,203
633,337,105,203
633,338,106,199
634,337,109,199
635,336,111,199
637,335,113,199
638,334,115,199
639,333,117,199
641,333,120,199
642,328,121,200
644,324,122,201
646,320,123,203
648,316,124,204
650,312,125,206
652,308,126,207
654,303,127,209
656,299,129,210
658,295,130,212
660,287,127,218
660,282,129,217
661,273,131,221
661,264,134,225
662,255,136,229
662,246,139,233
663,237,141,237
665,236,143,233
667,229,144,234
669,222,146,235
671,216,148,236
673,213,149,238
675,210,150,241
677,207,151,244
679,204,152,246
682,202,154,249
684,199,155,252
686,196,156,254
688,193,157,257
690,190,158,260
693,188,159,263
694,184,161,265
696,181,163,268
697,178,165,270
699,175,167,273
700,171,169,275
696,170,172,278
693,169,174,280
689,167,176,283
685,166,178,285
689,166,172,286
686,166,174,290
684,166,177,295
682,166,180,299
679,166,182,304
677,166,185,308
675,166,188,313
672,166,190,317
670,166,193,322
668,166,196,326
665,163,201,327
663,161,204,329
661,160,207,331
660,159,209,334
658,158,212,336
656,156,214,339
655,155,217,341
653,154,220,344
652,156,223,341
651,159,227,338
650,162,231,335
649,162,236,338
649,162,241,342
649,162,246,346
649,162,251,350
649,162,256,354
649,163,262,361
649,163,269,367
649,163,275,374
641,156,294,376
641,157,273,379
641,155,279,387
638,149,272,389
629,141,277,406
631,151,308,404
623,160,328,394
622,163,334,394
621,166,340,393
620,169,346,393
619,172,352,393
619,175,357,393
617,173,378,406
618,182,378,398
619,179,380,401
621,176,393,405
621,177,399,406
621,178,405,407
622,179,411,409
622,180,417,410
622,181,423,411
623,183,429,413
615,189,438,415
607,203,438,410
599,207,449,413
598,210,425,418
590,206,446,419
587,214,449,424
567,247,468,406
562,258,480,400
557,270,472,402
553,282,465,404
554,284,471,399
555,287,480,395
557,289,490,390
558,291,500,385
560,294,509,381
561,287,519,376
562,281,528,381
564,296,538,367
565,301,547,362
567,305,557,358
567,295,595,373
552,312,618,368
555,309,619,376
550,321,617,382
546,332,612,387
552,346,602,374
554,306,593,412
561,246,584,473
567,237,574,482
574,205,565,514
518,171,645,547
450,192,659,526
384,223,752,438
373,206,785,413
354,203,802,412
421,200,735,410
360,189,775,391
364,187,780,402
386,190,773,397
417,194,767,392
410,193,773,389
427,204,770,380
429,207,774,380
423,214,775,385
419,226,786,386
441,238,773,383
445,242,769,370
451,216,759,384
440,198,772,396
429,184,756,388
431,162,743,392
459,147,737,400
464,147,741,398
470,146,745,396
487,143,735,400
504,140,725,405
523,146,700,408
569,232,227,116
570,234,231,114
572,237,236,112
573,239,241,110
575,242,246,107
577,245,251,106
579,249,257,105
580,249,256,105
591,254,253,103
595,257,260,102
606,260,253,104
608,262,261,101
608,263,269,101
608,262,272,103
611,262,275,101
615,262,277,99
619,262,281,100
624,260,275,96
626,260,280,95
628,259,278,97
632,259,279,95
633,257,281,92
630,257,291,91
629,261,291,91
625,261,297,89
624,261,298,90
621,263,293,89
617,267,291,90
613,271,295,91
609,275,300,93
610,277,301,95
612,282,299,89
610,288,301,90
610,295,301,95
604,300,309,92
602,307,301,95
596,315,311,96
596,316,311,95
591,323,309,90
584,327,310,92
576,326,306,95
565,325,311,94
557,328,318,88
561,326,313,89
549,323,311,90
534,316,318,93
522,316,318,90
510,310,313,95
498,305,311,96
493,304,314,94
481,303,317,92
469,296,320,96
464,294,312,93
457,285,307,98
453,281,306,100
449,278,306,102
446,275,305,104
442,272,305,106
439,269,305,111
439,271,308,110
434,274,314,108
438,275,309,108
438,282,321,102
439,283,312,100
441,285,307,98
441,285,309,99
438,282,307,102
439,284,304,99
444,281,300,98
435,277,303,95
434,274,299,99
432,269,296,101
434,267,288,99
433,266,290,100
435,265,284,95
436,265,282,93
438,264,280,95
441,264,275,96
448,265,265,98
447,264,267,98
453,261,273,102
460,260,262,106
468,258,265,113
466,263,272,110
475,265,265,113
472,263,270,115
482,269,265,115
493,275,259,115
502,278,253,118
505,283,255,114
508,288,257,111
511,288,253,111
514,289,250,112
517,289,247,113
521,290,243,113
524,290,240,114
517,287,246,112
512,287,245,112
508,286,245,112
511,282,230,110
515,279,215,108
502,277,225,109
499,275,222,110
496,272,218,111
487,268,218,113
487,266,216,112
486,264,213,112
486,261,211,111
492,262,201,113
492,262,203,112
497,263,201,108
510,263,198,111
519,265,194,111
530,267,188,114
532,274,172,123
531,272,172,126
538,274,169,128
546,276,166,130
564,278,153,155
566,280,155,153
568,282,158,152
570,283,153,151
565,293,157,148
566,300,158,141
562,307,162,139
557,316,161,135
553,326,158,129
553,328,157,127
547,335,153,125
539,340,154,122
531,345,158,116
524,344,161,118
522,345,161,116
521,345,160,116
521,344,157,118
522,344,153,116
522,343,152,116
521,343,152,115
520,342,150,115
519,343,151,115
518,344,150,114
518,341,141,113
518,344,140,109
400,212,739,507
395,214,730,499
390,212,739,497
382,224,758,484
379,228,753,484
375,233,762,472
366,236,766,476
360,221,762,489
356,223,768,484
349,209,767,504
333,209,782,507
328,192,769,519
318,170,778,534
306,144,801,568
306,140,793,571
307,113,796,606
308,96,794,617
296,67,796,645
277,45,805,672
259,27,826,687
247,36,845,683
252,13,844,700
246,0,850,713
240,0,860,711
239,0,866,716
241,0,860,711
241,0,858,718
238,0,862,720
217,0,883,720
203,0,870,720
182,10,896,709
173,13,871,701
188,9,860,706
166,25,877,690
145,41,879,679
140,64,910,655
