678,100,218,601
675,99,217,599
673,101,219,601
671,102,221,594
670,100,222,595
676,108,223,587
677,109,224,588
675,106,223,593
666,119,230,578
673,119,226,585
672,125,224,576
673,131,225,578
670,133,227,579
668,148,229,567
665,163,231,556
671,190,221,527
664,197,229,517
658,218,235,498
656,220,239,494
658,240,233,476
658,266,234,453
658,297,235,423
652,317,243,403
655,326,248,394
654,329,250,391
662,342,253,378
665,350,265,370
675,354,277,366
678,353,300,367
704,352,311,365
706,353,308,366
716,352,342,364
718,350,385,369
722,361,427,359
725,370,470,345
723,392,506,324
718,397,512,323
685,432,563,288
644,461,599,257
529,496,698,224
522,510,658,209
491,523,618,196
495,524,623,195
468,512,580,207
455,493,537,226
447,464,488,255
444,433,441,284
446,408,389,299
451,405,391,307
462,384,341,303
480,364,299,301
489,345,271,277
509,332,237,261
527,324,207,247
525,324,209,245
543,320,185,231
564,319,161,215
580,316,143,199
591,317,134,185
610,321,108,174
612,319,105,177
621,324,94,161
628,328,88,147
632,334,87,138
637,340,82,129
644,347,72,121
647,349,72,120
564,91,686,628
575,73,685,646
590,56,679,659
600,37,674,680
608,20,668,690
611,14,665,701
616,7,662,708
621,0,658,713
620,0,657,717
625,0,649,718
622,0,657,720
638,0,638,719
636,0,643,718
628,0,649,716
618,3,659,714
617,5,648,714
596,20,671,698
598,18,675,694
588,33,669,686
581,47,671,665
582,54,652,665
582,53,667,667
584,50,664,669
584,46,669,670
589,35,668,685
598,20,656,699
593,10,659,708
588,4,656,711
571,3,656,716
570,1,657,713
544,9,645,710
527,8,641,697
506,8,644,699
491,13,640,707
471,21,648,693
473,20,645,700
460,27,649,693
457,35,643,685
450,45,651,669
451,51,651,658
456,64,651,655
452,60,657,660
455,67,665,652
462,72,669,648
469,87,671,633
477,95,671,625
485,98,669,622
486,96,669,618
495,92,668,628
508,79,669,637
524,91,663,628
532,65,667,648
540,47,671,673
540,41,679,669
548,23,674,692
551,8,679,712
551,6,676,703
551,4,683,707
554,14,679,706
549,13,689,707
547,41,693,678
547,36,714,675
542,55,721,657
540,76,725,644
536,95,732,625
535,94,730,626
538,106,729,606
537,106,737,603
539,102,729,618
523,91,746,629
517,87,738,632
514,85,744,635
528,79,751,640
530,82,740,637
528,63,727,656
518,67,728,653
499,79,737,640
488,89,746,630
490,87,740,632
525,88,698,631
524,98,693,621
502,104,700,614
481,111,707,608
478,115,713,602
454,121,720,596
430,128,727,589
406,134,733,583
382,141,740,577
358,147,747,570
343,153,754,564
309,160,760,558
321,165,764,546
333,170,767,535
345,186,771,513
320,189,811,503
309,197,820,493
339,201,815,483
378,203,794,475
422,208,794,465
425,208,795,454
428,208,796,444
442,207,793,445
421,199,789,445
454,180,730,484
425,159,769,530
411,134,805,565
384,122,802,597
386,123,802,596
356,115,797,605
303,123,778,528
249,131,794,452
206,137,811,480
192,153,782,458
191,159,788,448
139,171,794,475
114,185,795,456
97,195,783,446
89,199,781,457
108,193,772,456
121,193,775,458
135,193,778,460
168,182,762,462
197,174,763,484
228,166,764,484
255,159,750,490
260,154,754,496
261,147,745,508
254,130,758,528
244,126,762,533
224,119,772,536
197,113,790,550
198,115,784,544
681,184,164,118
681,186,169,111
680,186,170,108
679,187,175,108
679,189,174,106
678,188,174,106
678,188,177,106
680,188,178,104
682,189,177,102
684,191,177,99
685,191,181,102
684,192,179,97
687,193,183,97
691,195,185,94
697,194,185,95
701,194,188,95
708,192,190,97
708,194,192,96
720,192,191,97
731,189,193,100
741,191,196,98
753,191,193,94
761,193,195,92
763,192,193,93
770,195,197,91
774,197,201,92
775,201,200,89
768,206,210,88
769,210,203,89
768,209,204,90
769,216,202,93
767,225,206,85
764,232,205,82
760,239,204,81
756,245,205,77
756,246,203,78
753,251,205,75
748,257,205,74
742,263,204,73
733,268,208,71
727,271,210,73
725,271,210,71
721,277,209,69
716,281,208,67
715,283,202,67
712,287,203,63
714,287,205,58
714,288,205,58
715,289,206,59
722,292,206,64
725,294,211,60
736,297,201,59
742,297,201,56
742,297,203,57
749,296,206,54
758,296,202,53
764,295,204,54
770,294,204,51
777,291,202,50
776,291,203,52
781,288,203,52
783,289,195,48
783,289,198,48
781,286,195,48
777,287,195,49
777,287,192,49
772,287,193,49
766,286,189,49
756,290,191,48
747,293,190,50
735,296,196,52
737,297,190,51
727,301,191,52
717,308,181,50
707,311,182,49
700,314,177,50
692,316,178,49
691,315,178,49
683,315,175,53
681,318,174,52
676,319,177,52
678,320,173,50
678,321,173,50
678,321,172,50
677,320,172,48
676,319,171,48
674,319,172,50
668,320,172,56
667,323,168,53
668,323,167,54
661,331,169,52
653,334,169,54
645,337,169,56
638,339,168,57
634,341,166,58
637,341,162,58
631,344,163,56
625,347,163,62
622,348,161,62
618,350,159,62
615,352,157,63
615,351,154,63
614,351,152,63
614,351,149,63
612,349,147,63
611,347,144,63
611,346,142,63
612,345,140,64
612,345,137,65
613,344,135,65
613,343,134,66
613,342,134,66
613,340,133,67
615,341,132,67
616,342,132,67
618,342,131,67
619,342,130,68
619,343,130,68
619,344,129,68
618,346,129,68
618,347,128,68
618,349,128,69
619,354,125,70
621,358,118,66
620,362,115,67
626,361,112,68
627,367,109,69
628,373,106,70
629,378,103,71
630,384,100,72
631,390,97,73
635,392,92,72
635,399,89,70
631,407,89,67
634,414,88,70
636,422,80,67
635,430,84,66
634,431,85,66
639,438,77,65
640,447,70,63
640,453,70,62
639,458,68,59
638,462,63,57
638,462,63,57
636,462,62,58
635,462,61,60
633,462,61,63
632,462,60,62
630,462,59,61
629,462,59,60
628,463,58,59
626,459,56,59
625,456,56,59
623,453,56,62
619,448,57,64
619,449,58,63
617,446,59,65
613,442,60,67
611,441,61,69
609,440,59,65
607,439,61,65
608,439,59,63
606,438,59,62
604,437,59,64
603,436,59,63
601,435,58,64
599,435,58,64
599,435,57,65
600,435,57,65
599,436,56,65
598,438,57,65
599,441,54,63
418,116,498,603
409,122,511,598
428,117,492,603
440,116,487,604
455,113,478,607
468,117,460,600
486,138,434,582
490,137,435,583
509,149,433,571
525,164,388,555
550,184,348,535
562,193,325,525
571,201,311,518
570,204,313,511
578,203,297,513
572,198,294,518
563,189,299,530
555,179,307,537
582,169,275,550
580,164,277,551
575,158,272,561
527,150,303,570
505,146,307,574
488,147,306,573
486,149,292,571
492,150,289,570
476,164,287,555
