704,158,152,409
701,167,149,391
701,176,151,392
701,176,150,391
701,186,152,380
700,196,151,369
698,203,154,364
696,208,155,352
693,211,159,345
691,212,160,342
690,215,161,340
690,219,151,332
689,221,152,321
693,225,144,309
691,231,144,294
687,227,148,299
690,232,142,288
694,232,146,283
692,232,142,282
686,239,155,274
679,240,161,273
680,244,161,267
685,246,153,259
685,248,156,255
687,246,151,254
684,242,156,255
681,238,159,254
682,237,160,255
679,235,167,250
676,232,169,247
680,224,161,260
681,218,162,259
682,212,163,258
683,207,164,257
684,201,165,256
685,196,167,255
686,190,168,254
687,185,169,253
688,179,170,253
691,180,167,249
694,175,161,252
702,168,158,246
703,166,161,255
704,161,164,252
711,158,159,250
715,154,159,252
718,149,159,254
725,144,155,251
723,140,161,247
727,134,160,249
728,134,165,250
729,136,160,249
731,135,160,249
733,134,161,249
734,134,161,249
736,133,162,249
738,131,162,249
739,130,163,249
741,128,163,249
743,127,164,250
744,125,165,250
750,125,159,245
752,124,159,244
753,123,159,244
755,122,159,243
757,121,160,243
758,120,160,242
760,119,160,242
761,118,160,241
763,117,160,241
765,117,161,241
766,118,160,240
767,120,159,239
768,121,159,238
769,123,158,238
771,124,158,237
772,126,157,236
773,127,156,236
774,129,156,235
775,130,155,234
777,132,155,234
775,131,153,231
774,136,153,231
773,141,153,231
772,146,153,232
771,151,153,232
770,156,154,232
769,161,154,233
769,165,154,233
768,170,154,233
768,175,155,234
771,175,155,234
774,175,155,233
777,175,155,234
780,176,155,233
783,176,155,234
786,176,155,234
789,174,155,234
792,172,155,233
795,170,155,234
799,168,155,234
804,167,154,233
809,166,154,232
815,165,154,231
818,165,155,229
821,165,155,227
827,166,155,225
834,166,156,223
840,166,156,221
846,166,156,219
853,167,157,217
855,168,157,216
857,169,158,215
859,171,159,214
862,172,159,213
864,174,160,212
866,175,161,211
869,177,161,209
871,176,162,209
873,175,163,208
875,174,164,207
880,170,163,205
888,169,163,204
889,172,164,202
891,176,165,200
892,179,166,198
894,183,167,196
891,187,169,194
888,190,170,192
885,194,171,190
882,198,173,189
880,201,175,188
878,204,178,188
876,207,180,188
876,210,181,188
876,214,182,187
876,217,183,187
876,220,183,186
876,223,184,186
867,223,197,192
863,230,202,189
865,231,201,187
855,238,207,190
847,245,214,192
836,253,220,194
826,261,226,197
816,270,233,200
809,267,239,202
796,276,245,204
784,286,252,207
774,296,258,209
764,301,266,208
753,305,274,207
755,304,265,206
742,309,283,205
725,319,293,197
718,325,295,193
705,330,305,194
681,338,324,193
673,336,332,196
666,342,339,198
661,339,348,206
657,331,352,226
653,318,350,247
649,300,356,273
648,302,359,271
639,277,384,322
645,257,393,369
657,243,393,382
595,243,465,352
589,242,501,298
587,242,506,301
586,242,510,312
584,250,532,305
569,261,546,321
546,270,576,321
531,288,562,319
532,289,562,317
473,304,582,323
418,320,593,312
383,329,582,317
356,337,556,315
336,339,524,314
337,340,517,312
330,340,480,299
327,340,435,284
319,345,407,271
309,341,377,255
739,181,160,128
737,181,158,126
740,177,161,125
736,174,168,123
739,172,169,126
739,170,172,122
736,168,173,120
735,167,175,119
734,164,177,121
731,163,182,121
729,161,188,119
733,158,188,123
732,156,189,119
732,156,188,118
731,154,190,118
729,151,191,119
727,149,192,119
726,147,194,121
723,147,198,120
720,147,203,120
718,147,207,120
712,148,211,119
710,148,208,119
705,149,216,120
700,149,218,120
700,149,217,121
691,149,215,116
684,150,218,118
675,152,220,116
667,154,223,114
658,156,225,113
661,156,226,112
653,157,230,114
645,159,239,110
641,158,237,109
636,157,235,108
632,156,233,107
634,155,231,107
630,156,239,107
624,156,244,107
624,156,247,108
628,157,245,105
633,158,243,102
632,156,241,102
637,159,244,100
647,159,242,99
656,159,239,98
666,159,237,97
676,159,235,96
677,159,232,91
684,159,232,91
688,157,237,88
693,156,242,86
696,160,245,83
703,159,247,83
705,160,244,83
720,162,229,78
718,166,231,79
711,164,242,78
711,168,237,77
711,170,239,76
716,171,234,73
721,176,230,73
722,180,228,67
718,184,230,65
721,185,230,66
728,188,225,66
728,188,226,66
734,192,224,63
738,193,227,63
740,196,225,59
745,195,227,57
745,195,227,57
745,195,226,55
749,195,224,52
747,191,223,52
746,188,223,53
745,185,223,53
744,182,223,53
742,179,223,53
741,176,223,53
749,171,219,53
745,166,223,55
742,164,222,55
740,161,220,56
740,162,219,55
736,160,221,56
733,159,219,56
728,159,220,59
726,159,219,62
721,162,222,57
723,161,218,57
724,163,216,60
726,165,213,61
729,168,210,62
732,171,207,63
734,174,207,64
735,177,206,65
737,180,206,66
739,184,209,67
741,189,212,68
751,195,204,64
755,198,202,72
754,199,202,68
757,201,203,71
756,205,201,69
757,209,198,69
759,213,195,69
760,217,192,69
756,218,196,70
752,219,200,72
759,222,195,72
766,225,191,73
773,229,186,74
781,232,182,74
784,229,178,78
792,234,173,76
801,239,169,75
810,245,165,73
819,248,161,74
814,251,177,79
815,252,176,78
821,252,163,83
825,261,161,84
829,271,159,84
832,278,158,85
837,283,153,87
839,287,155,85
839,294,156,85
839,301,158,84
838,305,163,90
844,309,157,92
850,314,152,94
853,314,147,93
854,319,150,93
856,325,152,94
861,328,148,96
862,330,149,98
862,333,149,100
865,336,147,101
861,340,149,100
863,346,137,100
859,351,136,102
855,357,133,105
854,363,124,103
854,365,126,102
849,373,121,98
850,376,108,101
841,381,105,95
831,383,101,93
815,380,110,96
817,378,105,98
804,374,106,98
792,370,107,98
783,362,107,98
774,360,107,101
767,352,109,103
766,354,107,103
758,347,108,106
751,343,108,110
745,341,111,115
742,338,109,116
737,338,109,119
735,336,109,120
735,332,108,125
733,326,105,135
729,326,110,135
726,323,111,137
724,323,113,140
722,322,116,143
720,322,118,144
717,321,119,146
715,321,121,148
716,322,121,150
712,319,121,152
712,321,121,152
707,316,122,152
706,320,124,151
701,310,128,154
699,311,131,156
698,307,128,153
698,305,126,152
695,300,126,156
692,293,124,159
690,289,124,161
689,287,123,162
686,285,125,165
686,286,124,163
685,287,124,163
683,288,127,163
679,292,137,162
679,292,137,165
280,182,605,537
284,174,598,546
285,172,599,543
285,176,606,542
286,190,606,530
279,205,612,510
266,219,620,500
270,214,629,504
267,232,624,487
265,240,628,480
263,248,647,471
269,252,643,468
274,250,653,469
277,251,652,469
280,246,648,474
285,245,660,474
282,233,652,487
289,223,642,497
288,217,648,503
290,217,647,503
294,210,646,509
299,201,630,519
286,193,636,527
273,191,640,529
264,192,639,527
249,193,655,526
