435,88,400,478
436,87,397,490
438,86,395,503
436,83,393,507
435,80,392,512
434,78,395,525
432,77,390,534
431,77,399,539
430,78,381,545
430,77,383,550
431,71,374,560
427,72,385,559
425,70,384,560
423,69,384,562
421,68,384,563
420,66,384,565
417,69,381,560
414,72,379,555
412,74,376,550
409,77,374,545
407,80,372,540
407,82,372,538
407,85,372,537
408,96,380,527
408,107,387,517
409,118,395,507
409,129,403,497
417,130,402,494
405,144,419,483
422,142,419,486
436,140,421,490
436,140,435,495
437,133,442,505
438,128,444,510
437,123,456,513
430,117,473,519
430,104,493,533
419,91,512,547
412,80,520,560
405,75,526,568
396,71,545,588
394,66,567,602
371,62,603,628
348,58,642,653
325,54,665,665
321,50,657,669
301,46,649,673
275,42,633,677
249,38,617,681
223,34,601,685
197,30,596,690
193,30,600,689
189,40,639,679
159,48,720,671
143,63,799,656
133,100,871,619
130,126,934,593
137,135,924,584
125,190,971,528
140,208,974,510
155,226,977,493
165,259,958,460
239,303,855,416
245,295,844,423
329,332,749,387
425,350,676,369
489,378,562,321
563,392,457,296
620,408,375,268
623,421,362,250
665,435,309,220
707,441,258,208
737,446,223,186
765,451,194,169
786,455,172,158
793,460,168,149
812,465,152,140
830,470,136,131
849,475,120,122
868,483,104,110
886,485,88,105
887,485,90,106
898,485,83,95
906,481,76,92
919,485,70,83
447,198,61,99
447,198,60,99
448,199,60,100
449,200,60,100
450,201,60,101
451,202,60,102
452,202,60,102
453,203,60,103
455,204,61,103
457,206,61,102
459,207,61,102
461,208,62,101
463,208,62,101
465,209,62,101
467,210,62,101
469,211,63,101
471,211,63,100
473,212,63,100
475,213,63,100
477,213,63,100
477,214,64,100
481,214,61,102
480,215,64,102
480,214,63,104
480,215,63,102
480,213,66,102
481,213,66,105
482,211,66,109
483,212,66,108
483,209,67,108
483,211,70,108
484,210,71,109
484,209,71,110
485,208,72,110
485,207,73,111
485,205,74,112
486,204,75,112
486,203,76,113
487,202,76,113
487,201,77,114
488,200,78,115
488,198,81,118
488,196,85,122
488,194,88,125
488,193,92,127
492,191,94,127
494,194,93,125
493,191,101,131
491,188,108,138
484,184,124,150
486,181,120,153
469,176,144,168
464,167,165,197
452,156,189,222
430,149,238,266
393,137,328,340
392,137,331,342
342,127,434,444
269,124,605,590
159,135,775,584
33,165,851,554
0,215,980,504
0,218,980,501
155,286,1119,433
312,323,967,396
445,292,674,427
486,274,484,371
496,262,359,302
504,258,342,309
506,253,274,255
520,250,209,217
538,260,173,180
558,268,159,161
591,269,139,144
594,274,130,138
616,264,112,132
639,259,95,127
655,254,93,119
672,252,89,109
698,243,79,105
700,245,74,104
712,233,82,107
735,223,75,105
744,212,80,105
761,197,76,112
773,189,77,110
775,184,78,113
786,172,83,118
799,155,88,136
807,129,97,156
824,101,89,187
834,76,107,217
836,69,109,227
827,47,131,262
825,22,147,299
815,9,159,309
794,4,175,341
767,5,196,392
764,6,204,390
747,17,222,400
421,285,152,163
404,278,168,168
392,266,178,184
385,261,190,183
385,257,197,184
383,254,205,189
383,251,212,191
381,247,221,190
379,244,229,190
378,241,236,191
377,238,244,191
376,233,254,189
376,233,259,188
369,222,275,193
365,224,291,186
366,222,301,188
367,221,303,189
369,219,307,189
370,218,317,190
374,220,316,198
373,216,324,191
368,215,337,191
365,216,341,189
358,210,345,188
348,207,349,187
337,203,352,186
325,199,355,185
317,197,365,186
309,195,375,186
302,194,385,187
305,193,386,184
297,196,395,182
295,195,399,179
299,196,402,177
296,196,406,174
298,195,411,171
301,195,417,169
307,197,417,167
317,202,434,164
320,203,431,162
326,204,428,159
307,208,451,147
310,203,455,157
326,208,438,155
335,206,439,153
336,207,438,147
338,208,438,142
340,209,438,137
347,212,440,132
354,216,442,127
362,220,445,123
386,231,436,119
385,230,435,119
398,236,431,118
406,236,429,118
412,237,421,121
426,237,404,123
415,235,408,122
416,238,412,122
408,230,406,127
392,227,417,123
391,228,403,123
386,223,400,124
379,223,400,124
379,221,396,126
370,218,399,123
375,225,389,123
380,231,373,125
383,238,370,122
386,245,367,120
385,245,364,118
389,251,352,119
393,257,340,119
397,263,328,120
398,270,325,118
398,271,316,116
399,272,310,115
400,273,303,114
401,274,297,113
405,271,289,112
409,269,280,111
413,270,274,110
417,272,268,108
422,274,262,106
426,276,256,105
433,283,248,105
440,290,240,105
448,297,233,105
453,303,228,99
458,309,224,99
464,315,220,99
472,322,214,97
480,330,208,95
488,338,202,93
488,339,201,95
492,344,200,97
500,351,194,95
509,358,188,94
518,364,183,95
527,371,178,96
526,373,174,94
534,376,172,94
542,380,171,94
550,383,163,94
558,387,155,95
560,391,151,94
563,391,148,95
564,400,147,98
565,410,138,97
568,422,129,100
571,434,117,105
571,447,119,93
570,450,117,90
570,461,117,87
563,466,117,85
562,471,114,82
565,475,114,87
562,477,109,83
566,478,109,84
559,478,110,82
552,472,117,87
550,469,109,87
548,466,107,87
547,463,105,87
545,461,102,87
542,456,102,89
539,451,102,90
536,447,102,92
533,442,102,94
532,439,101,94
532,436,99,94
532,434,98,95
531,429,97,98
533,425,96,100
509,160,343,476
502,172,340,475
502,175,341,471
497,185,337,466
490,194,333,459
479,205,337,448
463,213,345,444
453,210,336,442
454,212,335,441
442,211,341,438
434,207,343,440
424,204,347,442
414,203,346,434
401,204,352,427
398,206,361,422
396,201,358,421
392,199,366,420
396,198,368,418
394,197,382,415
396,198,384,416
393,196,389,421
394,206,400,402
399,206,398,405
388,205,417,408
389,200,418,413
379,197,438,416
364,195,438,427
366,194,438,425
353,187,450,430
349,184,446,435
347,184,462,429
334,186,459,434
323,178,472,442
338,176,457,450
317,165,494,455
307,165,499,465
299,156,504,478
283,157,540,471
278,153,545,481
279,153,545,481
273,147,582,482
276,149,612,474
287,150,613,487
299,163,645,470
318,150,659,483
328,151,643,488
335,170,661,460
341,169,656,484
351,191,661,452
356,197,643,438
367,196,639,434
365,197,633,433
