289,5,917,713
304,55,881,665
309,51,878,669
338,138,786,581
352,201,757,514
358,268,717,452
372,313,676,407
385,344,644,372
384,348,649,372
403,373,599,343
414,388,559,329
433,380,531,337
444,371,514,346
455,362,498,355
467,354,482,365
506,316,445,403
530,290,437,429
542,259,437,460
560,240,431,479
576,215,425,501
569,221,434,498
574,201,448,518
579,181,463,538
584,149,477,570
590,130,491,589
595,112,506,607
592,106,506,613
600,85,524,634
607,63,542,656
614,41,560,678
622,20,578,699
596,7,623,699
587,1,633,706
591,0,636,720
569,1,638,718
614,317,199,241
613,315,199,241
613,314,199,242
613,312,199,243
612,311,200,244
612,309,200,245
612,308,200,245
611,306,201,246
611,305,201,247
611,303,201,248
611,302,202,249
609,301,202,250
608,300,202,251
607,299,203,251
606,298,203,253
605,297,204,254
604,296,204,255
603,295,204,256
602,294,205,256
601,293,205,258
600,293,206,259
597,294,206,258
595,295,206,258
593,296,206,258
591,297,207,258
589,298,207,258
587,299,207,258
585,300,208,258
583,301,208,258
581,302,208,258
579,304,209,259
578,303,210,262
577,302,211,265
577,301,212,265
577,301,212,266
577,300,212,266
577,299,212,266
577,299,213,266
577,298,213,266
577,297,213,266
579,292,213,266
580,287,212,266
582,282,212,266
583,277,212,266
585,272,211,266
586,269,212,267
587,267,213,267
588,264,214,268
589,262,215,268
590,259,216,269
591,257,217,270
593,256,218,271
595,255,219,272
597,254,220,274
599,253,221,275
601,252,223,276
603,251,224,278
605,250,225,279
606,252,225,281
607,253,226,282
609,255,227,284
610,256,227,285
612,258,228,286
613,259,228,288
615,261,231,290
617,263,234,285
620,266,237,281
622,265,239,281
625,263,242,282
627,261,244,282
630,260,247,283
635,257,249,281
641,255,251,280
646,253,253,279
652,250,255,278
657,248,257,277
663,246,259,275
667,245,261,274
671,244,263,273
675,243,265,272
680,242,267,271
680,241,272,271
679,239,277,270
679,237,282,270
678,235,287,269
678,234,292,269
684,227,297,268
686,225,292,271
682,225,300,269
683,222,309,268
675,225,317,266
673,229,321,266
671,233,325,266
672,231,331,266
668,237,335,266
665,241,338,266
663,245,342,266
660,249,346,266
657,254,350,266
654,258,353,266
651,262,357,266
642,265,353,260
630,263,359,257
619,262,365,253
607,260,371,250
605,259,367,253
592,257,375,249
580,256,382,246
567,254,390,242
554,253,397,238
542,252,405,235
540,250,407,234
532,247,412,241
523,244,411,247
504,252,435,240
496,251,444,239
490,259,453,236
490,263,444,230
489,266,445,230
481,275,436,223
465,286,428,227
462,292,442,226
455,283,442,248
453,283,443,248
445,268,446,271
435,258,438,296
443,258,436,320
445,255,436,344
441,273,447,291
439,281,449,288
437,288,450,250
431,295,456,263
423,303,453,270
416,311,449,277
409,318,445,285
408,324,448,276
406,335,445,273
396,338,450,278
394,338,454,280
392,338,458,282
396,338,457,284
401,332,455,287
407,326,454,290
413,321,452,289
418,315,451,288
424,309,450,287
430,304,448,286
433,301,447,286
436,298,446,287
447,296,449,288
462,291,441,282
472,288,439,280
479,284,437,281
475,284,446,281
478,279,455,283
494,274,443,282
508,272,444,285
511,270,449,292
515,267,457,299
512,268,461,299
521,262,459,302
523,257,462,314
525,257,459,317
527,257,457,320
532,227,226,166
530,228,223,164
529,224,228,165
524,221,234,166
519,215,240,165
513,211,248,165
507,207,253,165
504,207,254,163
496,206,260,163
493,203,262,165
486,210,270,163
480,209,278,170
487,217,273,163
484,214,276,165
480,219,281,163
477,224,287,158
477,228,291,159
475,232,300,160
473,235,298,159
470,236,301,158
458,240,311,158
455,241,317,156
443,243,329,150
431,242,342,150
425,244,341,151
426,245,338,150
418,250,346,146
412,253,356,141
415,257,350,141
415,260,356,139
421,262,351,140
414,261,355,137
414,267,357,135
409,271,368,138
411,277,366,126
411,280,362,115
411,282,372,121
414,282,364,119
414,287,367,118
418,292,364,112
425,300,369,108
434,307,358,103
430,311,381,95
431,312,365,95
433,317,363,90
424,322,366,90
423,328,353,86
424,334,343,84
421,340,343,82
419,340,349,84
427,347,340,83
429,350,336,87
437,349,326,87
441,349,316,83
438,345,316,79
438,345,314,79
446,340,306,81
450,338,303,81
459,339,294,79
465,340,287,85
470,346,284,86
474,344,279,86
480,348,272,93
488,352,268,92
496,354,261,92
505,357,254,92
514,360,247,93
519,363,244,89
530,364,239,86
541,365,235,84
551,366,230,81
561,368,225,75
579,370,214,73
578,371,219,72
590,367,212,75
601,365,208,71
616,360,200,71
630,357,193,67
643,354,187,67
643,354,187,67
659,353,181,64
679,350,165,63
688,346,161,64
699,338,159,63
711,331,157,63
714,328,157,68
724,320,156,68
735,312,156,68
745,305,155,69
755,297,155,69
766,290,155,70
767,289,152,71
780,285,148,71
793,281,144,72
807,277,141,72
820,273,133,73
830,268,129,74
829,267,131,74
839,269,128,74
848,278,120,73
853,287,117,70
867,296,98,71
876,308,89,71
876,308,90,71
883,316,79,68
875,325,83,70
872,334,86,62
875,342,82,61
876,346,79,61
876,346,79,61
877,348,78,66
880,352,77,62
880,358,75,61
881,362,75,62
880,368,70,61
880,366,69,62
877,374,67,62
872,379,67,62
865,387,68,61
861,394,67,59
854,397,68,66
853,398,69,65
847,406,68,62
844,410,66,64
839,417,66,63
835,423,65,63
831,427,65,62
831,426,65,62
830,429,63,62
828,431,61,66
829,433,57,69
829,436,55,67
828,440,54,66
829,440,54,66
829,445,53,66
830,447,51,67
828,450,50,65
827,452,49,65
826,454,49,65
825,454,49,66
822,454,51,69
821,455,48,68
818,457,50,69
816,459,51,68
813,458,51,70
813,458,50,71
814,462,50,69
809,463,53,69
807,465,52,70
809,467,47,68
805,467,51,69
802,468,51,67
800,466,54,68
797,466,54,66
792,464,49,67
790,462,51,69
