835,157,269,297
834,156,265,293
833,156,262,288
832,156,258,284
832,155,255,279
831,155,251,281
830,154,248,283
829,154,244,285
827,157,245,288
824,160,246,292
823,160,244,295
821,166,245,292
820,173,246,289
819,179,247,286
818,186,248,283
816,192,249,280
815,199,250,277
814,203,251,276
813,202,252,280
811,205,253,278
809,208,254,277
807,206,252,274
806,204,250,272
804,203,248,270
803,201,247,270
801,199,247,270
800,198,246,270
798,196,246,270
799,199,245,273
798,198,244,275
797,197,243,277
798,197,241,276
805,198,228,276
813,199,215,276
820,199,202,275
831,200,186,276
843,200,170,278
842,201,166,278
855,206,155,274
868,211,144,270
876,213,138,270
873,208,142,270
871,203,147,271
868,199,151,271
866,194,149,272
863,189,147,273
861,185,149,277
858,180,150,281
856,175,153,282
853,170,155,284
851,166,157,286
848,162,161,290
846,159,164,294
844,156,168,299
842,153,171,303
839,149,175,307
837,146,178,311
835,143,176,316
832,139,175,320
830,139,177,324
827,138,179,329
