298,0,644,718
301,0,655,715
293,0,677,717
291,0,683,720
288,7,688,711
302,32,673,679
315,62,663,651
318,63,655,653
320,88,655,626
327,114,640,601
337,136,617,583
340,145,611,572
348,143,597,570
345,141,601,578
347,136,594,583
366,128,562,591
374,110,551,609
387,104,534,615
407,104,499,610
400,102,509,615
390,107,515,612
408,106,482,613
415,112,467,605
427,119,451,599
438,128,437,585
441,132,435,586
445,146,443,569
459,151,438,565
458,159,439,560
467,162,436,557
467,163,449,556
466,160,454,559
465,157,459,562
465,155,466,565
476,148,468,571
