578,187,192,387
580,194,176,378
578,205,174,375
581,210,173,374
581,212,173,371
585,217,170,366
588,218,172,359
582,218,184,354
580,214,193,355
579,210,192,346
578,213,206,352
576,209,194,350
575,207,202,352
580,194,199,356
583,177,195,357
579,161,203,359
580,161,203,359
580,156,209,362
582,159,208,363
582,166,206,363
578,183,211,362
581,182,209,358
579,183,210,355
578,181,209,354
574,186,211,344
574,188,216,340
577,196,214,329
578,199,208,325
578,201,206,322
578,201,202,327
578,201,202,330
563,188,213,330
556,160,220,343
552,139,229,347
552,144,228,339
550,127,232,343
548,117,236,347
551,113,236,340
554,108,238,342
557,113,237,337
564,120,240,340
563,123,241,341
567,130,240,341
571,134,237,342
573,141,238,344
574,145,234,343
574,143,234,344
567,147,238,337
562,129,240,344
560,106,243,351
567,106,240,340
567,105,250,327
570,104,250,328
578,113,248,327
584,128,253,318
591,138,248,312
600,143,244,311
607,144,243,311
609,145,239,313
615,141,239,311
620,137,240,316
618,129,246,317
628,131,238,311
635,129,236,309
638,128,232,307
638,129,239,301
643,125,235,303
643,125,231,298
643,127,232,296
645,131,231,291
647,134,232,302
638,132,233,294
636,130,230,295
637,129,224,297
641,132,223,295
647,133,224,294
649,132,221,297
650,136,223,298
654,148,220,294
658,160,215,294
655,173,225,282
660,160,217,292
662,161,216,290
658,157,217,288
658,172,217,275
659,167,219,281
659,163,220,286
658,167,218,287
658,170,217,285
661,171,214,288
670,190,210,277
674,181,208,282
677,184,210,279
676,184,212,276
676,187,214,273
684,185,210,274
688,187,209,273
690,183,207,278
689,183,207,274
685,183,207,271
687,186,206,271
678,183,208,274
681,176,202,283
682,183,199,282
678,189,202,278
676,188,205,280
675,189,205,280
675,187,204,282
672,187,208,276
675,181,208,280
676,183,223,274
687,171,212,282
687,172,212,281
690,167,214,281
697,167,217,279
699,152,226,290
707,149,226,284
711,144,234,285
715,142,228,286
718,137,236,284
717,135,253,287
706,128,262,297
706,135,266,292
705,140,261,292
706,146,260,287
703,156,255,277
693,171,258,275
683,187,255,266
675,204,254,259
662,212,259,259
663,215,264,262
640,219,272,268
628,230,284,265
616,240,297,260
609,245,308,263
594,245,327,264
598,243,329,266
570,234,377,287
545,219,440,316
500,205,529,344
440,203,666,377
347,222,789,380
334,216,808,392
206,239,933,383
77,234,950,407
21,208,873,429
61,151,723,463
155,127,536,430
157,124,534,431
242,120,393,394
319,133,324,357
369,152,297,349
405,174,241,329
439,184,201,327
437,186,212,326
475,207,198,297
507,216,170,303
524,226,173,295
539,234,153,287
528,244,158,283
525,243,164,282
516,248,171,275
508,253,179,268
500,245,183,264
492,241,205,266
482,223,223,276
480,226,227,277
477,222,240,274
474,219,261,281
471,216,281,287
483,216,289,298
495,216,305,309
499,215,298,317
502,214,312,328
506,213,326,340
510,213,341,352
