458,92,399,486
465,90,380,486
466,95,385,481
467,105,387,474
475,112,378,464
486,121,371,460
490,128,371,456
492,133,373,459
494,134,362,454
500,136,369,451
494,152,388,438
502,142,377,452
510,144,375,449
517,143,367,451
514,142,369,452
517,138,372,453
527,139,359,455
532,138,362,453
538,137,365,456
545,135,353,459
545,140,358,453
555,131,340,459
564,127,331,473
572,123,316,477
581,117,302,482
598,107,275,491
595,109,277,489
609,98,259,499
619,92,251,506
630,88,238,528
627,87,244,525
632,84,236,530
633,84,233,531
632,82,237,537
629,88,245,533
625,94,246,533
617,107,263,525
613,116,252,529
618,116,243,533
