537,226,278,178
540,231,282,178
545,226,286,181
551,228,290,184
553,228,287,184
560,230,290,190
562,231,304,189
578,231,305,192
581,229,315,190
592,226,321,190
594,225,319,192
601,221,322,190
609,218,325,189
617,215,329,187
617,218,330,184
617,220,332,180
616,222,333,177
616,225,333,173
616,227,333,170
616,230,332,166
615,235,332,163
613,238,332,161
612,242,332,159
611,246,332,157
610,250,332,155
609,254,332,153
604,256,332,148
599,259,332,143
600,256,330,144
597,260,325,136
592,262,318,134
581,259,318,132
571,256,318,130
568,259,303,119
571,259,301,117
567,258,297,113
555,257,295,113
548,260,293,111
546,263,292,107
544,266,291,104
542,269,290,101
541,273,285,100
541,277,280,99
543,286,279,95
546,295,277,92
550,298,275,90
554,302,274,89
558,308,269,86
562,315,263,84
567,323,253,82
572,332,256,73
569,341,256,65
574,342,248,65
570,350,251,62
575,363,244,59
569,372,248,56
576,382,234,52
573,390,233,52
572,391,239,51
562,396,237,48
564,391,228,56
559,389,224,56
559,383,220,56
560,376,216,56
559,376,212,56
560,369,208,55
561,359,204,55
562,351,200,55
564,339,196,55
565,334,192,55
565,332,188,54
567,327,184,54
567,325,180,54
569,326,177,54
569,324,173,54
570,326,170,54
573,324,161,57
575,327,162,51
583,325,147,53
587,330,146,56
585,333,152,52
598,331,140,55
595,332,140,54
605,333,131,53
610,335,127,50
613,337,128,49
621,340,122,48
633,340,114,50
632,339,116,50
640,338,110,53
644,340,111,49
649,342,108,49
654,343,105,49
661,342,102,49
661,343,99,48
666,345,97,48
672,347,94,48
677,349,91,47
685,352,90,47
689,354,86,47
693,355,82,47
700,358,82,49
706,361,80,55
713,368,79,57
721,371,77,56
729,375,76,54
730,376,74,53
738,379,73,52
745,383,71,50
753,386,70,49
761,390,69,48
766,390,74,49
766,390,76,48
774,392,70,50
780,396,69,48
788,400,64,46
789,403,66,47
792,407,64,43
792,406,64,44
790,409,68,44
793,412,67,42
795,413,61,42
795,415,61,41
795,417,60,41
794,417,61,40
791,419,62,40
794,421,57,40
792,424,56,39
791,426,55,39
789,430,50,38
791,431,50,40
787,435,51,37
785,439,48,37
783,445,46,37
778,450,44,37
