238,96,350,622
237,99,350,618
236,103,350,614
235,115,350,603
235,127,350,591
234,139,350,579
233,152,350,568
232,161,349,558
231,170,348,548
230,179,347,538
229,189,346,529
225,196,351,521
222,204,357,513
218,194,363,524
212,196,372,522
205,198,381,521
199,199,390,519
193,201,399,518
180,210,418,510
163,210,444,505
167,202,435,517
139,199,483,514
127,193,520,527
115,177,563,543
103,197,592,523
86,189,619,531
89,191,617,529
92,201,627,519
113,216,624,484
135,232,621,449
167,246,601,401
197,263,600,359
197,260,601,367
239,281,586,320
303,303,545,284
348,322,516,246
412,331,475,227
457,342,443,212
459,340,441,215
512,343,402,205
549,339,381,215
596,344,343,210
629,338,317,201
653,333,293,200
666,328,281,198
688,320,254,192
711,312,227,186
733,304,200,179
735,295,186,171
744,287,166,167
745,291,168,164
748,281,159,158
747,277,150,153
745,275,129,147
740,272,122,141
741,274,114,131
745,274,108,130
741,276,100,124
737,278,92,118
733,281,84,112
729,283,75,106
722,290,70,95
724,289,69,98
719,293,65,95
713,298,62,86
709,299,58,87
704,302,52,83
695,305,52,79
694,308,52,75
689,312,47,71
684,315,42,67
674,319,42,60
668,322,40,58
663,326,38,54
664,326,38,55
656,329,37,53
651,334,37,48
647,339,35,48
644,344,35,46
643,349,31,45
645,348,30,46
641,352,31,43
642,355,30,43
641,359,29,42
638,363,28,40
638,369,27,39
638,369,27,38
636,372,26,36
636,377,25,34
636,381,23,32
635,384,23,30
634,387,22,31
634,389,21,29
632,393,20,28
631,397,19,28
629,401,19,27
627,405,19,26
626,408,18,27
626,409,19,26
623,414,20,26
