313,1,538,718
314,0,563,720
306,0,576,720
302,0,577,720
298,0,581,720
295,0,584,720
275,0,607,720
266,0,614,720
229,0,655,720
202,13,686,707
185,27,694,692
171,40,709,676
75,47,808,672
70,63,805,657
63,67,793,652
87,63,756,657
86,68,740,652
89,74,725,646
97,75,698,644
511,197,183,365
500,203,191,355
504,212,181,351
502,222,184,344
501,235,185,334
500,235,186,335
499,241,191,329
498,245,197,325
497,246,195,318
492,243,194,315
493,239,191,317
491,234,192,320
490,227,187,318
487,221,185,312
473,213,193,313
461,205,195,310
463,201,194,312
459,201,190,312
459,193,190,314
453,195,195,312
453,198,196,311
452,195,197,316
451,197,195,307
451,199,198,311
447,193,196,307
447,192,198,306
453,194,195,306
456,197,196,306
458,195,196,307
460,196,195,306
467,200,196,305
463,198,197,303
470,199,199,305
467,199,200,305
469,200,199,305
469,200,198,306
470,202,197,304
473,200,195,303
475,199,194,303
478,197,194,302
481,197,196,305
478,194,199,310
472,184,202,317
469,180,204,320
467,176,206,324
468,179,206,321
461,174,208,322
462,175,206,319
461,174,205,321
457,170,204,322
457,170,205,320
454,168,205,320
452,166,206,321
450,164,207,322
448,162,208,323
446,161,208,324
447,161,208,325
448,161,207,325
449,161,206,326
450,161,205,326
451,162,205,327
452,157,206,333
457,154,207,335
461,150,208,337
465,146,210,338
470,145,208,338
475,144,206,337
480,142,204,336
485,141,202,336
490,139,204,337
499,142,202,334
495,140,209,339
499,144,207,339
504,147,204,339
506,148,206,340
508,153,200,338
509,156,200,337
505,155,201,336
501,154,201,335
497,153,203,334
493,153,204,333
488,149,203,331
484,149,203,330
480,148,203,329
476,147,203,328
471,146,202,327
470,150,201,327
468,154,200,328
467,157,199,328
465,161,198,329
469,169,198,329
469,177,196,322
470,185,195,315
471,193,194,309
472,201,193,302
472,204,195,303
473,207,196,304
470,209,196,300
468,211,196,296
466,213,196,292
463,215,197,288
459,213,201,282
451,218,198,280
441,218,199,280
433,221,196,275
425,224,196,271
417,229,197,268
416,228,199,275
408,235,199,272
404,239,194,261
401,247,193,252
399,247,198,244
393,251,199,248
395,250,200,248
399,251,197,243
394,254,199,251
392,256,205,250
394,261,204,245
393,267,209,249
394,268,207,246
397,278,209,242
388,279,230,247
387,283,229,246
385,285,232,243
383,286,236,240
381,287,240,237
379,288,243,234
377,290,247,231
375,291,251,228
373,292,254,225
375,294,254,217
374,296,258,213
378,299,262,210
373,298,267,207
373,298,271,199
380,301,275,196
386,304,273,192
386,308,279,189
395,311,283,184
405,314,290,183
414,316,297,183
427,320,318,189
442,325,338,202
440,324,338,200
450,327,372,222
466,330,412,248
479,325,439,275
494,327,494,325
523,321,525,358
522,317,518,368
550,307,535,395
566,297,529,401
584,295,473,365
615,301,469,301
643,309,428,302
648,311,419,301
676,314,382,283
699,321,325,260
723,331,287,246
732,344,260,229
750,366,233,212
749,367,232,211
765,378,214,194
774,391,200,184
776,403,197,182
778,410,177,185
232,135,241,263
232,132,241,270
230,128,245,272
226,129,249,271
223,125,262,274
223,125,267,272
224,125,272,270
224,126,278,268
225,126,283,265
225,126,288,263
238,129,278,250
248,132,275,247
234,131,307,246
236,132,309,245
239,134,316,245
241,136,322,245
245,138,331,245
249,140,339,246
253,143,334,254
257,145,330,252
261,147,326,251
265,150,322,249
260,149,321,249
269,155,324,239
269,158,325,233
270,161,326,227
270,163,337,221
270,166,347,216
271,168,358,210
271,171,369,204
272,174,380,199
272,170,381,202
273,173,387,199
269,178,394,192
263,182,396,188
258,186,399,183
253,188,402,180
248,190,405,178
243,192,408,175
237,194,411,172
226,202,416,168
223,203,412,168
220,205,411,168
217,207,411,168
214,210,413,167
212,214,415,166
209,222,417,160
210,229,420,156
212,236,422,152
214,243,424,148
216,250,427,145
228,258,420,140
242,270,415,134
256,279,418,130
279,291,411,124
285,287,403,129
297,299,407,121
315,309,406,116
338,317,403,111
353,325,401,107
372,328,404,105
372,329,398,103
387,332,393,102
397,333,392,102
406,334,381,100
412,331,380,100
415,329,377,103
415,329,377,103
420,328,366,105
419,321,361,107
418,327,363,105
423,322,348,102
426,322,341,102
427,321,339,103
429,319,331,103
430,320,320,100
431,319,308,102
438,320,295,100
440,321,291,104
440,322,288,105
440,318,283,110
439,321,282,108
443,321,260,110
442,324,251,109
442,322,254,114
442,323,251,112
443,323,246,120
446,325,235,121
443,330,232,124
441,330,228,123
436,334,221,116
433,332,224,117
431,330,216,118
427,331,208,121
420,334,204,118
413,338,197,117
407,341,199,114
408,341,196,114
400,347,196,111
393,352,190,111
389,356,187,111
382,357,186,115
379,364,179,109
378,362,178,109
372,366,184,108
371,369,174,114
369,375,168,114
367,383,164,113
367,390,162,113
367,392,162,111
370,402,149,111
369,407,150,111
370,413,146,114
372,418,140,117
374,422,139,121
374,422,139,122
376,425,133,123
380,425,128,129
394,429,113,125
389,434,115,114
396,440,109,105
394,441,110,103
398,441,107,94
402,438,104,90
406,428,101,90
408,420,101,91
411,410,102,90
411,409,103,91
414,400,104,91
418,391,106,92
424,385,103,94
427,378,106,91
429,372,108,92
430,373,107,90
432,365,109,92
436,358,110,92
440,351,111,93
444,343,113,95
449,336,115,96
451,337,114,96
458,330,115,99
459,322,119,100
465,315,119,100
470,310,120,101
477,306,119,102
476,307,121,100
481,303,121,102
487,300,120,104
492,297,120,105
498,296,119,107
507,298,115,107
506,296,116,108
512,295,114,110
518,295,113,112
524,294,111,115
532,296,109,116
538,299,109,115
540,297,108,116
546,299,108,118
553,302,109,117
558,303,112,118
565,306,113,116
570,307,115,117
572,307,114,117
578,305,115,119
583,305,117,120
589,303,117,122
595,303,117,124
599,301,119,125
599,302,118,125
605,301,118,129
605,299,119,127
608,297,120,129
608,294,121,131
608,292,121,133
609,292,122,134
609,290,122,134
608,291,122,136
607,290,122,138
604,290,122,140
602,296,123,140
601,294,124,137
600,295,123,143
453,300,298,339
450,296,296,334
446,284,294,337
443,272,292,336
444,270,288,336
441,256,287,326
440,242,286,321
439,229,285,320
438,217,287,320
434,208,291,320
435,206,292,328
435,203,292,323
435,197,292,328
