450,193,449,506
449,187,451,492
449,182,455,508
457,179,452,501
460,179,445,502
462,172,451,505
465,165,456,489
475,164,446,491
479,160,457,497
485,151,445,513
485,150,449,515
492,139,446,511
496,137,432,514
493,142,445,508
493,146,447,503
503,159,446,491
504,157,444,494
504,168,455,478
511,176,445,470
511,178,454,468
512,171,462,462
509,153,460,476
510,154,459,471
507,135,462,478
506,116,463,492
499,106,474,489
507,98,464,494
502,93,464,488
500,95,469,486
507,99,465,485
505,102,483,483
517,102,458,473
516,101,469,474
529,97,458,489
527,101,461,484
540,99,453,491
544,96,445,496
558,99,428,501
559,102,422,505
