471,181,249,149
470,179,252,145
469,178,255,144
468,176,258,142
467,175,261,140
467,173,262,138
466,172,263,136
465,170,264,134
464,169,261,132
463,169,272,130
461,169,282,128
460,169,293,126
461,171,293,126
462,173,294,126
464,175,294,127
465,177,295,127
467,181,290,125
466,184,290,123
465,188,291,122
464,192,292,121
464,194,297,121
463,198,313,122
451,200,321,124
444,200,324,123
438,201,328,122
432,201,332,121
426,202,336,121
420,203,340,120
410,203,343,118
401,204,347,117
394,205,351,113
388,209,351,108
389,209,349,107
387,211,345,105
375,215,352,100
372,215,346,101
368,218,342,95
366,217,331,93
366,218,330,94
357,220,334,89
351,215,344,90
355,213,337,82
356,211,335,82
368,209,331,79
366,210,330,78
390,208,305,73
383,206,328,76
398,203,317,75
421,201,305,73
419,201,309,75
415,200,313,75
429,201,294,72
434,206,292,70
447,212,280,68
448,216,288,69
458,220,271,69
458,221,272,68
463,228,262,64
463,230,257,68
460,228,254,70
462,230,252,69
457,231,245,72
455,232,249,72
458,231,240,69
458,227,237,73
461,231,230,68
458,229,233,68
461,229,225,68
463,229,226,68
459,230,229,67
462,231,225,70
457,230,226,69
458,235,224,68
458,236,223,68
455,236,222,68
453,237,221,68
450,238,220,68
448,239,219,68
439,236,216,72
432,238,211,69
432,239,214,66
421,239,204,66
410,237,201,67
399,236,199,68
388,235,197,69
379,235,195,70
378,235,194,71
369,235,193,71
360,235,191,72
353,235,193,75
351,233,183,80
349,235,179,74
349,236,178,77
344,235,177,77
337,236,182,80
330,237,183,81
331,238,178,82
331,235,172,85
332,237,172,83
331,236,167,85
326,237,170,84
329,233,162,88
334,232,155,88
334,229,156,92
334,229,157,93
337,228,155,92
339,227,156,91
349,226,149,90
358,226,145,87
366,226,141,89
365,229,145,84
380,232,137,82
393,234,130,81
406,236,124,80
420,238,118,79
428,241,117,78
437,243,116,78
446,245,114,77
449,248,119,80
460,251,116,80
468,255,116,81
479,265,112,81
480,262,108,83
497,266,102,80
508,273,96,80
519,281,92,75
529,281,85,76
541,284,88,73
541,282,87,77
549,278,84,80
559,276,82,80
565,273,82,80
572,270,82,81
578,267,82,82
581,266,82,82
584,265,82,83
587,265,82,84
591,264,82,85
596,263,81,84
601,263,80,83
601,263,79,82
605,262,80,81
609,263,80,79
614,263,80,79
616,264,81,78
621,266,81,78
622,266,82,77
630,267,78,80
633,270,79,78
636,271,80,80
646,271,75,85
645,274,82,80
646,274,82,81
652,274,79,83
655,275,81,79
660,273,79,79
665,270,78,82
