625,326,140,116
606,324,142,115
606,321,140,116
592,320,148,117
578,317,150,116
565,314,152,115
552,312,154,114
547,310,154,114
542,309,154,113
537,307,154,112
532,306,155,112
527,302,157,112
522,299,159,112
518,296,162,113
519,296,162,114
515,292,162,111
509,287,167,113
504,282,172,116
498,280,176,114
492,275,182,112
495,276,177,111
486,272,178,109
478,267,180,110
472,263,179,111
463,258,188,114
455,253,188,114
455,253,187,113
444,247,191,113
438,242,195,111
431,237,185,106
425,232,191,108
423,228,192,107
421,225,193,107
420,222,194,106
418,219,195,106
418,216,200,106
420,216,205,99
420,214,208,97
421,213,209,98
422,210,214,95
426,205,210,99
428,202,214,96
433,198,214,97
437,196,215,94
437,196,214,95
444,194,213,91
447,190,215,91
456,188,213,90
461,186,214,89
466,184,215,88
466,182,214,91
472,182,218,86
479,177,215,84
484,174,214,80
488,166,214,79
490,158,216,79
490,160,216,77
494,153,213,75
497,149,215,72
504,143,210,69
509,138,217,69
515,133,220,67
516,133,218,67
521,130,217,66
530,127,216,65
535,129,215,62
544,129,210,60
550,133,208,58
549,134,208,57
554,138,205,57
560,145,204,57
561,155,201,58
563,164,199,59
564,174,200,61
565,174,197,59
563,182,197,63
566,187,192,65
566,194,190,65
568,200,186,67
571,206,184,67
567,209,189,62
572,212,186,63
577,215,184,64
582,219,181,63
587,222,179,62
592,226,176,61
597,229,174,60
606,232,172,58
614,231,171,57
625,229,169,57
634,230,168,56
646,226,163,58
644,227,166,55
649,226,163,55
654,225,160,55
660,225,158,55
665,224,155,55
671,224,153,55
671,224,153,56
673,224,151,55
675,225,149,54
677,227,147,53
679,230,145,53
681,233,143,52
683,235,141,51
685,238,139,50
687,241,137,50
689,244,136,53
689,250,136,55
690,258,133,54
685,261,137,52
689,270,132,52
685,279,131,53
683,290,130,53
684,299,126,54
680,310,127,53
682,310,125,54
681,319,123,57
680,328,123,57
676,337,125,55
680,344,124,57
686,349,118,58
686,348,117,57
689,353,116,56
691,356,114,56
694,359,112,56
696,361,109,55
699,364,107,55
699,364,106,54
702,367,104,54
698,372,109,53
698,376,105,56
701,381,99,56
700,394,97,55
700,394,98,56
699,404,96,55
699,415,91,57
703,427,86,57
698,435,84,57
698,444,82,58
698,446,83,58
700,453,78,59
702,460,73,59
702,467,71,61
703,473,67,61
701,479,67,61
701,479,68,61
704,482,65,58
707,486,57,54
707,489,54,50
705,492,56,46
705,493,52,44
705,493,52,44
704,494,49,44
701,493,49,44
699,492,49,44
696,492,49,44
694,491,49,44
691,490,49,44
689,490,44,45
684,490,44,41
678,489,42,40
671,487,40,39
664,486,39,39
664,485,39,39
656,483,38,38
648,483,37,38
641,481,37,40
