548,120,333,372
541,127,347,368
532,138,336,371
529,142,337,374
526,146,338,377
523,150,340,380
520,155,341,383
518,159,341,382
516,163,342,381
514,167,342,380
513,172,343,379
514,177,343,378
515,182,344,379
516,187,345,379
517,192,346,379
518,197,347,379
520,203,347,379
521,208,348,379
522,213,349,379
523,218,350,379
526,226,351,379
527,231,353,375
528,236,355,372
529,241,358,369
531,246,360,365
532,247,356,367
533,248,352,368
535,248,348,369
536,249,344,370
533,249,346,371
530,249,348,372
527,250,349,372
523,250,351,373
520,251,352,374
517,250,355,375
514,249,358,377
511,249,361,378
517,247,355,377
522,244,349,375
528,242,343,373
529,245,350,369
534,243,352,370
539,241,355,372
544,239,358,373
546,244,357,374
549,250,356,375
552,255,354,376
555,260,353,377
555,269,352,372
555,278,351,367
556,288,350,362
552,294,351,360
549,300,353,358
545,306,355,356
542,312,357,354
538,318,359,352
531,322,362,347
525,325,365,342
518,329,368,337
512,333,372,332
506,333,368,327
502,331,375,321
507,330,374,318
512,328,373,316
517,327,372,313
522,326,371,310
534,324,372,306
545,323,373,301
570,320,375,297
595,316,377,293
609,315,375,285
608,311,376,284
606,305,393,301
622,294,383,297
636,284,378,298
642,273,381,280
645,271,382,279
648,268,383,278
646,261,402,289
660,261,386,276
661,255,387,275
663,253,391,274
665,244,395,272
671,246,399,271
673,236,403,269
675,227,407,268
677,218,411,266
678,201,415,265
681,188,419,263
677,186,423,262
669,179,443,255
661,173,445,257
655,170,448,259
634,170,450,253
626,163,452,256
621,162,454,259
611,162,457,252
599,159,459,257
589,161,459,260
580,164,460,263
571,167,466,273
564,163,477,283
558,157,483,299
553,152,490,315
547,143,493,337
540,126,502,374
527,113,530,421
519,115,544,413
514,108,551,407
509,110,565,350
504,120,582,375
509,141,572,355
504,159,577,348
503,158,585,353
496,175,608,350
503,197,603,320
500,200,610,329
502,189,613,330
510,193,607,325
507,192,615,327
517,208,603,309
522,202,602,306
526,205,608,298
526,206,608,302
527,211,606,299
529,217,603,296
531,223,602,293
538,232,603,280
542,231,596,279
529,234,610,269
535,243,604,263
535,243,606,265
530,248,608,258
529,257,603,246
563,120,225,150
555,118,221,148
550,119,222,147
545,120,224,147
540,121,225,146
535,123,227,146
531,124,229,144
530,126,229,143
529,128,230,142
528,130,231,141
524,135,232,140
525,137,227,140
524,143,233,139
518,150,237,137
519,159,236,136
519,156,237,139
518,164,239,136
513,170,239,133
508,176,242,135
502,184,245,131
503,188,243,133
500,189,245,129
501,191,246,128
506,193,242,133
510,197,244,128
517,200,245,124
521,202,247,123
525,205,250,122
536,210,256,120
551,216,256,116
567,222,254,118
578,229,255,117
580,231,255,114
583,233,255,112
586,235,255,110
589,237,255,108
586,239,255,100
582,237,255,98
579,235,255,96
576,234,255,94
573,232,256,92
575,231,256,90
571,227,259,84
577,220,255,83
578,212,254,85
577,211,256,85
583,204,256,85
587,198,252,81
596,192,251,83
596,189,254,77
600,184,255,79
597,184,260,79
604,179,255,82
602,176,262,77
604,175,257,73
606,172,256,71
603,170,257,72
600,169,259,73
596,166,253,71
589,164,251,71
577,162,255,69
564,161,256,66
545,161,249,65
544,161,247,65
531,156,250,68
509,156,252,68
492,157,245,69
475,166,247,62
458,170,252,62
457,171,253,63
449,175,244,60
435,181,245,54
427,184,244,56
421,186,240,57
419,185,239,60
418,186,241,58
417,185,235,56
414,183,237,56
415,181,234,56
416,179,233,58
422,179,232,59
419,181,232,56
426,183,228,55
432,186,226,51
438,189,225,51
445,194,226,53
453,198,218,56
452,199,219,55
459,203,220,57
464,210,215,63
470,218,212,61
474,225,209,60
477,231,206,61
477,230,207,62
477,236,209,64
479,240,208,68
479,249,206,65
479,252,203,70
479,261,203,73
480,259,202,73
481,270,200,74
481,277,195,78
481,287,192,81
482,297,189,80
484,308,187,80
483,310,188,80
486,319,183,80
487,332,184,83
491,342,182,83
484,348,191,86
487,360,188,84
485,357,187,89
485,365,185,89
486,373,183,89
487,381,181,89
488,387,172,86
488,395,172,88
487,399,175,88
489,404,169,90
489,417,164,89
490,433,164,88
491,441,159,96
496,449,155,107
497,450,155,105
499,462,150,113
511,471,135,120
504,480,140,107
504,484,132,107
500,485,132,110
500,483,132,110
497,488,131,100
492,484,123,102
486,484,126,106
480,481,123,107
469,480,128,109
465,480,133,108
467,480,121,108
461,479,121,107
453,479,119,105
447,479,118,105
439,482,118,100
441,481,116,103
433,482,114,100
427,482,111,96
421,483,110,94
415,483,111,90
412,482,109,89
408,481,108,88
405,480,108,88
402,479,108,88
399,478,108,88
397,476,106,89
395,475,105,90
393,474,104,92
393,471,103,94
362,81,482,589
366,95,479,599
365,117,492,588
364,129,501,591
364,130,496,590
358,133,505,587
353,142,520,565
346,144,532,571
344,151,535,569
332,152,547,564
332,163,549,556
329,171,549,547
345,174,542,542
346,188,536,531
347,216,530,504
356,219,518,495
359,222,518,491
383,241,494,474
406,253,468,460
400,265,478,452
399,276,479,443
401,276,473,441
399,276,474,440
405,278,468,438
423,283,454,432
422,281,463,435
415,278,476,436
404,268,497,449
407,268,496,451
406,255,509,459
405,241,515,478
421,218,497,498
433,195,477,519
447,166,446,553
443,162,451,556
462,129,405,587
466,96,375,622
471,58,343,661
468,32,332,687
456,23,337,696
455,26,341,693
