949,149,16,26
944,152,15,25
940,155,15,25
936,158,15,24
932,161,14,23
932,161,14,23
927,164,14,22
923,167,13,22
918,169,13,21
914,172,13,20
914,172,13,20
912,172,13,20
910,172,13,20
909,172,13,20
907,172,13,20
905,172,13,20
905,171,13,20
904,171,13,20
903,171,13,20
903,171,13,20
902,171,13,20
902,170,12,20
901,170,12,21
901,169,12,21
899,168,12,21
897,168,12,21
895,167,12,21
893,166,12,20
891,165,12,20
890,165,13,20
887,164,13,20
885,164,13,20
884,164,13,20
883,163,13,20
883,163,13,20
883,162,13,20
883,162,13,20
882,162,13,20
882,162,13,20
882,161,13,20
881,161,13,20
881,160,13,21
881,160,13,21
881,159,13,21
881,159,13,21
881,159,13,21
881,159,13,20
881,159,13,20
881,159,13,20
881,159,13,21
881,159,13,21
881,159,13,21
882,159,13,21
882,159,13,22
883,159,13,22
884,159,13,22
884,159,13,22
885,159,13,22
885,159,13,22
886,159,13,22
886,159,13,22
887,159,14,22
887,159,14,23
887,159,14,23
887,159,14,23
888,159,14,23
888,159,14,24
888,159,14,24
889,159,15,24
889,159,15,24
889,160,15,25
889,159,15,25
890,159,15,25
890,159,15,26
891,158,16,26
891,158,16,26
891,158,16,27
892,157,16,27
892,157,17,27
892,157,17,28
893,156,17,28
893,156,17,29
894,156,17,29
895,156,17,30
895,155,18,31
896,155,18,31
897,155,18,32
897,155,18,32
898,154,18,33
899,154,18,34
899,154,18,34
900,155,19,35
901,155,19,36
902,156,20,37
903,156,20,38
904,157,21,39
905,157,21,40
906,158,22,41
906,158,22,42
907,159,23,43
908,159,23,44
909,161,24,45
910,162,25,45
911,163,25,46
911,165,26,47
912,166,27,48
913,168,28,48
914,169,29,49
915,170,30,50
915,172,30,50
916,173,31,51
918,174,33,53
919,175,34,55
920,176,35,57
921,177,37,58
922,178,38,60
924,178,39,62
925,179,41,64
926,180,42,65
927,181,43,67
929,182,45,69
927,181,50,73
926,181,56,77
924,180,61,81
923,179,66,85
922,178,72,89
918,177,79,94
914,176,86,100
911,175,94,106
907,174,101,111
905,173,114,124
900,170,124,133
895,168,134,142
890,165,144,152
885,153,171,170
871,152,210,186
865,143,254,204
866,139,253,212
854,119,322,240
835,97,418,288
800,79,479,351
739,49,540,440
558,18,721,530
558,16,722,558
230,15,1049,607
0,0,1280,671
0,11,1280,708
0,0,1042,712
0,0,740,616
0,0,740,616
0,0,610,502
0,4,587,445
152,8,473,404
305,35,392,358
407,47,355,331
417,43,344,333
500,64,311,309
584,75,277,308
652,97,269,310
715,109,245,326
757,111,241,357
763,108,234,362
773,104,241,396
776,79,247,443
754,48,276,483
755,26,283,503
755,5,291,523
756,4,293,524
743,1,300,547
728,6,305,600
700,17,335,576
681,16,353,603
662,15,371,609
667,14,366,625
634,13,399,615
601,24,424,609
568,35,450,603
546,24,469,622
524,24,488,615
521,25,489,620
501,18,496,608
486,19,526,603
472,19,557,597
458,19,573,592
443,20,590,586
429,20,607,581
414,20,609,576
405,21,614,564
396,21,620,552
398,21,613,522
438,188,173,121
434,191,174,119
416,190,178,117
398,189,181,115
379,189,185,112
361,188,188,110
357,188,179,108
357,188,180,106
345,188,185,104
333,187,189,101
322,187,194,99
322,185,198,99
321,183,201,98
321,181,205,97
325,179,203,96
341,177,191,96
349,175,193,94
357,173,196,93
367,171,197,92
372,171,192,93
378,169,200,92
391,173,199,91
403,177,198,89
416,181,197,88
418,187,200,87
421,192,202,85
423,198,204,84
430,202,203,82
438,207,201,81
445,212,199,80
453,216,197,78
455,218,195,78
467,216,194,77
479,213,192,77
491,210,190,77
503,207,188,76
509,206,186,76
515,205,184,75
529,201,183,75
542,200,191,75
554,199,200,74
570,200,201,74
587,200,203,74
590,200,204,73
601,200,206,73
612,200,207,73
624,200,209,73
635,200,210,72
646,200,212,72
651,199,212,72
656,199,213,71
661,199,210,74
665,199,206,76
665,199,208,78
664,199,210,80
664,199,209,80
663,199,208,81
663,199,207,81
662,199,206,81
662,199,205,81
661,199,204,81
660,198,205,81
658,197,206,81
656,196,207,82
654,195,207,82
652,193,208,82
650,192,209,82
648,191,210,82
646,190,207,82
644,189,205,82
642,187,202,82
638,193,201,81
634,199,200,80
639,202,198,78
637,207,197,82
636,211,196,86
635,221,194,84
633,231,193,82
632,240,192,80
634,239,190,79
636,251,192,82
633,258,189,84
629,265,187,85
625,272,184,87
621,279,181,88
620,278,179,90
615,284,178,91
609,289,177,85
604,294,177,78
599,297,176,80
595,300,174,82
596,300,172,83
591,298,172,84
586,296,172,85
581,294,173,86
576,292,173,86
566,293,173,87
568,291,173,88
560,290,173,89
553,284,173,90
552,282,173,90
552,282,172,86
552,283,171,86
553,283,169,85
553,283,168,84
554,283,167,83
554,284,165,82
554,287,164,85
555,290,163,86
555,293,161,88
556,297,160,89
563,300,157,90
567,304,152,90
571,307,148,90
576,310,143,90
578,310,142,90
573,312,148,88
576,315,140,86
579,317,133,84
573,320,131,82
569,322,128,79
568,322,128,80
561,330,123,78
549,334,122,78
537,338,122,77
529,345,114,74
521,351,107,72
521,353,103,70
510,361,99,69
498,369,96,68
479,374,103,66
462,377,100,68
446,379,97,70
447,380,96,69
434,380,94,70
421,380,93,71
408,380,91,72
397,381,92,71
385,382,93,70
383,383,96,70
377,384,94,69
372,384,94,68
368,384,93,67
363,384,92,66
304,156,401,469
304,164,403,475
305,172,404,480
305,179,406,486
306,187,407,492
306,195,409,504
307,204,419,484
307,202,422,496
308,209,425,472
308,197,428,491
309,202,431,482
307,188,435,500
306,174,439,500
304,168,443,501
303,163,448,502
301,157,452,503
299,159,456,496
298,152,460,523
296,158,465,541
295,156,469,545
293,167,473,535
291,180,478,528
288,192,484,522
286,204,489,515
283,216,494,497
281,221,500,495
279,216,505,503
276,224,511,491
274,225,516,492
