532,0,537,718
536,0,534,720
543,0,537,720
551,2,531,712
546,12,539,700
553,0,519,720
556,2,529,712
558,0,529,720
557,5,533,705
546,10,573,710
532,30,595,687
529,33,607,687
522,49,616,671
521,79,592,641
519,110,568,610
511,131,560,589
509,154,545,566
508,153,551,567
503,177,556,543
503,179,564,541
492,198,590,522
483,207,611,513
482,207,637,513
480,206,638,514
472,205,642,512
464,205,647,510
457,204,644,512
449,204,641,514
442,204,639,516
443,204,637,516
447,198,631,522
445,196,641,524
435,182,650,538
440,181,649,539
437,179,648,541
435,177,647,543
432,168,644,544
429,181,636,539
428,187,631,532
900,219,152,166
898,220,152,165
897,221,152,164
896,221,152,164
895,222,151,164
894,220,152,166
893,219,152,168
892,218,152,170
891,216,152,172
890,215,151,174
889,214,152,176
886,214,154,177
879,215,160,176
881,215,157,178
879,215,158,179
876,216,159,179
874,216,161,180
871,216,162,181
868,216,163,181
866,217,165,182
863,217,166,183
861,215,167,183
859,212,168,184
857,210,169,184
855,207,170,184
852,204,170,184
850,202,171,184
848,200,172,185
846,197,173,186
844,195,174,186
842,193,175,187
841,187,175,188
841,182,176,190
841,177,176,191
841,171,177,193
841,166,177,194
838,165,178,195
834,165,178,195
831,165,179,195
828,164,179,196
822,167,180,197
817,163,185,202
817,163,183,200
817,164,182,198
817,165,180,196
815,165,182,197
813,164,183,198
811,164,185,198
808,163,186,199
806,162,188,199
803,165,190,201
804,161,191,202
805,158,192,203
806,155,194,204
807,152,195,205
805,152,197,207
803,152,198,208
804,148,200,212
804,145,201,215
803,146,203,215
805,145,200,216
810,147,201,217
811,148,201,218
813,149,201,219
815,150,203,221
817,151,205,222
818,152,207,223
820,153,208,225
822,154,210,226
824,155,212,227
826,156,214,229
830,156,215,229
834,156,217,229
838,156,219,229
843,156,221,229
847,156,223,232
851,156,224,235
855,156,226,238
860,156,228,241
864,156,230,244
863,157,231,242
867,162,232,242
871,168,234,243
875,174,235,243
879,180,237,244
883,186,239,245
887,191,240,245
889,198,244,246
890,204,249,246
890,206,252,247
889,207,255,248
889,209,258,249
889,211,262,251
888,207,264,250
887,204,267,250
887,200,269,249
886,197,272,249
885,194,274,250
885,190,277,251
884,187,279,252
884,184,282,253
882,186,283,252
880,188,284,251
878,190,285,250
872,191,289,249
868,194,287,251
860,199,287,251
853,203,288,251
847,206,289,251
842,210,291,252
837,213,293,252
832,217,295,253
820,226,298,250
808,235,301,246
796,244,303,242
779,252,306,244
775,253,309,246
761,256,312,248
747,259,315,250
735,261,318,252
722,263,321,255
688,265,351,245
685,268,350,243
658,270,372,244
656,272,371,245
652,275,366,243
636,277,377,244
620,280,387,244
629,283,377,239
620,285,383,236
599,287,402,245
592,279,405,251
582,281,414,251
573,277,422,249
564,274,430,248
554,270,434,253
544,258,439,265
535,246,444,277
525,234,449,289
500,221,469,301
505,209,459,313
484,189,487,335
486,169,493,367
479,151,532,408
478,132,545,455
458,110,573,413
450,114,582,414
433,105,616,398
408,106,634,450
408,119,633,447
408,132,628,462
405,134,648,490
391,134,655,486
401,138,654,493
399,140,656,495
397,142,659,497
746,177,186,190
736,176,194,187
736,175,189,188
735,173,191,187
735,171,194,186
735,169,197,185
734,167,200,184
734,165,203,183
734,163,206,183
732,162,211,183
731,159,216,185
728,158,220,182
725,157,225,179
722,157,229,176
719,156,234,173
717,155,238,170
714,155,243,167
710,153,246,165
706,151,249,163
702,149,252,161
704,151,255,159
703,146,255,160
694,145,256,158
688,149,265,149
681,148,269,152
678,150,268,151
676,152,268,150
673,154,267,149
671,156,267,148
668,158,266,147
666,161,266,147
661,161,268,145
656,162,270,142
652,163,273,141
649,165,272,138
651,164,273,142
650,165,272,141
650,166,271,139
650,167,270,139
650,168,269,138
650,170,269,137
650,173,269,134
651,177,270,132
651,181,271,130
652,185,272,128
652,191,272,123
653,197,273,118
657,202,275,116
658,207,274,113
658,214,274,110
657,211,278,112
657,217,279,109
653,225,273,101
652,233,273,99
648,236,277,103
645,240,278,99
645,240,278,99
637,240,282,103
639,240,281,102
634,236,277,104
634,232,278,105
632,234,281,96
634,235,280,94
632,234,275,90
630,232,281,84
630,229,275,81
632,225,275,80
634,222,268,78
634,222,269,78
634,219,271,76
637,214,273,80
640,216,267,75
642,216,268,75
639,217,267,77
638,218,270,76
644,221,266,79
644,225,269,77
646,230,260,78
645,235,266,72
646,243,262,68
646,244,260,69
647,252,260,64
650,260,255,62
651,266,249,60
646,272,253,62
646,275,251,64
645,277,252,63
643,279,248,62
641,282,248,61
643,285,244,59
642,286,241,62
643,286,240,59
643,285,239,60
645,287,234,63
643,288,235,59
644,286,231,59
642,284,226,58
639,284,224,59
638,284,225,59
632,286,227,58
626,286,222,60
623,288,218,60
616,290,217,57
612,290,211,57
612,290,210,57
605,292,210,57
603,293,204,57
596,298,202,57
588,300,204,57
582,303,201,57
585,302,197,60
576,302,202,65
573,305,198,66
572,310,195,65
570,313,192,67
570,319,187,67
568,320,186,67
571,326,183,66
575,332,180,65
578,338,177,65
582,344,174,64
587,347,171,64
590,351,170,64
593,355,169,64
596,359,168,64
600,363,167,65
611,366,161,66
613,370,157,64
615,374,154,63
623,380,151,66
631,387,147,69
639,393,144,72
645,400,139,71
652,407,135,71
655,409,136,74
658,411,137,78
661,413,138,82
667,431,138,74
674,438,134,75
683,442,128,78
682,446,131,77
688,453,127,75
691,455,121,79
697,462,124,80
703,469,113,90
714,474,105,87
713,475,106,85
716,481,103,75
724,486,94,67
727,491,88,63
733,495,84,56
730,496,85,54
727,498,87,52
725,500,89,51
723,501,89,50
721,503,89,50
719,505,90,50
716,506,88,54
716,507,88,52
709,512,89,54
707,514,90,54
705,516,89,54
704,517,88,53
703,519,88,53
702,521,87,52
701,523,87,52
699,527,86,48
696,527,85,44
693,526,84,46
690,525,84,48
687,524,84,51
686,522,78,50
682,521,76,51
679,519,75,52
676,518,73,53
673,517,72,55
672,518,73,55
666,516,79,57
659,516,78,57
655,515,78,57
650,517,78,57
408,199,448,449
407,197,441,459
412,186,449,456
404,165,458,452
403,140,461,455
402,116,465,459
402,92,469,463
400,84,464,460
398,77,459,458
404,61,443,466
423,49,427,476
450,33,369,493
471,33,321,504
470,43,321,495
492,50,275,503
504,62,239,506
506,65,220,537
499,71,210,541
486,83,223,535
482,83,226,537
475,96,239,560
458,102,279,560
442,108,320,561
426,114,360,562
424,112,369,565
421,110,377,567
416,100,406,572
414,91,415,576
413,82,424,581
418,73,420,586
421,77,409,603
425,77,405,602
