649,329,108,201
648,331,108,199
648,333,108,197
647,335,108,196
647,337,108,194
646,339,108,193
646,341,108,191
645,343,108,189
645,345,108,188
644,347,108,186
644,349,108,185
643,352,107,184
642,355,107,183
641,357,106,184
640,358,106,185
639,359,105,186
639,361,105,188
639,363,106,184
640,363,105,186
636,361,107,189
637,363,108,189
636,359,109,192
630,357,116,194
631,358,113,192
633,359,110,190
632,357,110,190
630,354,109,191
629,352,108,192
628,350,108,193
627,345,110,196
628,350,111,195
633,337,104,203
633,337,106,203
633,337,105,203
633,338,106,199
634,337,109,199
635,336,111,199
637,335,113,199
638,334,115,199
639,333,117,199
641,333,120,199
642,328,121,200
644,324,122,201
646,320,123,203
648,316,124,204
650,312,125,206
652,308,126,207
654,303,127,209
656,299,129,210
658,295,130,212
660,287,127,218
660,282,129,217
661,273,131,221
661,264,134,225
662,255,136,229
662,246,139,233
663,237,141,237
665,236,143,233
667,229,144,234
669,222,146,235
671,216,148,236
673,213,149,238
675,210,150,241
677,207,151,244
679,204,152,246
682,202,154,249
684,199,155,252
686,196,156,254
688,193,157,257
690,190,158,260
693,188,159,263
694,184,161,265
696,181,163,268
697,178,165,270
699,175,167,273
700,171,169,275
696,170,172,278
693,169,174,280
689,167,176,283
685,166,178,285
689,166,172,286
686,166,174,290
684,166,177,295
682,166,180,299
679,166,182,304
677,166,185,308
675,166,188,313
672,166,190,317
670,166,193,322
668,166,196,326
665,163,201,327
663,161,204,329
661,160,207,331
660,159,209,334
658,158,212,336
656,156,214,339
655,155,217,341
653,154,220,344
652,156,223,341
651,159,227,338
650,162,231,335
649,162,236,338
649,162,241,342
649,162,246,346
649,162,251,350
649,162,256,354
649,163,262,361
649,163,269,367
649,163,275,374
641,156,294,376
641,157,273,379
641,155,279,387
638,149,272,389
629,141,277,406
631,151,308,404
623,160,328,394
622,163,334,394
621,166,340,393
620,169,346,393
619,172,352,393
619,175,357,393
617,173,378,406
618,182,378,398
619,179,380,401
621,176,393,405
621,177,399,406
621,178,405,407
622,179,411,409
622,180,417,410
622,181,423,411
623,183,429,413
615,189,438,415
607,203,438,410
599,207,449,413
598,210,425,418
590,206,446,419
587,214,449,424
567,247,468,406
562,258,480,400
557,270,472,402
553,282,465,404
554,284,471,399
555,287,480,395
557,289,490,390
558,291,500,385
560,294,509,381
561,287,519,376
562,281,528,381
564,296,538,367
565,301,547,362
567,305,557,358
567,295,595,373
552,312,618,368
555,309,619,376
550,321,617,382
546,332,612,387
552,346,602,374
554,306,593,412
561,246,584,473
567,237,574,482
574,205,565,514
518,171,645,547
450,192,659,526
384,223,752,438
373,206,785,413
354,203,802,412
421,200,735,410
360,189,775,391
364,187,780,402
386,190,773,397
417,194,767,392
410,193,773,389
427,204,770,380
429,207,774,380
423,214,775,385
419,226,786,386
441,238,773,383
445,242,769,370
451,216,759,384
440,198,772,396
429,184,756,388
431,162,743,392
459,147,737,400
464,147,741,398
470,146,745,396
487,143,735,400
504,140,725,405
523,146,700,408
