595,185,497,534
600,183,494,535
605,182,491,536
610,181,489,537
616,181,486,537
621,180,484,538
626,180,481,538
632,179,478,539
637,179,476,539
642,178,473,540
648,178,471,541
647,179,473,538
647,181,475,536
647,183,477,534
647,185,480,532
647,186,482,529
647,188,484,527
647,190,486,525
647,192,489,523
644,195,494,524
642,198,500,521
640,201,505,518
638,204,511,515
636,208,517,511
634,211,522,508
632,214,528,505
624,219,535,500
617,224,542,495
609,229,549,490
602,234,556,485
597,245,555,474
578,263,574,456
569,263,598,456
548,283,606,436
527,304,615,415
506,324,623,395
485,351,631,368
464,376,640,343
457,380,645,339
429,403,651,316
401,425,665,294
367,437,679,282
342,431,676,288
312,444,677,275
312,443,687,276
291,446,682,273
285,461,663,256
289,474,651,245
289,482,616,237
295,484,579,235
298,484,577,235
307,486,534,233
310,501,483,218
318,504,447,215
322,496,413,223
334,480,367,194
335,484,366,188
351,462,331,183
364,441,293,183
377,419,259,175
390,398,225,167
525,274,171,275
524,272,170,274
524,270,170,274
524,268,170,274
524,267,170,274
523,259,170,280
523,252,169,286
523,244,169,292
522,237,169,297
522,229,169,303
522,222,169,309
519,213,170,317
522,209,167,316
522,207,168,315
525,209,167,313
530,212,167,311
534,216,167,310
539,227,168,308
544,236,166,301
545,235,166,303
545,242,176,307
546,253,171,302
547,260,172,304
546,269,173,302
545,272,172,307
544,275,173,305
540,280,176,305
539,285,176,302
537,290,176,300
536,292,173,296
537,295,171,297
535,297,170,290
535,301,169,287
533,304,170,285
533,310,168,281
532,312,170,279
531,310,165,284
532,312,166,282
529,311,167,282
527,305,165,286
526,308,172,280
523,302,174,277
523,300,174,277
524,298,174,276
524,296,174,275
524,294,174,274
524,292,174,273
524,290,173,275
525,288,173,276
525,286,172,278
525,284,172,279
518,283,169,282
513,284,169,285
505,283,168,292
498,279,167,295
497,281,174,294
491,277,166,296
484,271,166,300
482,260,168,311
485,259,168,311
484,260,177,308
486,256,172,314
490,255,168,315
495,256,166,314
495,260,171,315
496,264,176,316
497,268,182,317
498,270,183,315
499,271,184,313
500,273,184,311
500,274,185,309
495,267,183,311
496,260,183,307
496,260,183,307
494,253,183,301
491,252,184,289
489,246,183,290
486,243,182,285
481,241,184,281
479,246,188,277
476,247,191,275
471,248,194,275
466,250,197,276
461,252,200,277
456,254,203,278
459,251,200,277
451,259,202,276
447,264,209,277
443,268,205,269
441,276,201,266
429,283,217,259
428,282,214,266
425,284,216,263
422,286,217,261
419,287,218,259
415,287,221,258
412,286,225,257
409,285,228,256
406,285,231,255
401,283,234,257
396,281,237,259
391,280,252,259
387,279,267,260
383,279,273,263
379,278,279,266
375,278,284,269
371,277,290,271
373,285,290,260
366,290,296,254
359,294,302,247
353,299,309,241
348,306,314,235
344,313,320,228
337,321,326,223
349,330,319,218
353,335,323,214
358,339,327,211
361,350,346,212
365,361,365,212
386,367,376,222
408,373,387,232
404,367,388,237
417,379,405,245
426,382,437,270
433,372,490,321
380,359,581,360
434,340,567,379
435,339,565,380
472,318,541,401
468,293,556,403
488,279,560,349
520,270,520,325
554,264,458,317
565,268,451,312
577,262,404,291
596,252,340,290
613,261,312,252
616,267,280,238
625,277,252,215
624,277,252,215
641,297,226,193
300,179,218,234
299,174,214,233
292,167,216,233
282,162,230,231
283,163,231,231
277,158,235,233
264,150,245,244
257,146,253,247
250,142,260,250
249,145,274,248
249,148,278,246
247,147,270,247
245,146,273,249
239,147,285,250
233,148,296,251
227,149,294,252
221,149,308,253
215,150,298,254
214,150,303,256
208,151,302,269
193,157,318,272
191,156,311,282
192,157,310,282
187,159,322,279
183,161,322,277
179,165,322,272
175,170,328,267
171,174,349,261
170,174,354,262
169,174,359,263
178,178,354,248
171,181,375,255
174,185,380,251
178,189,384,246
182,193,389,241
185,197,393,237
189,200,398,232
192,204,402,227
196,208,407,223
199,212,411,218
200,216,405,214
205,219,403,208
213,219,407,203
212,229,423,194
227,233,414,189
224,240,429,180
228,242,425,178
238,241,422,178
243,246,424,173
247,253,428,164
255,251,429,175
255,254,434,167
257,255,433,165
264,255,428,173
275,257,430,171
284,256,422,176
289,263,422,173
294,271,421,170
300,279,421,167
305,287,420,164
311,295,420,162
313,309,418,155
316,316,416,156
319,322,414,157
321,326,407,157
324,329,401,157
327,332,394,157
332,338,383,157
328,341,380,154
325,344,377,151
321,347,373,148
318,344,365,147
319,343,358,145
315,343,357,143
322,341,346,141
321,336,342,141
320,331,338,141
319,327,334,141
319,322,330,140
318,318,326,140
327,309,321,139
325,298,310,141
328,297,302,140
331,297,295,139
334,297,288,139
337,297,281,138
340,297,274,138
337,299,273,139
338,304,266,139
339,309,259,139
340,315,253,139
340,323,243,142
337,331,236,140
342,337,222,143
342,337,220,142
347,346,203,139
350,358,194,133
347,369,189,127
345,379,182,125
348,387,172,130
348,389,178,131
350,395,165,130
367,398,159,142
383,408,140,129
382,412,146,141
394,424,139,132
390,423,147,134
409,437,134,125
419,438,134,131
431,440,134,136
441,445,133,135
450,454,131,124
454,455,129,126
471,462,121,121
480,462,125,121
491,462,123,114
502,461,122,118
511,456,120,118
508,458,121,114
518,452,118,115
525,447,118,121
527,443,119,117
533,438,116,116
538,433,113,115
538,434,115,114
542,431,109,111
545,424,107,111
549,419,104,114
553,413,103,112
557,407,99,107
560,406,100,116
563,399,97,112
567,392,95,113
570,384,93,114
573,375,92,114
576,368,91,113
574,368,93,114
578,361,91,115
582,354,90,117
586,349,90,117
590,342,90,122
591,341,88,115
591,341,88,116
592,341,88,114
593,340,87,113
594,341,86,113
592,341,85,114
592,343,84,115
592,343,84,115
590,345,84,115
588,345,87,118
588,349,85,115
587,351,84,113
587,351,85,112
587,352,84,111
587,352,86,110
588,350,88,109
590,347,89,110
591,344,90,109
591,338,91,112
591,337,96,116
594,333,92,115
598,329,90,115
597,326,92,116
599,325,91,114
600,323,92,113
601,322,91,115
603,322,91,114
604,321,90,114
603,320,91,113
602,320,95,116
603,320,91,113
605,320,90,113
605,321,89,113
605,321,88,111
604,323,89,113
602,320,90,116
622,221,357,344
621,217,350,340
625,204,349,338
624,198,349,328
624,186,351,329
624,176,350,340
620,167,352,332
619,169,353,329
616,160,360,324
608,151,368,327
624,141,357,333
