289,5,917,713
304,55,881,665
309,51,878,669
338,138,786,581
352,201,757,514
358,268,717,452
372,313,676,407
385,344,644,372
384,348,649,372
403,373,599,343
414,388,559,329
433,380,531,337
444,371,514,346
455,362,498,355
467,354,482,365
506,316,445,403
530,290,437,429
542,259,437,460
560,240,431,479
576,215,425,501
569,221,434,498
574,201,448,518
579,181,463,538
584,149,477,570
590,130,491,589
595,112,506,607
592,106,506,613
600,85,524,634
607,63,542,656
614,41,560,678
622,20,578,699
596,7,623,699
587,1,633,706
591,0,636,720
569,1,638,718
