150,1,618,717
150,0,616,720
157,5,610,715
156,0,608,720
154,0,612,720
153,2,610,718
151,0,617,712
140,0,631,720
140,0,644,720
136,0,657,720
121,1,679,717
119,0,685,720
111,0,712,720
114,0,729,720
114,2,737,718
118,1,735,719
79,0,785,720
85,2,779,718
58,6,825,702
78,0,828,720
60,1,828,717
47,3,857,717
30,0,881,720
34,0,879,720
25,0,888,720
27,0,893,720
33,0,897,720
37,0,895,720
35,0,892,719
34,0,890,718
33,1,888,717
32,0,889,717
32,0,890,718
32,0,892,719
32,0,893,719
42,0,897,719
53,0,900,719
63,0,903,720
158,15,840,659
58,22,965,698
74,42,976,676
76,37,978,681
109,74,1001,645
139,110,1027,608
170,141,1083,578
244,183,1035,536
424,133,212,391
420,127,215,405
424,124,197,400
423,122,207,396
422,121,202,393
424,116,201,392
426,112,200,392
428,108,199,391
430,103,198,391
433,99,198,390
435,110,202,379
434,109,203,379
433,108,205,380
432,108,207,381
431,107,209,381
430,107,211,382
430,86,206,394
428,85,204,391
425,84,202,387
425,86,203,383
432,103,196,365
432,109,190,365
434,108,191,365
438,109,190,359
446,113,186,352
446,113,186,351
451,111,185,351
455,116,181,342
457,120,178,336
459,127,177,331
454,134,179,323
454,126,176,333
455,124,177,329
454,124,179,323
459,120,175,318
462,113,170,317
460,117,170,310
460,117,171,311
458,120,165,303
453,123,163,299
445,127,166,287
446,120,163,295
445,127,163,290
442,128,166,288
446,126,166,286
450,134,161,282
458,135,157,278
461,132,153,276
463,134,151,272
463,131,152,274
460,135,148,265
456,136,152,266
452,142,149,263
445,146,151,260
439,145,148,252
438,148,149,252
432,144,145,251
426,135,144,254
420,136,148,244
414,123,145,254
410,125,143,247
407,128,148,244
406,130,147,242
405,132,146,240
404,135,145,238
404,137,145,236
403,139,144,234
402,141,143,232
402,143,143,230
402,147,141,227
401,147,143,232
399,148,141,224
398,150,140,224
394,145,140,224
391,140,141,224
388,136,142,224
384,136,140,218
380,136,139,212
377,137,138,206
376,137,137,205
368,133,142,211
368,126,138,212
366,131,140,201
366,131,140,200
368,131,138,197
371,131,137,194
374,132,136,191
377,131,134,189
377,133,134,191
378,138,132,186
383,142,136,184
385,144,135,181
387,147,134,179
389,149,133,177
391,152,132,175
393,154,131,173
396,157,130,170
398,159,129,168
400,162,129,166
402,164,128,164
404,167,127,162
409,171,126,156
419,174,120,153
419,174,120,154
421,176,119,154
425,181,116,151
427,186,119,148
430,191,117,145
430,198,119,141
429,198,120,144
428,203,126,143
433,209,123,138
436,212,127,138
438,213,128,141
436,215,136,145
436,214,137,146
436,217,145,148
434,216,155,154
421,214,175,162
402,208,200,179
354,199,252,210
361,194,241,213
305,182,313,244
262,176,402,300
219,167,530,374
209,165,714,438
239,170,862,463
259,159,818,489
347,169,836,472
516,182,728,455
636,130,644,469
744,128,535,437
786,128,441,405
786,130,441,401
792,132,331,366
772,142,258,331
738,158,218,305
703,179,180,270
665,204,166,240
667,205,154,238
644,220,138,218
617,224,129,199
591,230,123,186
575,234,113,176
559,233,115,161
555,241,117,156
540,234,115,151
525,230,118,141
518,233,120,138
510,235,123,134
508,239,126,130
507,242,126,128
514,243,118,132
513,249,121,125
517,258,121,117
524,260,118,117
527,265,118,113
528,264,118,114
533,262,117,115
536,266,112,109
534,271,126,109
532,277,128,102
532,279,127,101
537,284,121,100
14,213,539,330
21,199,540,333
28,187,543,335
33,187,538,324
44,181,559,319
41,182,571,315
79,177,506,309
70,176,582,310
87,184,556,311
103,191,555,307
104,213,566,295
90,210,571,293
109,215,558,288
111,216,563,286
114,223,559,269
110,217,565,267
104,214,572,260
104,211,566,263
100,207,579,251
107,198,556,250
114,192,561,249
117,186,554,232
114,188,553,227
107,187,561,226
110,195,555,214
104,200,572,210
119,206,555,204
131,205,537,206
127,210,532,206
125,210,528,207
133,216,541,195
137,216,518,187
159,220,525,185
176,230,508,173
182,244,508,166
186,240,499,167
189,255,505,159
201,267,485,152
196,275,488,150
181,276,489,156
174,285,487,147
171,274,484,162
171,278,485,156
188,282,475,150
199,283,471,144
209,284,468,139
215,290,462,136
217,287,461,138
219,291,451,141
221,297,441,138
220,306,436,133
224,311,426,138
222,318,423,134
227,318,418,134
226,323,414,135
247,327,396,131
255,332,396,130
274,332,388,130
304,330,373,127
306,330,367,127
314,327,377,123
336,325,366,126
360,321,353,123
391,319,340,127
405,326,347,116
406,327,345,113
427,340,341,110
449,347,329,116
456,366,319,118
463,384,307,120
471,403,297,122
472,404,299,116
473,429,288,110
476,448,282,107
472,466,278,111
473,483,272,108
472,493,266,109
471,496,265,105
476,506,256,103
481,521,250,97
487,513,240,98
489,520,229,90
489,520,223,86
488,522,225,82
487,522,217,80
481,521,209,77
473,516,204,80
466,510,201,78
459,504,191,78
460,506,193,76
443,493,193,77
432,478,178,85
413,471,179,87
398,466,172,77
385,463,164,76
386,464,168,78
378,460,160,76
372,458,149,83
366,459,149,78
364,461,139,79
361,471,142,67
363,474,138,66
368,477,134,64
373,486,130,62
375,490,126,60
380,496,122,58
383,500,118,57
391,500,108,56
394,501,110,53
398,501,106,51
402,501,102,50
406,500,101,47
412,499,98,43
413,498,98,44
420,496,90,41
425,492,89,42
430,489,85,41
434,486,85,43
446,486,78,44
446,486,78,42
447,485,80,45
453,483,76,44
458,482,74,40
459,484,72,40
465,483,70,40
465,483,69,39
471,480,67,38
478,477,65,38
485,474,57,36
493,471,62,38
503,468,60,37
510,469,59,37
513,467,55,36
521,466,52,36
529,465,49,36
537,464,48,36
543,467,46,35
547,467,47,35
557,468,37,37
566,472,34,35
567,477,44,35
581,481,43,32
592,484,41,31
595,485,41,29
606,488,36,32
618,492,34,28
631,496,34,26
643,499,35,22
654,501,34,22
657,503,33,20
673,502,32,21
683,503,30,19
694,504,29,19
707,505,28,19
718,503,29,19
718,503,29,20
729,503,29,22
742,502,25,21
755,504,20,16
643,206,176,269
602,221,208,271
605,219,207,276
600,239,194,284
597,242,197,272
605,263,192,268
601,273,201,263
595,280,196,265
597,281,192,266
582,292,208,263
571,303,223,261
575,314,203,256
572,314,207,261
577,315,197,266
577,318,200,263
578,322,198,267
587,323,189,275
586,328,183,278
591,333,175,285
589,335,185,288
592,333,179,293
606,334,141,295
602,334,136,302
602,337,131,303
601,340,116,304
603,343,109,300
603,343,108,301
603,345,103,299
601,344,99,297
597,345,98,293
593,349,101,280
592,345,98,283
591,344,99,285
590,346,99,282
593,351,100,279
594,357,100,275
596,362,101,272
600,369,101,264
599,368,101,266
611,375,103,260
624,378,103,258
631,374,102,258
634,367,104,263
637,356,107,270
637,356,106,270
639,344,109,278
644,327,110,289
646,312,116,300
648,298,119,311
647,283,126,323
643,283,136,320
645,266,138,338
643,262,142,341
