642,198,106,284
643,195,105,285
644,192,105,286
645,189,104,287
646,186,104,289
647,183,103,290
648,180,103,291
650,177,103,293
651,175,105,291
652,177,107,287
655,168,106,296
654,166,108,295
654,164,111,294
654,164,114,292
653,164,117,290
653,164,120,288
653,163,122,286
652,163,125,284
652,162,128,282
652,162,131,280
652,162,134,278
651,163,137,280
648,164,142,279
645,165,147,279
641,167,152,279
638,168,157,278
635,169,162,278
632,171,167,278
630,167,175,284
628,159,181,297
619,152,193,307
607,144,207,323
603,141,218,330
598,146,221,325
591,127,238,362
588,120,251,380
581,103,266,416
578,93,286,435
574,75,303,467
565,70,321,477
564,53,337,517
545,37,378,548
526,26,417,599
507,11,448,625
488,9,494,667
484,10,498,666
450,19,541,670
431,29,571,690
412,61,597,658
400,92,609,627
384,134,604,584
385,130,598,590
362,174,597,545
303,218,626,498
328,248,559,444
304,271,534,385
289,286,500,330
300,291,493,322
281,289,449,270
275,284,409,232
270,280,370,194
263,274,333,183
261,273,294,176
263,269,274,174
265,265,255,172
267,261,237,164
273,248,212,161
279,234,187,159
286,221,171,152
287,218,167,155
298,210,150,147
310,200,131,139
319,191,118,134
327,183,109,125
332,178,96,115
332,178,98,116
339,175,87,109
344,174,79,104
350,176,74,101
353,178,69,96
353,184,66,91
352,183,64,90
355,188,59,85
355,191,56,81
356,195,53,78
357,199,50,74
359,200,48,71
358,199,47,72
359,202,45,68
361,203,43,66
361,206,40,60
363,208,38,60
363,209,37,56
364,208,36,57
363,212,35,55
366,214,34,54
364,217,33,51
369,220,32,48
371,224,31,47
373,224,30,46
374,230,28,43
378,235,26,41
377,239,25,40
380,243,24,39
383,247,23,39
383,248,22,38
386,251,22,36
389,256,21,34
390,260,20,34
396,263,20,33
401,268,19,32
400,267,19,32
405,269,18,31
409,271,19,30
413,272,18,29
422,273,19,30
