329,138,189,270
333,129,187,275
337,121,185,280
341,113,184,285
348,117,180,278
354,121,177,271
360,123,173,265
366,126,170,259
373,128,167,254
374,130,164,251
371,131,168,253
372,133,165,246
371,136,166,241
369,139,168,238
367,142,172,233
369,140,172,237
367,145,168,233
368,146,167,234
365,143,167,235
365,142,166,235
363,143,165,234
363,143,168,237
361,138,167,237
360,134,164,239
355,131,163,236
350,129,166,230
346,130,166,229
345,129,164,231
343,130,163,226
341,131,159,226
341,133,162,221
339,133,158,220
338,131,155,222
338,129,159,220
335,128,158,223
332,126,159,225
327,128,164,224
323,127,171,225
320,128,165,229
320,128,165,229
320,132,166,221
320,128,169,231
316,125,171,221
308,120,170,219
301,111,172,222
300,109,172,227
291,104,171,224
282,100,173,223
271,100,176,222
260,102,179,223
253,108,186,225
253,109,182,225
254,111,182,222
255,112,185,228
259,118,188,229
263,123,192,231
267,129,195,232
271,134,199,234
275,140,203,236
276,147,214,237
277,155,225,239
272,153,242,254
262,151,258,264
262,152,256,261
255,150,279,275
251,151,301,282
236,147,334,295
222,144,375,319
207,141,431,346
201,138,433,346
174,132,508,397
111,107,626,476
0,71,833,587
4,62,992,656
14,71,1144,648
1,83,1165,636
16,126,1169,593
260,202,1019,517
516,274,763,441
747,354,532,365
820,394,459,325
828,387,452,332
871,417,408,302
914,448,365,271
954,470,325,249
1039,485,240,234
1125,499,154,220
1118,497,161,222
1148,511,130,208
1177,520,100,199
1191,533,88,186
1185,551,94,168
1163,545,116,174
1163,550,116,169
1129,533,150,186
1040,432,239,287
928,345,347,374
799,259,343,447
634,201,365,432
641,196,349,429
544,163,333,425
496,154,314,359
509,141,267,364
516,152,248,345
546,162,251,339
541,163,250,334
590,152,233,326
638,140,217,318
662,140,202,295
665,140,195,288
668,140,188,281
671,140,182,279
657,143,176,271
636,154,171,259
623,169,160,246
608,174,156,245
600,176,149,255
600,173,150,258
594,169,151,254
604,156,147,267
611,127,149,289
622,108,161,302
638,90,166,317
636,92,170,318
656,95,162,319
679,102,157,313
702,109,152,307
709,115,155,310
704,120,166,307
707,120,166,304
699,129,176,306
680,134,190,302
659,143,211,301
632,165,234,294
619,180,244,282
619,179,249,280
601,187,258,280
598,197,258,267
599,194,257,263
601,192,257,260
602,190,257,256
604,189,255,252
613,188,250,249
622,187,246,245
630,175,242,236
640,163,238,237
645,154,227,233
646,157,224,229
646,158,221,227
646,169,219,222
646,179,216,217
647,176,214,215
648,173,212,213
649,170,211,211
