527,296,312,423
545,287,285,433
559,274,256,443
567,249,249,464
569,250,250,463
567,228,247,473
563,190,246,504
554,162,254,519
534,125,260,541
504,93,276,578
497,102,288,564
481,64,285,609
462,46,299,636
438,38,315,657
431,41,313,660
425,26,330,687
426,26,320,690
410,49,340,666
434,92,309,624
454,142,292,576
490,189,257,530
499,234,240,485
497,238,244,481
511,277,231,442
510,317,234,402
501,355,257,364
491,378,274,340
478,370,280,349
477,367,279,349
481,345,273,371
490,297,257,422
482,246,268,470
480,243,273,473
485,236,279,478
484,240,280,474
506,230,262,485
522,232,258,487
526,230,256,488
533,233,240,483
539,232,238,485
536,231,240,488
