648,233,188,268
645,235,189,266
643,236,189,264
641,238,190,262
638,240,190,260
636,241,191,258
634,243,191,256
631,244,192,254
629,246,192,252
627,248,193,250
626,249,193,249
626,251,192,247
625,252,191,245
625,254,191,244
624,256,191,242
624,258,191,241
623,260,191,239
623,262,191,238
622,264,191,236
622,266,191,235
622,268,191,234
621,264,191,236
621,261,191,239
620,260,192,241
620,258,192,242
620,256,192,244
619,255,193,245
621,255,192,243
622,256,190,241
623,257,189,239
625,258,188,236
626,259,187,234
628,257,187,237
626,255,187,233
625,254,186,233
624,252,186,233
623,251,186,233
621,250,185,232
620,248,185,232
619,247,185,232
618,246,185,232
619,243,184,232
621,240,184,232
623,238,183,233
624,235,183,233
626,232,182,234
628,230,182,234
629,227,181,235
631,225,181,235
632,226,182,235
634,227,183,235
635,228,184,235
637,230,185,235
638,231,186,235
640,233,187,235
642,235,187,235
644,238,188,235
646,240,189,235
649,242,190,235
653,246,190,234
657,251,190,233
661,253,189,235
665,255,189,236
669,257,189,237
673,260,189,238
677,262,188,239
681,264,188,240
685,264,187,245
682,266,196,245
694,266,190,244
703,270,191,243
712,271,197,237
718,269,199,234
725,268,200,232
732,267,201,229
739,269,204,224
745,267,208,222
752,258,211,227
759,250,214,233
765,238,219,236
765,238,222,235
785,224,215,232
785,212,228,235
789,203,232,234
794,195,236,234
799,186,241,234
801,183,239,236
799,182,242,236
798,180,246,235
796,179,249,235
795,178,249,235
787,180,255,235
779,181,261,235
770,182,267,235
762,184,273,235
753,185,279,235
745,187,285,235
742,187,291,234
742,184,292,235
726,188,300,235
711,192,309,235
706,193,312,235
700,194,315,235
693,204,317,235
686,207,320,236
679,210,324,237
672,214,327,238
667,211,329,238
663,207,332,237
658,204,334,236
653,201,337,235
635,197,349,236
616,193,361,236
597,189,373,236
567,181,395,240
551,173,405,242
545,173,416,242
525,169,425,239
505,165,435,237
486,162,445,235
464,161,458,239
462,170,454,229
460,167,454,233
448,178,459,232
433,191,455,236
427,211,458,235
419,232,463,237
413,242,465,254
412,242,462,256
411,254,460,258
411,252,457,269
421,236,453,295
430,221,464,326
456,210,475,350
455,211,477,351
466,207,478,326
464,208,489,274
461,204,491,270
459,207,493,263
458,211,481,259
456,212,482,260
447,216,477,263
433,219,483,264
409,221,484,268
400,219,467,267
379,222,484,273
376,227,485,266
365,229,484,278
368,235,484,281
371,243,484,284
373,247,484,286
374,245,482,293
369,246,484,291
370,249,481,293
385,243,479,305
390,237,476,312
390,234,477,312
399,232,476,316
408,230,474,320
417,228,472,323
427,226,470,327
434,225,469,331
456,224,456,329
469,223,459,331
473,223,458,327
476,221,462,333
486,223,453,336
487,224,449,336
488,224,444,336
486,223,442,333
487,224,444,329
477,217,444,330
468,211,444,332
459,205,445,333
462,197,444,329
