311,59,389,494
310,69,385,484
305,76,384,477
305,82,384,464
302,80,388,477
306,83,384,470
304,77,386,467
303,73,387,460
306,66,379,486
303,65,383,472
306,59,384,479
303,61,383,471
302,56,384,469
304,61,381,470
304,65,379,459
304,69,385,449
308,68,379,452
317,68,376,453
321,78,378,445
326,85,378,445
333,93,378,452
336,97,377,452
336,102,375,448
345,111,365,449
360,114,345,452
375,116,320,456
385,119,300,455
403,114,273,461
403,115,274,461
428,115,242,465
450,117,219,466
463,118,213,453
464,120,216,454
472,121,214,444
472,122,215,445
478,120,217,443
486,116,215,439
494,107,212,443
494,96,214,447
498,86,211,446
497,85,219,447
498,73,199,450
501,62,198,460
505,52,195,462
509,46,203,467
