648,201,311,356
650,207,311,353
652,214,310,350
653,220,310,348
655,226,309,345
656,233,309,342
658,239,309,339
660,245,304,335
661,252,299,330
663,258,295,325
664,264,287,320
661,259,271,325
658,254,255,331
654,249,240,340
651,245,232,334
647,240,240,344
644,235,248,340
641,230,250,330
637,225,252,319
634,220,254,309
630,215,256,298
628,206,256,305
625,197,256,298
618,184,264,299
615,166,266,305
606,154,272,305
595,143,276,307
592,140,273,305
590,136,269,303
582,136,266,298
582,129,252,300
574,124,248,305
573,124,236,308
574,124,228,307
575,124,219,307
