328,137,373,581
327,135,373,582
327,133,373,584
327,132,373,586
327,130,373,588
327,128,373,590
327,127,373,592
327,125,373,594
331,126,374,594
326,130,384,590
328,130,373,588
331,141,376,578
335,155,384,565
333,177,389,536
330,191,397,523
328,200,399,514
330,202,398,513
328,208,410,508
333,222,407,496
330,220,417,497
328,219,428,499
310,208,452,510
305,212,466,508
280,198,500,521
262,185,502,534
243,172,510,547
225,158,542,561
194,136,575,583
188,126,581,593
170,116,625,603
151,105,670,614
105,96,722,623
53,60,795,659
0,38,883,681
0,34,864,686
0,13,903,706
0,0,943,720
0,4,929,715
0,8,915,711
0,0,890,720
0,0,887,720
1,0,877,719
3,0,906,718
5,0,902,706
0,32,899,654
3,80,879,591
0,83,876,587
0,120,860,572
1,156,842,548
0,192,825,525
25,228,783,491
69,235,736,471
109,242,693,463
154,249,646,441
238,255,559,419
276,262,518,398
329,269,463,376
363,276,425,354
376,283,410,332
403,289,380,316
454,296,327,297
478,299,303,287
501,302,280,271
528,305,255,258
537,308,245,248
547,311,235,238
557,314,226,229
579,317,205,221
586,320,199,208
601,323,185,198
600,326,186,196
610,328,173,180
614,332,171,176
623,334,161,171
633,337,151,167
643,340,141,163
648,343,136,158
653,346,130,153
658,349,125,148
663,351,121,144
668,354,117,141
673,357,113,137
678,360,109,134
685,363,103,129
692,366,96,124
698,368,93,121
704,369,89,118
710,371,85,115
713,371,84,112
717,371,83,110
720,370,83,107
730,367,78,104
735,366,75,102
740,366,71,100
745,366,68,98
750,365,67,96
755,365,66,94
760,365,65,92
766,364,64,90
769,365,62,87
769,367,64,86
773,367,60,84
775,367,60,84
778,368,61,85
431,135,28,41
431,136,28,41
432,137,28,40
432,138,28,40
433,139,27,39
433,140,27,39
434,141,27,38
436,142,29,41
436,143,29,40
436,144,29,40
437,145,30,39
438,146,30,40
439,147,30,41
441,148,29,40
441,148,29,39
441,149,29,40
441,149,30,40
442,150,29,40
444,150,29,39
445,152,28,40
444,152,29,40
444,155,31,39
447,157,28,40
448,158,28,41
449,159,30,41
450,161,30,40
451,160,28,41
451,163,29,39
447,158,29,42
444,155,29,43
441,152,29,43
435,149,29,44
435,148,30,45
431,145,31,46
427,142,32,48
423,139,33,49
419,136,34,50
417,135,34,52
415,134,35,53
413,134,36,55
411,133,36,56
408,133,36,57
406,133,37,59
405,133,38,61
404,133,39,62
401,133,40,64
399,133,42,67
394,132,48,72
394,133,47,75
389,133,51,77
390,133,48,76
383,130,55,83
377,129,63,89
372,128,71,96
366,127,71,105
360,126,83,115
362,125,81,117
355,124,95,125
347,123,110,138
340,122,124,150
333,121,143,170
311,117,177,197
309,117,182,200
293,123,225,235
266,125,300,285
227,128,409,364
152,127,669,530
78,125,1013,594
83,128,1024,591
72,129,1207,590
207,157,1072,562
481,181,798,520
692,203,587,478
785,207,494,403
786,218,493,393
793,235,414,325
747,271,296,268
720,325,228,217
684,358,179,180
671,376,141,155
675,377,134,149
661,383,109,128
656,381,97,118
652,375,94,116
654,363,92,118
655,353,90,121
653,350,93,123
650,339,104,128
654,321,106,146
659,308,113,157
665,280,120,188
669,254,135,224
669,251,134,230
669,220,161,279
675,185,170,323
671,150,201,363
652,125,228,427
635,97,247,504
626,86,263,528
618,76,279,552
593,68,312,651
561,57,357,663
547,59,375,651
545,59,387,623
546,68,386,610
393,150,328,290
376,136,332,284
366,128,336,280
356,121,342,276
347,114,347,273
347,111,350,271
343,100,354,269
337,89,361,272
331,84,368,268
314,78,380,263
306,70,390,266
306,66,385,270
298,66,389,267
291,66,394,264
284,66,399,262
277,67,404,259
283,66,404,258
278,63,409,261
283,69,402,250
286,74,405,249
291,81,413,238
295,91,408,226
302,101,409,217
305,100,406,219
312,109,403,211
327,119,396,201
332,130,392,187
338,137,390,179
344,144,388,172
350,151,386,164
356,158,384,157
362,165,382,149
364,171,379,146
369,177,376,136
377,182,368,129
377,183,368,128
377,186,363,124
381,190,357,118
376,190,357,116
374,190,354,114
369,190,347,111
367,192,353,110
364,193,343,105
361,188,341,108
355,188,340,106
353,185,334,105
351,184,329,101
350,184,332,101
348,182,328,101
347,178,325,97
348,174,320,97
352,171,314,93
353,167,306,92
352,170,308,89
354,166,301,88
352,162,297,87
346,160,299,83
348,157,292,83
348,155,282,83
349,155,282,82
348,153,280,85
349,154,274,83
352,153,272,83
349,157,267,81
353,160,258,79
349,157,263,82
351,162,257,80
353,165,248,81
350,168,245,80
349,170,238,80
348,170,231,81
348,171,232,79
347,171,225,79
346,172,220,77
346,174,215,73
348,175,208,72
352,177,201,70
352,177,200,70
361,180,193,68
370,185,184,67
378,187,176,73
384,194,172,71
393,206,169,69
398,208,163,69
402,215,159,67
410,225,155,66
415,234,151,65
422,244,147,64
425,248,143,62
427,251,139,61
431,256,134,60
432,263,133,59
431,267,131,57
429,271,129,55
428,275,131,54
427,277,132,54
426,279,127,54
428,281,122,56
433,286,118,56
429,289,112,56
425,295,116,57
424,294,113,56
427,298,111,57
429,301,107,59
424,308,115,59
433,311,104,60
437,317,99,61
435,318,101,60
434,325,104,62
437,334,107,63
436,339,113,67
444,349,107,63
452,356,101,66
452,358,99,63
459,369,96,62
465,376,96,65
470,383,94,65
476,391,101,66
490,405,92,67
486,405,99,68
493,413,98,69
507,424,89,69
519,435,86,69
531,446,83,69
543,458,80,69
542,458,80,71
554,468,80,69
566,479,79,71
579,490,79,72
588,501,77,74
600,517,87,69
601,516,85,66
620,526,82,67
642,536,79,68
662,545,76,65
678,555,71,61
693,563,67,56
700,566,65,53
718,570,63,50
736,574,62,47
754,578,60,44
773,576,55,46
793,579,51,46
793,580,52,43
812,580,53,43
832,580,53,43
850,578,53,43
869,577,54,43
887,575,54,45
889,575,52,45
908,574,52,44
927,572,51,43
943,568,54,46
963,566,51,46
980,563,51,43
981,563,51,41
999,559,49,41
1016,555,50,40
1035,549,47,41
1052,544,45,42
1066,539,47,44
1065,539,46,42
1084,533,44,43
1099,527,45,45
1114,520,46,44
1130,514,48,41
1144,507,45,41
1144,508,45,40
1159,501,45,42
1174,493,44,44
1186,485,47,46
1196,476,48,48
1213,469,45,48
1212,469,46,48
1227,461,44,47
1241,452,39,48
1255,446,24,46
1266,434,14,48
1270,430,10,48
1270,430,10,48
410,187,419,446
388,178,425,457
375,171,425,459
366,161,422,463
358,152,420,467
354,148,425,471
364,135,404,479
375,122,385,487
386,109,365,495
398,102,346,500
411,95,327,506
