843,195,109,74
837,194,109,74
832,193,109,74
826,192,109,74
820,191,110,74
815,190,110,74
809,189,110,74
806,188,112,74
802,187,114,74
798,186,116,74
791,184,118,74
788,182,115,75
777,184,120,75
777,184,120,75
773,182,120,76
770,179,120,77
765,177,121,78
761,175,121,79
757,173,121,80
753,171,122,80
749,169,123,81
745,168,124,82
741,167,125,83
737,165,127,84
734,160,130,85
729,158,133,85
723,157,136,85
718,156,139,86
712,155,142,86
707,154,146,86
706,159,143,80
706,160,144,77
709,162,139,80
705,163,140,82
699,165,145,83
693,166,149,83
684,168,156,84
686,170,154,84
689,173,153,83
692,174,151,82
695,175,150,82
699,176,148,81
698,173,153,82
700,175,154,81
703,176,155,79
708,177,156,78
712,178,157,77
715,179,158,76
719,181,159,76
722,182,160,75
724,184,161,74
725,185,162,73
726,187,163,71
728,189,164,70
729,191,164,69
731,193,165,67
732,194,166,66
733,196,167,65
735,198,168,63
736,200,169,62
738,202,173,60
737,202,171,59
737,203,169,58
737,204,167,57
737,205,166,57
737,205,164,56
737,206,162,55
736,207,160,54
736,208,163,52
739,208,161,54
735,210,169,49
735,210,169,48
735,210,170,48
735,211,171,47
736,206,171,50
738,207,172,49
740,209,173,48
742,210,174,47
744,211,175,46
746,212,176,45
748,214,177,44
751,219,176,44
753,224,176,43
753,228,175,43
753,232,174,42
753,236,173,41
753,242,172,41
753,249,171,40
749,256,170,41
745,264,169,41
740,271,167,42
743,271,164,40
735,278,163,41
728,284,162,41
721,291,161,40
717,296,158,38
714,300,157,39
714,299,156,38
712,302,155,38
713,302,152,36
714,304,151,36
716,304,147,36
719,305,144,37
722,306,141,38
726,310,137,38
731,312,134,40
735,316,132,39
739,321,130,39
744,325,128,39
746,327,127,38
748,329,125,38
752,333,120,40
756,335,115,41
758,336,112,42
758,340,109,43
758,341,108,42
758,342,106,45
757,343,98,48
755,346,99,47
753,348,96,45
747,353,100,41
745,353,103,41
745,353,93,44
745,356,91,44
744,355,87,44
744,355,84,44
743,355,84,44
743,355,85,43
743,355,85,43
742,355,86,42
746,354,83,43
749,354,81,43
752,354,79,44
755,354,77,44
758,353,77,46
763,354,76,48
769,354,74,49
774,355,72,51
779,355,71,52
783,355,69,54
788,359,68,54
794,359,67,55
804,362,63,54
808,365,63,53
811,369,65,52
813,367,65,53
817,371,64,53
821,374,63,52
824,377,63,52
828,381,62,51
832,384,61,51
833,384,59,53
837,387,55,51
841,390,54,51
843,394,55,52
846,397,50,51
848,398,48,53
848,398,49,53
850,401,49,51
848,404,48,51
848,408,50,49
847,412,49,45
848,413,44,45
848,413,44,46
848,414,45,47
847,418,44,45
847,420,43,45
847,425,40,44
845,428,39,41
845,429,40,41
847,433,37,40
847,438,33,36
847,441,30,36
846,443,28,35
844,446,30,31
843,445,30,32
843,447,29,32
842,446,28,33
839,446,26,32
836,447,28,30
832,446,31,33
830,445,31,32
829,445,31,32
827,444,31,32
826,444,31,32
824,443,31,32
823,443,31,32
822,443,32,31
821,441,31,33
818,441,30,34
816,440,30,34
814,440,30,34
813,440,30,34
811,440,30,34
810,440,30,35
808,440,29,34
807,441,29,33
806,441,28,32
805,441,28,31
805,439,27,31
805,440,27,33
803,439,26,33
802,438,26,33
800,438,26,33
799,437,26,33
798,437,26,33
796,436,26,34
795,435,25,32
794,434,25,33
791,433,25,33
791,433,25,33
790,432,27,36
