459,81,330,637
454,76,333,641
449,72,337,646
444,68,341,651
439,72,345,647
435,76,349,643
430,80,353,639
434,91,351,627
439,103,349,615
443,114,347,603
448,126,346,592
452,137,356,582
456,144,367,573
452,152,438,567
453,147,496,570
454,147,488,559
450,143,495,571
458,146,469,551
463,146,469,529
469,147,460,516
475,147,451,503
468,146,449,495
468,149,454,490
461,148,451,481
454,147,449,472
447,146,448,452
439,142,446,440
430,139,442,435
424,140,439,430
417,140,436,425
411,141,432,420
395,142,455,434
378,143,456,430
361,143,478,437
362,145,469,439
342,145,499,453
323,146,532,459
304,141,561,496
284,143,609,524
259,146,650,558
245,148,663,557
235,159,707,560
212,168,770,551
191,175,822,544
124,185,852,534
77,189,907,530
77,196,909,524
55,209,941,510
106,231,939,488
178,268,856,450
268,306,773,413
352,329,684,375
351,335,680,373
429,353,557,305
482,368,447,255
529,378,366,216
565,389,300,193
591,405,255,170
593,404,252,167
637,410,178,147
640,418,176,132
653,421,166,126
675,424,147,120
698,430,123,108
701,433,116,103
720,434,102,97
733,439,95,90
742,442,90,85
758,445,80,81
767,449,78,77
768,451,77,73
777,453,75,69
787,456,72,66
791,458,70,62
796,461,68,58
517,296,61,76
517,293,59,78
515,294,59,78
513,295,59,79
511,296,58,79
509,295,57,79
508,294,57,79
508,295,56,78
507,295,56,77
506,291,57,79
505,285,59,80
505,284,58,78
503,284,61,77
503,284,62,77
502,281,61,79
501,280,59,78
501,278,58,77
500,272,57,81
500,272,57,78
501,271,57,79
502,270,57,80
503,272,56,75
505,271,57,75
507,271,57,74
509,270,56,73
510,270,56,74
512,268,56,74
515,266,55,73
516,263,58,77
518,260,57,75
519,257,57,76
517,255,58,77
517,251,59,77
517,245,59,78
517,238,60,81
515,232,63,84
514,228,64,85
514,226,64,86
510,218,67,92
505,210,70,97
500,202,78,101
496,194,88,110
488,183,97,120
485,181,102,124
480,173,118,134
476,163,130,153
471,156,149,165
464,145,177,196
462,135,215,231
457,131,226,234
452,127,310,315
427,124,403,383
376,127,599,547
284,136,788,583
192,157,828,562
184,160,872,559
128,203,1011,516
226,307,1053,412
441,366,838,353
620,331,659,388
674,290,547,352
686,292,517,358
648,267,397,292
621,249,279,240
576,236,221,204
549,226,174,170
527,226,150,150
527,230,143,140
527,233,121,130
527,237,106,121
526,241,92,111
526,246,86,104
524,248,79,102
524,248,79,104
525,256,71,96
528,267,66,89
533,279,63,86
535,286,62,83
535,289,60,84
534,290,61,83
528,298,66,85
531,302,65,89
535,310,66,89
539,318,66,94
543,315,70,106
544,316,68,109
549,313,69,117
553,310,70,125
557,307,71,132
562,309,76,140
567,310,73,148
564,309,78,149
573,311,83,156
590,310,70,158
595,316,79,152
366,218,188,183
362,213,186,190
365,212,189,197
363,209,199,196
359,202,212,206
353,201,228,208
356,198,242,217
356,196,248,215
357,194,249,217
361,197,256,214
358,194,267,222
361,191,284,228
364,193,297,223
369,184,302,226
370,184,302,225
369,181,307,225
369,179,313,226
372,177,316,224
375,174,319,222
378,172,322,220
381,170,326,218
389,166,353,216
397,162,352,214
406,159,350,212
414,155,349,210
421,152,357,207
422,147,362,205
423,142,367,204
429,144,376,216
425,130,392,214
420,144,416,198
418,130,402,202
413,135,411,199
409,141,421,196
405,147,421,193
397,148,438,198
403,155,425,186
399,163,429,178
396,166,430,175
395,165,430,172
387,171,435,166
387,158,439,172
380,170,433,163
384,176,441,145
386,173,434,148
382,177,435,141
386,177,432,140
389,180,418,133
394,169,414,134
382,169,409,140
384,170,408,137
383,173,403,119
385,166,387,118
378,159,386,112
367,151,387,114
368,145,384,110
366,146,382,108
366,139,375,111
356,143,386,106
362,146,383,105
380,149,366,114
399,161,347,111
395,160,355,113
394,173,355,109
407,183,342,113
424,196,324,110
425,209,326,109
428,222,314,111
428,222,317,110
433,236,310,104
437,248,305,114
441,262,300,111
445,276,295,108
451,290,288,108
452,289,287,107
450,300,286,107
460,310,275,102
455,314,285,104
457,313,275,107
460,313,266,109
463,310,262,110
461,308,258,106
453,305,252,101
446,302,247,96
438,299,242,91
431,296,237,86
429,296,238,85
426,299,230,83
422,301,223,82
420,302,217,82
416,303,221,87
415,308,200,84
415,309,202,82
412,308,200,86
409,308,198,87
408,309,203,93
404,312,192,94
401,307,191,100
401,309,193,99
396,312,199,97
388,309,202,102
383,306,197,101
379,304,193,100
375,302,188,100
370,300,184,99
366,298,180,100
362,295,163,104
355,295,171,110
347,302,162,109
338,313,161,112
333,315,170,111
332,324,138,116
316,338,163,115
311,352,167,111
316,366,144,111
317,380,136,99
317,379,136,100
323,391,130,94
336,396,124,90
342,399,127,92
345,399,133,95
350,399,134,91
351,399,134,93
350,397,133,90
351,394,139,90
352,391,141,91
353,391,152,91
355,392,147,94
358,391,145,96
427,0,363,430
426,19,352,419
422,41,349,427
415,63,348,438
411,79,346,442
414,79,345,439
407,93,344,445
399,107,345,447
398,116,341,452
394,124,346,457
389,132,355,465
394,133,345,459
395,143,345,451
395,153,345,446
388,163,347,449
383,172,351,444
378,179,349,446
379,180,349,446
372,183,350,455
364,185,354,459
358,184,356,465
355,187,351,468
349,187,351,469
347,190,353,468
343,189,351,470
337,193,353,468
332,197,355,474
327,200,356,478
317,205,360,481
317,206,360,483
313,210,356,492
309,219,354,478
312,230,344,469
310,240,347,480
314,248,342,456
314,246,344,469
312,252,343,452
306,258,344,447
298,265,344,455
283,270,344,450
254,275,364,444
255,272,369,447
237,276,373,443
225,292,380,427
209,283,410,436
205,282,411,437
199,273,431,446
205,267,421,450
190,267,432,451
187,250,473,470
200,240,487,468
216,237,511,452
235,220,528,447
234,213,536,451
264,205,537,432
278,197,567,416
306,193,601,428
322,198,640,438
335,203,673,439
342,202,677,444
357,210,692,453
351,227,734,449
365,233,752,456
383,240,756,449
385,238,770,456
388,237,784,464
