748,179,66,138
748,173,64,137
748,171,63,133
748,168,65,132
748,165,63,133
748,164,63,133
747,160,64,134
747,155,64,135
746,154,64,134
745,154,64,134
745,152,66,138
745,153,65,134
745,154,64,130
746,155,63,126
747,153,63,126
749,147,64,128
750,145,65,132
750,145,65,132
750,143,67,131
750,144,69,135
752,145,68,134
753,146,71,130
755,145,72,129
755,145,71,130
756,145,72,129
756,145,72,130
756,146,72,130
755,147,72,129
755,148,73,130
755,148,73,132
754,149,75,134
754,150,74,133
755,152,73,133
756,153,73,133
757,155,72,132
758,156,71,132
759,158,71,132
759,159,71,132
759,160,72,133
759,159,74,133
760,156,74,139
761,156,74,134
762,152,74,136
764,147,74,138
765,140,74,137
766,134,75,139
767,128,76,139
767,128,76,138
769,125,76,138
769,122,77,139
769,122,77,143
769,120,77,140
770,118,78,142
771,118,78,142
773,117,78,143
773,116,79,144
774,113,79,146
775,111,80,148
778,109,80,150
777,109,80,150
781,105,78,155
777,102,87,156
778,102,88,158
780,102,90,158
782,100,91,162
782,100,92,162
784,101,93,162
786,101,93,165
788,99,93,165
790,99,95,167
791,100,95,173
791,99,94,175
790,100,94,174
790,102,95,174
790,104,96,174
790,106,96,173
790,108,97,173
790,106,98,173
790,106,99,175
790,107,101,177
790,107,101,183
791,107,101,179
789,106,103,180
790,106,102,179
787,108,102,181
785,111,102,183
783,113,102,185
780,116,103,187
778,118,103,189
776,121,103,191
774,124,104,194
773,127,106,188
769,130,106,191
764,133,107,192
760,134,108,192
760,135,108,192
758,137,109,192
755,134,111,194
754,133,110,197
753,133,114,199
753,134,115,201
752,131,116,200
752,128,118,199
754,123,119,203
754,115,120,206
754,108,122,198
753,99,125,200
754,101,123,199
755,92,122,201
755,82,124,201
754,76,128,201
758,66,128,201
763,60,129,200
763,60,129,201
771,55,127,199
777,51,128,204
781,50,129,196
785,49,129,196
788,52,128,193
787,52,129,193
788,59,128,191
789,64,129,188
790,70,130,186
791,75,131,183
792,81,132,181
793,87,133,178
794,92,134,176
798,99,134,173
801,106,134,169
804,113,134,166
808,121,135,163
808,122,137,161
814,124,137,162
819,131,139,158
826,134,135,153
833,140,136,152
841,146,138,148
839,147,145,150
849,151,146,148
860,155,148,146
870,159,149,144
880,163,164,144
892,163,178,145
899,162,170,145
908,166,181,149
907,167,199,156
923,169,199,156
900,174,224,166
878,179,249,176
866,178,264,186
830,190,300,196
773,192,349,237
703,199,422,254
614,204,497,285
500,214,587,336
503,218,582,339
398,226,594,377
317,223,629,395
279,221,578,394
261,211,528,400
265,202,477,366
268,200,463,373
269,198,423,337
285,196,384,334
306,191,343,325
331,192,295,295
346,191,279,292
355,189,268,295
371,187,257,284
387,185,244,269
403,183,235,262
419,177,220,253
440,175,214,255
437,178,217,250
458,173,219,260
486,168,218,259
513,166,221,257
537,165,235,264
566,164,241,263
568,164,239,260
585,163,261,267
601,155,263,273
591,152,282,288
579,150,291,303
