362,81,482,589
366,95,479,599
365,117,492,588
364,129,501,591
364,130,496,590
358,133,505,587
353,142,520,565
346,144,532,571
344,151,535,569
332,152,547,564
332,163,549,556
329,171,549,547
345,174,542,542
346,188,536,531
347,216,530,504
356,219,518,495
359,222,518,491
383,241,494,474
406,253,468,460
400,265,478,452
399,276,479,443
401,276,473,441
399,276,474,440
405,278,468,438
423,283,454,432
422,281,463,435
415,278,476,436
404,268,497,449
407,268,496,451
406,255,509,459
405,241,515,478
421,218,497,498
433,195,477,519
447,166,446,553
443,162,451,556
462,129,405,587
466,96,375,622
471,58,343,661
468,32,332,687
456,23,337,696
455,26,341,693
