514,168,351,481
515,148,351,502
520,141,344,487
526,130,343,481
529,128,344,481
534,127,354,479
543,133,349,498
547,144,357,495
554,149,358,490
553,149,362,491
554,152,365,481
557,140,365,492
566,128,356,492
573,112,360,494
577,91,360,495
573,73,366,495
575,68,365,499
571,52,374,501
568,38,380,508
562,25,376,520
556,30,390,529
548,36,391,526
549,35,388,525
543,50,387,520
538,69,385,523
533,92,379,520
522,116,391,529
512,138,391,534
516,139,386,534
507,146,387,539
494,152,402,529
489,147,399,531
478,142,402,526
466,133,413,521
472,135,404,519
464,121,407,522
454,113,410,518
444,105,411,524
430,102,417,528
411,99,430,544
408,100,444,544
396,101,440,536
382,104,441,550
366,105,456,559
363,122,457,559
370,136,442,556
366,131,447,563
360,147,460,554
363,154,457,557
372,159,432,554
378,161,426,558
395,161,387,559
401,157,381,563
420,155,324,561
435,151,309,569
435,148,316,572
445,141,314,578
