459,81,330,637
454,76,333,641
449,72,337,646
444,68,341,651
439,72,345,647
435,76,349,643
430,80,353,639
434,91,351,627
439,103,349,615
443,114,347,603
448,126,346,592
452,137,356,582
456,144,367,573
452,152,438,567
453,147,496,570
454,147,488,559
450,143,495,571
458,146,469,551
463,146,469,529
469,147,460,516
475,147,451,503
468,146,449,495
468,149,454,490
461,148,451,481
454,147,449,472
447,146,448,452
439,142,446,440
430,139,442,435
424,140,439,430
417,140,436,425
411,141,432,420
395,142,455,434
378,143,456,430
361,143,478,437
362,145,469,439
342,145,499,453
323,146,532,459
304,141,561,496
284,143,609,524
259,146,650,558
245,148,663,557
235,159,707,560
212,168,770,551
191,175,822,544
124,185,852,534
77,189,907,530
77,196,909,524
55,209,941,510
106,231,939,488
178,268,856,450
268,306,773,413
352,329,684,375
351,335,680,373
429,353,557,305
482,368,447,255
529,378,366,216
565,389,300,193
591,405,255,170
593,404,252,167
637,410,178,147
640,418,176,132
653,421,166,126
675,424,147,120
698,430,123,108
701,433,116,103
720,434,102,97
733,439,95,90
742,442,90,85
758,445,80,81
767,449,78,77
768,451,77,73
777,453,75,69
787,456,72,66
791,458,70,62
796,461,68,58
