298,0,644,718
301,0,655,715
293,0,677,717
291,0,683,720
288,7,688,711
302,32,673,679
315,62,663,651
318,63,655,653
320,88,655,626
327,114,640,601
337,136,617,583
340,145,611,572
348,143,597,570
345,141,601,578
347,136,594,583
366,128,562,591
374,110,551,609
387,104,534,615
407,104,499,610
400,102,509,615
390,107,515,612
408,106,482,613
415,112,467,605
427,119,451,599
438,128,437,585
441,132,435,586
445,146,443,569
459,151,438,565
458,159,439,560
467,162,436,557
467,163,449,556
466,160,454,559
465,157,459,562
465,155,466,565
476,148,468,571
648,233,188,268
645,235,189,266
643,236,189,264
641,238,190,262
638,240,190,260
636,241,191,258
634,243,191,256
631,244,192,254
629,246,192,252
627,248,193,250
626,249,193,249
626,251,192,247
625,252,191,245
625,254,191,244
624,256,191,242
624,258,191,241
623,260,191,239
623,262,191,238
622,264,191,236
622,266,191,235
622,268,191,234
621,264,191,236
621,261,191,239
620,260,192,241
620,258,192,242
620,256,192,244
619,255,193,245
621,255,192,243
622,256,190,241
623,257,189,239
625,258,188,236
626,259,187,234
628,257,187,237
626,255,187,233
625,254,186,233
624,252,186,233
623,251,186,233
621,250,185,232
620,248,185,232
619,247,185,232
618,246,185,232
619,243,184,232
621,240,184,232
623,238,183,233
624,235,183,233
626,232,182,234
628,230,182,234
629,227,181,235
631,225,181,235
632,226,182,235
634,227,183,235
635,228,184,235
637,230,185,235
638,231,186,235
640,233,187,235
642,235,187,235
644,238,188,235
646,240,189,235
649,242,190,235
653,246,190,234
657,251,190,233
661,253,189,235
665,255,189,236
669,257,189,237
673,260,189,238
677,262,188,239
681,264,188,240
685,264,187,245
682,266,196,245
694,266,190,244
703,270,191,243
712,271,197,237
718,269,199,234
725,268,200,232
732,267,201,229
739,269,204,224
745,267,208,222
752,258,211,227
759,250,214,233
765,238,219,236
765,238,222,235
785,224,215,232
785,212,228,235
789,203,232,234
794,195,236,234
799,186,241,234
801,183,239,236
799,182,242,236
798,180,246,235
796,179,249,235
795,178,249,235
787,180,255,235
779,181,261,235
770,182,267,235
762,184,273,235
753,185,279,235
745,187,285,235
742,187,291,234
742,184,292,235
726,188,300,235
711,192,309,235
706,193,312,235
700,194,315,235
693,204,317,235
686,207,320,236
679,210,324,237
672,214,327,238
667,211,329,238
663,207,332,237
658,204,334,236
653,201,337,235
635,197,349,236
616,193,361,236
597,189,373,236
567,181,395,240
551,173,405,242
545,173,416,242
525,169,425,239
505,165,435,237
486,162,445,235
464,161,458,239
462,170,454,229
460,167,454,233
448,178,459,232
433,191,455,236
427,211,458,235
419,232,463,237
413,242,465,254
412,242,462,256
411,254,460,258
411,252,457,269
421,236,453,295
430,221,464,326
456,210,475,350
455,211,477,351
466,207,478,326
464,208,489,274
461,204,491,270
459,207,493,263
458,211,481,259
456,212,482,260
447,216,477,263
433,219,483,264
409,221,484,268
400,219,467,267
379,222,484,273
376,227,485,266
365,229,484,278
368,235,484,281
371,243,484,284
373,247,484,286
374,245,482,293
369,246,484,291
370,249,481,293
385,243,479,305
390,237,476,312
390,234,477,312
399,232,476,316
408,230,474,320
417,228,472,323
427,226,470,327
434,225,469,331
456,224,456,329
469,223,459,331
473,223,458,327
476,221,462,333
486,223,453,336
487,224,449,336
488,224,444,336
486,223,442,333
487,224,444,329
477,217,444,330
468,211,444,332
459,205,445,333
462,197,444,329
475,244,250,172
471,242,252,170
468,240,255,168
464,238,257,166
461,237,260,165
452,238,271,165
446,239,279,159
447,237,278,160
447,240,287,159
449,241,293,157
457,238,291,162
456,235,303,154
468,231,304,153
469,229,305,159
478,229,310,152
477,227,319,148
476,226,324,149
477,227,320,146
472,228,326,145
467,230,332,144
463,232,339,144
457,232,346,143
451,232,354,142
445,232,362,142
441,234,365,139
441,233,367,138
442,238,360,135
427,244,370,135
414,253,374,132
401,262,379,125
394,268,379,133
390,270,387,130
383,282,386,128
376,294,385,125
369,306,384,122
362,318,383,121
355,330,382,119
356,331,380,118
350,343,383,116
344,354,386,114
338,365,390,112
343,377,392,109
350,382,387,105
353,381,387,106
362,385,386,105
370,389,377,103
378,389,375,103
391,382,371,104
401,372,370,102
400,371,372,100
412,355,361,109
420,341,359,107
426,332,356,107
432,323,353,107
438,314,350,106
438,310,345,113
446,307,339,112
454,303,333,111
461,300,331,110
469,297,328,109
484,294,322,109
484,290,323,115
492,290,320,113
506,288,311,111
519,286,302,109
533,285,294,107
540,287,287,112
544,289,285,106
548,291,283,106
558,292,279,107
569,295,266,103
576,295,265,102
591,295,251,102
590,294,251,104
598,292,245,104
609,288,236,105
615,284,232,101
626,273,222,108
628,273,221,100
633,274,217,99
635,273,216,97
652,272,202,91
667,271,194,92
674,268,192,93
681,265,191,94
683,265,189,93
695,263,185,92
708,262,181,91
720,263,177,91
732,264,173,92
745,267,166,91
745,266,166,91
756,268,161,88
769,269,154,89
779,272,150,91
790,274,146,93
800,279,139,90
800,281,139,87
804,285,142,91
814,292,137,89
822,304,132,81
827,310,124,81
832,317,125,81
832,321,124,76
838,329,121,74
844,337,117,73
843,341,115,72
842,346,113,71
841,350,111,70
842,350,107,71
843,351,103,73
842,354,102,70
842,355,102,70
841,357,99,70
841,360,96,70
841,360,93,70
842,362,92,69
843,363,90,68
844,364,88,67
845,365,86,66
846,367,85,66
846,366,83,69
844,367,81,67
841,372,82,63
838,376,81,64
834,379,81,63
832,385,80,61
832,385,82,61
829,390,81,60
826,393,82,61
425,140,373,488
436,134,356,480
437,123,361,489
437,125,361,481
438,119,358,481
431,108,366,481
443,98,354,481
450,89,346,482
461,73,338,495
458,73,343,494
475,57,319,501
495,47,287,507
512,47,240,505
515,49,220,501
511,60,216,494
511,53,216,503
507,71,212,486
497,83,217,483
481,95,227,480
467,104,236,477
455,120,244,478
462,122,239,480
