739,181,160,128
737,181,158,126
740,177,161,125
736,174,168,123
739,172,169,126
739,170,172,122
736,168,173,120
735,167,175,119
734,164,177,121
731,163,182,121
729,161,188,119
733,158,188,123
732,156,189,119
732,156,188,118
731,154,190,118
729,151,191,119
727,149,192,119
726,147,194,121
723,147,198,120
720,147,203,120
718,147,207,120
712,148,211,119
710,148,208,119
705,149,216,120
700,149,218,120
700,149,217,121
691,149,215,116
684,150,218,118
675,152,220,116
667,154,223,114
658,156,225,113
661,156,226,112
653,157,230,114
645,159,239,110
641,158,237,109
636,157,235,108
632,156,233,107
634,155,231,107
630,156,239,107
624,156,244,107
624,156,247,108
628,157,245,105
633,158,243,102
632,156,241,102
637,159,244,100
647,159,242,99
656,159,239,98
666,159,237,97
676,159,235,96
677,159,232,91
684,159,232,91
688,157,237,88
693,156,242,86
696,160,245,83
703,159,247,83
705,160,244,83
720,162,229,78
718,166,231,79
711,164,242,78
711,168,237,77
711,170,239,76
716,171,234,73
721,176,230,73
722,180,228,67
718,184,230,65
721,185,230,66
728,188,225,66
728,188,226,66
734,192,224,63
738,193,227,63
740,196,225,59
745,195,227,57
745,195,227,57
745,195,226,55
749,195,224,52
747,191,223,52
746,188,223,53
745,185,223,53
744,182,223,53
742,179,223,53
741,176,223,53
749,171,219,53
745,166,223,55
742,164,222,55
740,161,220,56
740,162,219,55
736,160,221,56
733,159,219,56
728,159,220,59
726,159,219,62
721,162,222,57
723,161,218,57
724,163,216,60
726,165,213,61
729,168,210,62
732,171,207,63
734,174,207,64
735,177,206,65
737,180,206,66
739,184,209,67
741,189,212,68
751,195,204,64
755,198,202,72
754,199,202,68
757,201,203,71
756,205,201,69
757,209,198,69
759,213,195,69
760,217,192,69
756,218,196,70
752,219,200,72
759,222,195,72
766,225,191,73
773,229,186,74
781,232,182,74
784,229,178,78
792,234,173,76
801,239,169,75
810,245,165,73
819,248,161,74
814,251,177,79
815,252,176,78
821,252,163,83
825,261,161,84
829,271,159,84
832,278,158,85
837,283,153,87
839,287,155,85
839,294,156,85
839,301,158,84
838,305,163,90
844,309,157,92
850,314,152,94
853,314,147,93
854,319,150,93
856,325,152,94
861,328,148,96
862,330,149,98
862,333,149,100
865,336,147,101
861,340,149,100
863,346,137,100
859,351,136,102
855,357,133,105
854,363,124,103
854,365,126,102
849,373,121,98
850,376,108,101
841,381,105,95
831,383,101,93
815,380,110,96
817,378,105,98
804,374,106,98
792,370,107,98
783,362,107,98
774,360,107,101
767,352,109,103
766,354,107,103
758,347,108,106
751,343,108,110
745,341,111,115
742,338,109,116
737,338,109,119
735,336,109,120
735,332,108,125
733,326,105,135
729,326,110,135
726,323,111,137
724,323,113,140
722,322,116,143
720,322,118,144
717,321,119,146
715,321,121,148
716,322,121,150
712,319,121,152
712,321,121,152
707,316,122,152
706,320,124,151
701,310,128,154
699,311,131,156
698,307,128,153
698,305,126,152
695,300,126,156
692,293,124,159
690,289,124,161
689,287,123,162
686,285,125,165
686,286,124,163
685,287,124,163
683,288,127,163
679,292,137,162
679,292,137,165
