782,228,34,54
782,228,33,55
782,228,33,55
782,228,32,55
782,229,32,55
783,229,31,54
783,229,31,54
783,230,30,54
783,230,30,54
783,230,29,54
784,231,29,54
784,232,29,53
784,233,29,52
784,234,29,52
784,235,29,51
784,236,28,51
783,237,28,50
783,238,28,49
783,240,28,49
783,241,28,48
783,242,28,48
782,243,28,48
782,243,28,48
779,244,29,48
781,246,27,46
780,246,27,47
780,246,27,49
779,247,26,47
778,248,28,47
778,249,27,47
777,249,26,47
776,250,27,47
776,251,27,47
775,251,28,47
774,252,28,47
773,253,28,47
772,253,29,47
771,254,29,47
770,254,30,47
769,255,30,47
768,256,31,47
767,256,31,47
766,256,31,47
765,255,31,48
764,255,31,48
764,256,31,48
763,255,31,49
762,255,31,49
761,255,31,49
760,255,31,50
760,254,31,50
759,253,31,50
758,251,31,51
758,249,32,51
757,248,32,52
757,249,30,52
755,247,33,53
755,245,33,54
755,242,33,54
755,239,33,55
755,237,34,55
754,237,33,55
753,233,34,56
753,229,34,57
753,224,34,57
753,220,35,58
753,215,35,58
751,214,37,61
751,209,36,60
749,203,41,64
751,200,35,60
749,190,40,66
748,188,41,68
747,184,41,69
747,181,42,70
746,178,43,71
746,175,44,72
744,170,46,74
743,170,46,76
744,171,47,76
742,171,49,79
739,169,53,83
738,166,53,88
736,167,56,91
736,169,55,93
735,171,57,93
734,173,60,93
733,175,62,96
732,177,65,99
731,178,67,102
731,180,69,105
728,183,71,106
726,185,73,109
724,188,75,114
721,190,77,119
719,193,78,125
717,195,80,130
717,195,81,130
716,195,80,139
710,202,83,142
700,213,90,143
691,216,93,154
685,226,95,156
684,224,97,157
676,234,100,162
664,241,108,178
656,249,111,175
644,257,119,183
636,268,125,188
633,266,124,190
625,278,133,196
618,292,133,194
608,299,137,198
599,305,142,205
590,311,147,213
590,308,146,218
581,312,151,228
573,318,156,232
564,321,166,238
557,322,171,245
545,328,188,246
540,327,193,249
535,326,198,253
531,325,203,257
526,324,208,261
522,323,213,264
516,319,223,270
510,316,232,275
513,328,219,262
509,328,223,264
506,328,227,266
510,316,264,274
509,292,283,300
511,288,291,304
510,279,306,313
512,269,336,322
514,259,366,331
517,249,396,341
519,239,426,350
521,242,428,345
530,223,487,368
548,206,507,386
575,185,527,405
589,185,522,417
601,148,570,448
600,142,583,461
605,132,604,478
636,127,591,482
627,122,651,522
585,117,693,536
561,113,719,559
559,114,720,559
540,119,739,558
461,141,818,571
450,165,829,553
465,174,814,545
420,176,860,543
417,186,862,531
367,176,909,543
380,174,848,545
392,164,787,555
365,157,786,560
338,157,784,559
341,148,782,571
310,153,803,564
279,158,814,561
131,165,920,541
106,181,918,538
112,182,835,537
119,182,825,537
125,183,770,523
111,195,725,507
115,195,693,525
109,199,658,494
101,200,609,486
107,196,622,488
119,203,584,457
131,213,548,437
151,227,498,407
185,239,467,390
224,249,424,369
224,256,423,360
256,257,392,354
284,268,359,334
301,277,330,320
318,283,315,316
337,280,299,305
337,282,304,306
