393,231,238,141
392,229,239,140
392,227,241,139
392,225,243,139
391,223,244,139
391,221,246,138
391,220,248,138
387,216,253,137
384,213,259,136
381,210,265,135
378,207,270,135
375,204,276,134
376,205,275,132
377,206,282,131
378,208,288,129
380,207,286,130
381,213,287,126
394,216,287,124
391,221,295,123
388,226,303,123
385,232,311,122
383,234,314,121
381,237,317,120
379,240,320,120
377,242,322,119
376,244,324,118
374,247,326,118
373,249,329,117
365,249,335,113
357,248,341,109
350,248,348,105
348,248,352,105
347,248,357,104
346,249,361,105
345,249,365,105
344,249,370,104
343,250,375,105
342,250,379,105
341,250,384,104
340,251,388,105
340,246,393,105
344,247,396,110
350,240,394,115
353,234,403,123
358,231,405,129
357,231,409,129
365,230,406,132
366,228,408,133
368,227,411,135
369,226,413,137
371,225,416,139
372,224,418,141
374,223,421,142
375,222,424,144
377,221,426,146
382,227,426,146
382,227,429,149
382,228,432,151
382,229,436,155
388,230,437,161
392,237,440,166
392,240,438,169
393,244,436,173
394,248,434,177
394,252,432,180
396,261,429,171
397,271,425,162
397,269,427,160
397,267,429,159
399,265,427,157
402,264,425,155
407,256,418,150
413,249,412,146
419,242,406,142
424,235,400,138
420,228,404,144
420,221,395,140
420,214,387,136
420,207,379,130
413,198,371,122
406,198,370,123
402,197,362,123
398,197,354,123
394,196,346,124
392,206,340,123
390,216,333,122
388,225,326,121
385,230,324,118
389,242,317,117
393,254,310,116
398,266,303,115
402,277,296,114
406,289,288,113
406,290,288,113
412,295,279,112
417,300,270,111
423,305,261,109
428,310,252,108
434,315,243,107
438,314,234,107
443,313,225,108
446,311,217,108
456,317,220,105
461,318,214,105
466,319,208,106
471,320,202,107
477,321,196,108
484,319,189,111
491,321,183,108
495,321,178,110
500,322,170,112
503,320,168,110
507,323,162,112
512,319,158,114
517,324,153,109
522,321,148,110
527,321,142,112
525,323,144,110
530,322,133,114
534,328,136,110
536,332,135,110
538,333,131,112
547,338,123,110
545,339,125,114
549,341,121,113
554,343,116,114
559,346,112,114
564,350,110,111
567,355,111,108
565,355,114,107
567,363,112,106
571,371,107,103
573,384,106,95
577,393,106,84
579,395,108,81
582,397,111,79
590,396,112,79
598,394,112,79
606,393,113,78
614,391,113,78
621,389,112,79
628,388,111,80
634,386,110,81
641,385,108,82
648,383,107,83
655,381,106,83
661,378,104,87
662,378,104,87
665,377,105,87
669,376,107,87
677,374,104,87
682,372,103,86
688,371,102,85
689,372,101,85
695,370,99,85
700,368,99,85
707,366,97,85
713,363,98,87
