431,135,28,41
431,136,28,41
432,137,28,40
432,138,28,40
433,139,27,39
433,140,27,39
434,141,27,38
436,142,29,41
436,143,29,40
436,144,29,40
437,145,30,39
438,146,30,40
439,147,30,41
441,148,29,40
441,148,29,39
441,149,29,40
441,149,30,40
442,150,29,40
444,150,29,39
445,152,28,40
444,152,29,40
444,155,31,39
447,157,28,40
448,158,28,41
449,159,30,41
450,161,30,40
451,160,28,41
451,163,29,39
447,158,29,42
444,155,29,43
441,152,29,43
435,149,29,44
435,148,30,45
431,145,31,46
427,142,32,48
423,139,33,49
419,136,34,50
417,135,34,52
415,134,35,53
413,134,36,55
411,133,36,56
408,133,36,57
406,133,37,59
405,133,38,61
404,133,39,62
401,133,40,64
399,133,42,67
394,132,48,72
394,133,47,75
389,133,51,77
390,133,48,76
383,130,55,83
377,129,63,89
372,128,71,96
366,127,71,105
360,126,83,115
362,125,81,117
355,124,95,125
347,123,110,138
340,122,124,150
333,121,143,170
311,117,177,197
309,117,182,200
293,123,225,235
266,125,300,285
227,128,409,364
152,127,669,530
78,125,1013,594
83,128,1024,591
72,129,1207,590
207,157,1072,562
481,181,798,520
692,203,587,478
785,207,494,403
786,218,493,393
793,235,414,325
747,271,296,268
720,325,228,217
684,358,179,180
671,376,141,155
675,377,134,149
661,383,109,128
656,381,97,118
652,375,94,116
654,363,92,118
655,353,90,121
653,350,93,123
650,339,104,128
654,321,106,146
659,308,113,157
665,280,120,188
669,254,135,224
669,251,134,230
669,220,161,279
675,185,170,323
671,150,201,363
652,125,228,427
635,97,247,504
626,86,263,528
618,76,279,552
593,68,312,651
561,57,357,663
547,59,375,651
545,59,387,623
546,68,386,610
