590,39,404,677
594,31,398,686
599,23,393,695
603,15,387,704
608,8,382,703
608,4,388,701
611,3,389,705
615,0,390,713
621,3,404,717
627,0,408,709
635,0,418,720
635,1,424,719
636,4,400,703
646,0,414,720
654,0,425,720
658,0,429,720
668,0,429,720
674,13,427,707
693,10,414,709
686,24,380,686
708,48,395,671
711,62,390,657
723,68,387,644
730,77,385,642
732,77,389,642
746,87,381,632
749,89,390,630
752,91,399,628
755,93,408,626
759,85,418,625
763,93,417,626
762,88,428,631
759,89,439,630
758,82,450,637
766,77,461,642
763,71,472,648
764,75,483,644
760,66,494,653
754,61,505,658
752,48,516,671
748,39,527,680
739,30,540,689
735,26,544,693
731,21,548,698
720,17,559,702
709,13,570,706
699,8,580,711
688,4,591,715
688,0,591,720
