548,120,333,372
541,127,347,368
532,138,336,371
529,142,337,374
526,146,338,377
523,150,340,380
520,155,341,383
518,159,341,382
516,163,342,381
514,167,342,380
513,172,343,379
514,177,343,378
515,182,344,379
516,187,345,379
517,192,346,379
518,197,347,379
520,203,347,379
521,208,348,379
522,213,349,379
523,218,350,379
526,226,351,379
527,231,353,375
528,236,355,372
529,241,358,369
531,246,360,365
532,247,356,367
533,248,352,368
535,248,348,369
536,249,344,370
533,249,346,371
530,249,348,372
527,250,349,372
523,250,351,373
520,251,352,374
517,250,355,375
514,249,358,377
511,249,361,378
517,247,355,377
522,244,349,375
528,242,343,373
529,245,350,369
534,243,352,370
539,241,355,372
544,239,358,373
546,244,357,374
549,250,356,375
552,255,354,376
555,260,353,377
555,269,352,372
555,278,351,367
556,288,350,362
552,294,351,360
549,300,353,358
545,306,355,356
542,312,357,354
538,318,359,352
531,322,362,347
525,325,365,342
518,329,368,337
512,333,372,332
506,333,368,327
502,331,375,321
507,330,374,318
512,328,373,316
517,327,372,313
522,326,371,310
534,324,372,306
545,323,373,301
570,320,375,297
595,316,377,293
609,315,375,285
608,311,376,284
606,305,393,301
622,294,383,297
636,284,378,298
642,273,381,280
645,271,382,279
648,268,383,278
646,261,402,289
660,261,386,276
661,255,387,275
663,253,391,274
665,244,395,272
671,246,399,271
673,236,403,269
675,227,407,268
677,218,411,266
678,201,415,265
681,188,419,263
677,186,423,262
669,179,443,255
661,173,445,257
655,170,448,259
634,170,450,253
626,163,452,256
621,162,454,259
611,162,457,252
599,159,459,257
589,161,459,260
580,164,460,263
571,167,466,273
564,163,477,283
558,157,483,299
553,152,490,315
547,143,493,337
540,126,502,374
527,113,530,421
519,115,544,413
514,108,551,407
509,110,565,350
504,120,582,375
509,141,572,355
504,159,577,348
503,158,585,353
496,175,608,350
503,197,603,320
500,200,610,329
502,189,613,330
510,193,607,325
507,192,615,327
517,208,603,309
522,202,602,306
526,205,608,298
526,206,608,302
527,211,606,299
529,217,603,296
531,223,602,293
538,232,603,280
542,231,596,279
529,234,610,269
535,243,604,263
535,243,606,265
530,248,608,258
529,257,603,246
