346,123,438,593
351,138,437,582
352,135,437,584
353,142,438,577
354,150,438,569
354,159,440,559
354,168,441,549
354,177,442,539
355,186,444,529
365,205,438,509
366,222,438,497
364,246,430,473
359,275,444,445
376,301,423,418
375,304,420,415
382,337,408,382
464,358,323,361
511,389,265,327
523,399,251,316
531,406,243,314
531,409,248,310
541,416,231,303
545,425,228,290
554,423,220,297
561,427,211,292
568,426,201,292
572,426,198,293
578,426,189,293
586,425,180,294
597,428,166,287
605,424,161,279
613,419,151,266
617,419,147,261
625,415,137,245
633,412,126,229
641,408,116,213
649,405,106,197
650,403,102,182
651,402,102,179
653,398,96,167
657,395,91,164
657,394,90,144
660,392,84,134
661,389,79,132
662,389,78,134
661,386,74,130
662,384,69,120
661,381,66,113
661,381,65,107
659,378,60,100
659,378,63,102
656,377,62,94
655,375,59,90
654,374,57,87
654,372,55,83
653,371,53,79
653,369,50,77
652,368,48,75
652,366,46,72
651,365,44,70
651,364,42,68
418,84,233,332
422,81,226,337
424,96,228,339
426,110,229,341
428,125,230,342
435,133,232,344
442,141,233,346
441,144,236,346
450,151,235,346
459,157,234,346
468,164,234,346
476,162,234,349
484,161,234,352
489,162,234,349
494,163,234,346
499,156,234,350
504,149,235,355
504,144,235,353
505,139,236,351
506,134,236,349
505,121,235,347
506,103,228,348
501,99,239,354
500,92,239,353
500,86,239,352
497,83,238,355
495,80,237,358
491,87,239,355
488,94,241,352
484,101,242,349
482,102,236,350
482,100,240,354
477,100,239,350
471,102,241,354
466,104,243,357
461,106,245,361
462,108,247,364
463,110,249,368
465,112,251,371
466,114,253,374
468,126,254,368
470,134,252,370
477,145,251,375
474,143,260,379
483,152,254,373
490,160,256,377
489,161,260,375
488,162,263,373
487,163,267,371
483,157,267,373
480,151,268,376
477,145,268,378
473,139,268,380
468,140,270,380
462,142,273,381
457,143,275,381
451,144,277,381
444,146,277,384
434,152,279,385
424,159,282,386
414,165,285,388
415,169,288,388
399,174,290,389
383,180,293,391
367,185,296,392
349,190,297,391
331,194,298,390
324,194,300,388
318,193,301,387
310,197,303,384
302,201,305,381
292,203,305,380
290,208,310,379
289,209,311,381
295,219,311,368
294,222,318,366
300,232,319,361
306,243,322,359
312,262,328,355
314,256,330,357
319,271,336,357
316,275,346,358
316,278,353,364
316,280,359,370
316,283,366,376
316,286,372,382
316,288,378,388
310,291,390,393
304,295,401,397
298,298,413,399
292,301,420,391
284,295,427,392
276,290,434,393
269,284,441,394
261,278,448,395
253,272,455,396
245,267,462,397
237,261,469,398
229,256,476,399
221,250,483,399
213,245,493,395
214,242,501,393
207,234,508,391
205,232,516,389
207,229,523,387
207,228,530,385
210,225,538,383
213,222,545,381
216,220,553,379
219,217,560,377
221,210,572,379
228,206,583,381
239,206,595,383
230,205,614,378
226,199,625,381
226,198,623,382
207,195,647,379
199,196,657,375
175,192,667,384
148,197,677,393
127,185,687,401
121,174,696,420
90,156,710,449
72,123,722,492
56,79,726,547
61,52,735,600
62,26,747,637
51,24,757,653
77,35,778,567
71,78,805,489
102,120,789,448
101,126,799,405
95,145,803,415
93,138,811,421
92,152,809,422
92,166,807,414
100,176,805,429
108,181,800,421
116,188,798,414
115,191,797,412
133,197,803,411
143,198,797,403
160,191,822,405
166,187,832,404
175,176,831,399
175,175,829,397
172,164,835,400
165,155,830,401
153,144,828,403
122,139,842,405
99,136,843,409
111,130,832,413
66,139,858,420
44,130,853,428
23,121,849,437
4,116,855,443
0,119,845,439
6,121,837,434
3,120,845,447
17,122,852,460
38,134,843,457
85,127,846,483
104,129,866,488
116,133,859,483
173,132,828,483
220,132,794,478
257,135,770,461
271,132,753,467
708,179,160,119
706,181,164,120
712,184,165,120
719,187,166,122
722,189,170,121
721,190,170,119
721,191,171,117
721,192,172,115
717,192,177,116
712,192,181,117
708,193,186,119
695,192,190,121
685,191,194,118
685,192,193,118
678,188,196,121
673,188,200,120
668,189,204,120
664,190,208,120
659,190,212,119
654,191,216,119
650,192,220,119
644,192,222,119
635,192,227,119
627,193,232,119
619,194,237,119
612,194,240,118
605,195,244,118
591,196,245,121
578,198,250,119
561,199,260,120
555,203,261,119
554,201,263,120
542,204,268,121
532,207,277,120
526,215,284,121
519,224,291,116
513,235,296,117
513,239,297,113
502,249,306,113
497,258,311,113
492,267,317,113
487,277,322,108
483,286,325,105
479,284,324,107
471,292,336,107
469,296,340,104
459,299,350,106
455,295,358,107
445,293,366,106
445,291,367,110
440,285,377,114
430,283,390,111
422,276,396,112
415,270,402,114
407,263,409,115
399,256,415,117
390,253,417,115
380,251,419,113
371,248,421,111
361,246,423,109
355,249,425,109
363,252,417,105
358,256,417,95
356,257,421,92
358,262,420,92
367,262,413,93
376,262,407,95
385,262,401,96
396,262,400,98
406,262,398,100
423,260,390,106
443,270,376,98
459,275,369,98
457,276,371,95
468,284,366,98
478,295,360,97
484,304,351,101
485,314,345,108
480,329,341,112
480,329,341,113
474,343,343,113
463,353,335,107
449,365,332,103
437,370,326,102
423,370,324,104
424,371,319,104
418,371,313,104
413,374,305,98
410,375,296,93
415,380,287,92
423,383,287,100
424,383,283,99
430,394,277,92
442,403,268,91
454,409,259,86
464,409,249,84
471,407,248,82
473,405,241,83
479,400,232,83
489,395,224,83
494,388,218,83
495,380,214,83
496,372,210,84
498,370,207,85
491,365,202,86
484,359,198,87
478,354,194,88
468,349,190,89
459,351,183,88
459,348,180,89
443,351,191,91
436,352,181,96
424,356,179,97
412,360,177,98
400,365,175,99
400,365,170,98
392,367,166,99
384,369,162,99
376,371,157,99
368,374,153,99
366,378,151,99
369,375,145,100
365,383,141,98
363,390,138,96
367,395,134,93
367,399,129,92
368,407,126,88
368,408,127,85
370,413,123,85
373,417,123,87
379,423,118,85
385,425,116,87
393,425,108,88
393,424,108,91
403,426,111,86
413,429,103,87
422,431,103,87
431,434,101,83
438,435,100,84
440,436,99,83
445,436,101,83
453,437,100,83
462,440,95,80
469,441,92,80
478,440,89,80
478,440,89,81
486,441,87,80
494,441,85,79
501,441,84,79
507,441,82,79
517,442,79,77
521,443,78,75
527,443,78,74
534,444,75,73
537,444,76,74
544,444,74,71
550,446,74,69
550,447,73,68
555,446,73,71
559,452,71,66
562,453,73,68
568,456,64,67
573,462,58,65
574,460,58,65
578,462,59,67
583,465,57,66
587,466,55,66
592,468,54,66
596,472,52,60
597,470,52,66
600,474,54,63
604,475,51,66
610,480,50,64
615,484,49,64
620,489,50,65
619,489,52,65
625,494,51,60
629,497,51,56
633,501,51,52
638,502,50,50
645,503,48,48
645,503,48,46
650,502,48,46
657,500,47,46
663,497,47,47
670,491,46,48
675,486,46,48
676,487,46,48
681,481,48,49
686,479,48,48
691,478,50,50
695,477,49,49
700,478,48,50
701,478,47,50
707,480,46,49
712,483,46,49
718,485,45,50
724,487,43,50
727,489,44,50
727,490,44,51
732,492,44,51
735,493,41,51
740,492,41,52
742,492,40,52
745,493,40,51
745,493,40,51
748,494,41,50
751,493,40,48
755,492,41,47
477,43,208,445
488,43,203,446
488,46,204,441
495,38,199,447
502,38,191,456
506,49,190,453
507,63,192,448
508,77,200,440
507,74,203,443
500,86,209,439
497,84,220,456
497,86,214,472
497,94,213,451
499,108,209,442
496,109,212,440
489,111,222,441
487,108,225,451
492,111,221,454
495,117,223,459
495,127,228,451
503,129,222,456
