714,306,133,110
713,303,135,109
713,301,137,108
713,299,139,107
713,297,141,106
713,295,143,105
713,293,146,104
713,290,148,103
712,285,147,105
712,281,146,108
709,284,155,104
711,279,160,109
711,278,152,105
708,276,156,104
705,274,160,103
704,271,157,102
703,269,155,101
702,267,153,101
699,265,156,101
696,263,159,101
694,262,162,101
693,261,157,101
691,259,158,101
688,258,158,101
686,257,158,102
683,256,158,102
679,255,158,98
676,254,158,94
673,254,163,95
670,254,169,97
667,254,175,99
664,254,176,99
658,254,175,98
660,253,175,98
659,254,174,96
653,255,176,97
651,255,179,94
649,257,178,94
644,257,181,90
641,258,183,87
640,260,190,88
642,256,185,86
641,255,187,86
640,251,186,87
643,249,186,85
638,247,192,86
636,248,194,84
632,245,206,83
632,249,206,77
627,250,210,74
631,249,206,77
623,251,213,76
624,251,211,73
630,254,207,72
630,258,210,71
632,260,208,69
633,265,210,68
627,261,218,75
627,261,217,77
625,260,220,76
621,263,224,74
619,267,225,69
617,267,227,71
614,269,226,65
614,270,228,65
610,270,234,67
612,270,233,68
610,272,236,69
604,272,242,72
607,272,240,72
607,275,244,70
611,279,238,66
612,282,241,62
612,283,241,61
613,285,242,60
612,285,244,61
612,285,245,60
613,284,245,60
609,284,248,61
604,285,250,63
602,284,248,68
598,288,249,70
596,289,251,64
592,291,253,63
590,293,248,66
588,290,243,69
578,288,246,71
571,284,244,75
574,283,241,80
568,282,240,79
563,274,244,85
561,270,245,85
562,269,242,85
565,264,239,89
565,263,240,89
571,260,238,92
577,256,236,94
585,256,236,94
592,255,235,111
603,260,229,108
607,262,224,107
611,264,220,107
619,267,220,111
624,268,221,116
634,273,216,116
640,276,216,118
639,278,218,116
638,280,222,122
637,286,226,121
642,287,226,125
651,291,225,124
655,298,215,125
658,298,213,124
657,299,217,129
649,301,221,138
659,301,205,163
673,301,182,160
671,301,180,156
671,300,179,153
669,301,176,145
654,286,188,160
650,284,185,150
647,277,185,159
646,275,180,149
647,277,179,147
646,275,176,146
647,273,175,144
648,272,170,144
650,274,169,140
651,279,168,135
644,277,177,139
648,282,174,132
651,287,172,127
651,292,173,117
650,296,170,113
652,299,163,107
652,299,164,107
653,301,159,103
655,300,152,103
652,302,151,98
648,303,151,98
645,305,150,94
645,305,149,96
646,308,144,96
642,310,145,94
641,312,144,94
639,314,142,96
639,315,139,94
640,315,137,96
638,317,135,96
636,316,133,98
634,317,132,96
634,318,131,96
637,317,129,96
636,317,129,95
634,317,131,92
635,315,131,91
637,316,128,95
