558,132,213,477
558,132,215,476
558,132,217,475
558,132,219,475
558,132,222,474
558,133,224,474
558,137,224,469
558,141,224,465
558,145,224,460
558,149,224,456
558,154,224,452
559,165,222,439
560,176,221,426
562,187,220,413
563,198,219,401
565,204,216,393
566,215,215,380
568,227,214,367
566,246,219,350
568,261,219,336
561,281,228,315
561,275,227,318
559,294,230,297
558,296,233,293
557,299,235,289
556,295,236,292
555,290,237,294
554,286,238,296
559,275,233,301
560,261,234,311
561,247,235,322
568,236,225,327
568,225,227,336
567,226,229,336
567,222,228,338
568,219,227,341
568,219,227,341
568,221,227,335
567,223,229,334
568,224,229,335
564,234,241,322
564,233,241,323
564,232,242,324
563,234,245,323
563,236,248,322
563,238,251,321
562,240,254,319
562,242,257,318
562,244,260,317
563,242,257,317
563,246,262,317
561,242,263,319
560,238,265,322
558,234,266,325
557,230,268,328
555,226,269,331
554,222,271,333
552,218,272,336
551,214,274,339
549,210,275,342
548,207,277,345
548,205,278,345
549,203,279,345
550,201,280,345
550,199,282,345
551,198,283,345
552,197,284,343
552,197,285,342
553,197,286,340
554,197,287,339
555,197,288,338
558,194,288,339
562,192,288,341
566,189,288,343
570,187,289,344
574,185,289,345
578,184,289,346
582,182,290,347
586,181,290,348
590,179,290,349
594,178,291,350
594,178,292,349
595,179,294,349
596,179,295,349
596,180,297,349
597,180,298,349
598,181,300,349
598,185,299,346
599,189,299,342
600,193,298,338
601,198,298,335
601,199,299,336
602,200,300,338
603,199,297,342
604,198,293,346
603,201,295,345
602,205,296,344
601,209,298,343
600,213,299,342
599,217,301,341
598,221,303,340
594,221,308,351
590,227,312,348
589,227,319,349
585,226,324,347
582,225,328,345
579,222,331,344
576,219,334,344
573,216,337,344
570,211,336,346
567,206,336,348
569,203,336,350
560,196,342,353
552,189,348,356
544,181,354,359
536,174,360,363
528,167,366,366
525,167,370,365
522,167,374,365
519,167,378,365
516,168,383,365
519,171,386,368
521,174,389,371
517,173,395,371
520,184,397,366
517,192,408,362
515,199,418,358
513,206,428,354
511,213,438,350
508,215,443,354
506,218,448,352
499,217,459,349
493,216,470,346
486,215,481,343
480,214,491,340
468,211,504,341
455,207,517,342
439,213,529,341
422,219,542,339
406,225,555,338
390,232,568,337
389,231,575,338
385,237,581,335
364,251,598,318
359,254,604,317
348,258,631,312
350,265,632,309
357,262,633,311
357,271,634,310
344,261,669,328
358,250,636,346
347,229,636,375
348,209,637,405
344,207,638,414
339,184,639,449
334,182,646,478
328,179,648,419
323,177,653,349
318,175,616,382
317,176,614,377
324,182,591,358
319,169,568,372
334,172,521,357
335,171,509,341
339,170,481,338
340,169,481,340
345,169,452,319
355,169,434,313
360,171,406,287
368,171,383,271
381,180,367,253
379,180,367,257
740,306,176,183
728,295,174,194
712,285,173,186
698,275,180,189
676,270,187,184
675,268,188,186
664,261,189,187
653,255,190,188
642,248,194,189
631,242,198,190
620,236,202,191
620,234,201,191
616,226,202,191
615,220,203,192
614,211,203,197
611,207,206,198
607,200,214,201
606,201,215,198
607,196,218,200
601,193,223,198
592,192,233,200
588,190,235,197
579,190,243,201
582,189,239,200
575,189,244,201
569,190,246,200
562,192,251,200
557,194,255,200
552,195,258,199
547,197,261,198
543,199,265,197
538,201,266,195
533,203,268,194
528,205,270,192
523,207,272,191
518,210,274,190
513,212,275,188
508,214,275,187
503,216,276,186
498,218,276,184
494,220,278,182
491,223,279,180
488,226,281,177
485,228,283,175
482,231,284,173
479,234,286,170
476,237,288,168
473,239,289,166
470,242,291,163
467,245,293,161
464,248,295,159
469,249,291,152
467,252,294,153
468,255,289,151
478,256,284,146
488,258,280,142
497,259,276,138
507,260,272,133
516,261,268,129
512,263,274,127
509,266,280,126
508,265,280,121
507,268,279,117
506,271,277,114
506,274,274,111
505,277,272,108
504,280,270,105
501,281,270,104
493,289,270,99
497,292,262,101
503,299,252,102
505,300,249,101
498,309,253,102
508,315,240,103
515,323,231,101
521,327,225,103
525,336,221,96
527,336,219,96
533,343,211,94
545,344,202,96
552,352,203,94
561,348,196,103
572,350,196,102
578,352,194,101
585,355,192,100
591,357,190,99
606,359,184,105
609,363,183,108
639,363,160,126
642,361,159,129
642,363,159,120
643,360,147,115
644,359,145,106
645,354,142,105
654,352,132,102
654,351,132,102
662,348,124,97
666,345,119,102
664,344,117,97
663,346,113,99
661,350,107,96
662,350,108,94
663,355,103,92
664,360,100,89
663,366,96,89
661,374,89,86
658,380,84,84
658,381,84,82
658,385,80,82
657,387,80,83
656,389,81,84
657,393,74,82
658,395,72,81
657,396,71,80
657,394,68,81
657,392,67,81
653,389,66,80
652,390,63,80
649,392,62,77
648,392,64,77
645,392,62,78
640,392,60,76
637,393,58,75
637,395,56,76
636,402,55,70
635,402,56,69
636,407,55,66
638,413,52,63
639,416,50,62
641,421,48,61
644,424,47,63
642,423,49,63
643,426,45,58
643,430,47,58
