605,96,192,480
604,97,193,477
603,98,195,474
602,99,196,472
601,103,198,466
600,108,199,460
599,112,201,454
599,117,203,448
604,132,196,434
605,142,195,425
605,142,195,427
601,164,210,399
604,182,206,379
607,197,193,362
605,211,191,347
604,221,187,336
606,218,183,344
604,233,182,326
600,239,188,316
597,243,184,310
592,246,196,301
596,242,184,299
597,242,182,298
598,243,175,288
595,240,173,290
575,245,189,286
574,244,191,286
573,242,193,286
572,240,194,286
571,238,196,286
571,237,198,286
571,230,198,288
571,224,198,291
571,218,198,294
571,211,198,297
572,205,198,300
572,199,198,302
572,192,198,305
572,186,198,308
572,180,198,311
572,177,198,314
579,175,192,306
577,167,199,314
576,168,204,310
578,169,204,308
581,171,204,307
583,173,204,306
586,174,204,304
588,176,204,303
591,178,204,302
594,180,204,301
595,181,203,300
597,183,202,299
599,185,201,298
600,187,200,297
602,189,199,296
604,191,198,295
605,193,197,294
607,195,196,293
609,197,195,292
611,199,195,292
611,200,197,292
612,201,199,292
612,202,202,292
613,204,204,293
613,205,206,293
614,206,209,293
614,208,211,294
615,209,214,294
615,210,211,294
616,212,209,295
616,211,214,295
616,211,219,295
617,211,224,296
614,211,232,296
616,211,229,296
618,211,226,297
620,211,223,297
622,211,220,297
619,211,229,298
623,209,226,295
623,207,225,296
623,205,225,298
624,203,225,299
621,201,229,302
618,199,232,305
616,197,235,307
613,195,238,310
610,193,241,313
605,197,242,309
601,202,244,306
600,204,244,307
598,209,245,308
598,207,245,309
597,209,246,310
593,215,246,310
596,212,247,311
595,214,247,312
594,215,248,313
593,217,248,314
592,219,249,314
596,215,253,314
599,212,256,314
598,203,260,314
606,197,264,314
609,194,267,314
611,192,271,314
614,190,275,314
617,188,278,314
620,186,282,314
623,185,286,314
624,185,286,316
626,187,287,317
619,190,287,319
622,191,288,320
625,192,288,321
627,194,289,323
630,195,289,324
632,196,289,326
635,197,290,327
638,198,290,328
633,200,296,328
631,198,302,328
626,201,308,327
630,200,313,326
616,206,319,326
621,210,325,326
614,213,330,326
607,215,336,325
599,217,342,325
592,219,347,325
592,212,353,330
569,219,358,335
559,227,382,328
549,222,385,334
550,227,388,327
551,232,390,321
543,225,408,334
543,223,423,335
557,229,420,334
559,225,425,333
562,222,431,333
565,218,436,333
572,214,440,335
579,210,444,337
586,206,448,339
588,201,457,338
590,196,467,338
592,192,476,337
594,187,485,336
596,183,495,336
588,183,509,322
577,183,525,326
529,183,571,313
517,183,590,309
502,183,601,317
486,181,612,324
478,181,623,332
482,182,633,339
487,182,688,347
491,183,697,354
494,208,723,361
475,228,764,343
459,233,778,345
462,222,772,371
443,220,766,377
424,216,816,384
429,187,772,423
379,159,786,452
364,130,761,471
348,98,736,511
332,96,740,533
322,94,750,541
332,103,714,513
318,114,723,430
332,125,704,438
348,142,680,436
365,158,657,456
361,163,662,451
390,174,638,430
403,183,620,443
407,173,603,437
412,168,595,439
416,158,570,425
412,154,576,431
401,145,568,424
395,133,549,429
389,127,542,437
388,124,528,429
402,129,516,439
404,122,515,448
429,138,490,432
438,145,505,442
444,156,516,450
465,161,506,459
489,162,491,467
489,161,489,472
499,162,482,480
477,165,495,486
467,169,487,486
465,170,471,498
442,165,467,503
435,172,471,498
690,188,306,258
689,185,307,255
688,182,308,253
688,179,310,251
686,176,312,248
684,173,315,246
683,170,317,244
681,168,320,241
673,167,326,242
665,166,332,243
657,166,339,245
658,169,338,242
654,164,337,239
649,159,336,237
645,154,335,234
640,149,334,232
638,143,336,228
635,138,337,224
633,133,338,220
630,128,340,216
616,124,345,212
615,120,328,205
601,121,340,197
600,123,345,192
592,123,354,180
588,126,349,181
588,134,344,162
589,144,348,160
594,147,344,156
599,151,340,152
607,164,332,142
619,174,328,138
631,189,323,130
644,203,316,123
655,220,314,117
656,220,313,118
662,237,305,117
671,257,285,119
677,290,278,109
676,318,267,103
675,346,256,98
675,344,258,100
672,365,244,91
665,387,227,81
664,396,208,75
660,403,194,71
656,406,183,69
657,406,182,68
654,412,171,64
651,415,159,60
650,418,152,59
651,428,138,49
651,432,130,46
650,432,130,47
650,436,119,48
650,442,117,47
649,449,118,50
651,459,114,49
643,470,119,48
642,467,119,51
640,474,114,59
635,481,113,59
630,488,113,59
624,496,113,59
622,500,111,59
619,505,110,59
617,509,108,59
614,513,107,59
612,518,106,59
609,522,104,59
607,526,103,59
607,527,99,59
607,528,94,59
607,529,90,61
607,530,86,64
607,531,82,67
607,532,77,68
607,533,73,69
607,534,69,62
607,535,64,61
606,536,60,60
604,541,62,51
604,539,60,50
604,537,58,49
605,536,57,48
604,533,57,48
604,531,55,46
603,527,54,45
601,524,51,45
600,524,52,45
599,521,49,46
596,516,51,44
593,512,47,44
588,509,47,45
582,505,50,44
582,506,49,44
575,505,50,41
566,501,49,42
559,498,49,43
553,496,47,40
548,494,45,41
546,494,46,40
538,493,46,40
530,491,46,38
527,489,44,38
518,488,42,35
510,482,41,37
510,483,43,37
504,478,42,37
498,474,40,36
493,469,39,40
488,468,36,33
481,463,40,33
482,463,39,35
477,458,36,34
473,454,33,33
469,451,34,32
465,446,37,31
460,441,36,33
460,441,35,33
458,434,33,38
456,430,31,36
454,426,30,35
452,422,29,34
479,178,280,357
479,175,271,362
481,163,274,355
485,148,276,353
489,138,278,359
489,129,278,359
492,122,271,364
492,122,271,366
501,125,257,370
517,133,231,373
533,141,207,377
539,154,193,378
535,173,199,378
539,170,194,378
536,188,194,378
533,217,194,372
519,246,199,369
515,276,195,369
514,310,189,350
519,309,181,352
507,344,193,335
511,370,178,328
515,395,173,308
526,411,165,294
532,415,166,285
523,411,180,290
