931,206,19,34
931,206,20,35
931,207,20,36
931,208,21,37
931,208,21,38
931,209,22,39
932,210,22,39
932,211,22,40
932,211,23,41
932,213,23,42
933,214,23,43
933,215,23,44
933,217,24,45
934,218,24,46
934,220,24,47
934,221,24,48
934,222,24,49
933,224,24,49
933,226,25,50
933,228,25,51
933,230,26,51
933,232,27,52
934,232,27,53
932,235,29,53
932,236,30,55
932,236,31,57
932,237,33,59
933,237,33,60
933,238,34,61
933,239,34,62
933,239,35,63
932,239,36,65
932,239,37,66
931,239,39,68
930,239,40,69
930,239,42,71
930,237,44,73
930,234,47,75
930,232,49,78
930,230,52,80
931,227,55,83
927,221,64,91
924,215,67,98
918,211,73,101
910,200,83,110
905,186,94,118
905,189,94,117
896,174,108,127
886,159,117,139
876,147,130,150
865,136,144,166
843,123,171,184
845,122,174,185
824,102,208,211
802,77,246,249
773,57,306,292
718,41,407,348
650,28,569,422
658,6,557,452
522,7,757,557
298,6,981,697
0,32,1280,687
0,119,1280,600
0,215,1048,504
0,222,1062,497
0,252,781,467
0,255,561,463
0,252,467,418
2,266,472,336
142,274,382,295
150,274,366,291
268,291,305,259
363,298,257,237
428,296,241,229
482,293,215,227
526,278,202,242
531,281,198,242
565,264,189,265
582,242,186,291
603,213,189,331
600,204,210,350
613,188,200,371
614,191,200,366
609,186,211,360
605,181,207,396
600,176,203,406
575,169,213,407
550,163,223,408
548,157,226,420
516,155,253,406
498,162,286,387
483,166,324,391
468,170,345,378
454,174,366,365
443,178,379,362
429,177,373,357
416,176,367,351
402,175,361,351
388,174,355,351
393,187,339,329
400,185,332,329
413,193,319,318
427,201,306,289
441,197,295,279
448,191,287,276
