555,76,716,642
555,80,711,638
555,76,705,642
555,87,713,631
555,85,711,633
555,98,703,620
555,112,694,606
555,126,685,592
555,140,676,578
555,166,651,552
555,168,650,550
545,189,630,526
535,224,611,495
526,258,602,461
516,287,582,433
507,305,547,412
508,308,548,411
496,326,520,393
483,348,503,369
471,363,479,341
459,378,456,314
452,387,434,297
446,387,450,293
439,387,415,288
435,397,387,269
426,390,362,261
419,389,339,250
413,388,325,240
407,387,334,240
400,386,294,233
394,386,255,226
389,386,231,218
384,387,225,210
379,380,219,203
377,381,213,196
372,382,207,188
362,382,210,178
360,385,192,169
342,379,193,169
338,384,182,156
343,389,176,151
334,384,176,148
328,383,170,144
322,382,148,135
316,381,144,132
306,377,141,130
308,378,139,131
301,378,134,126
295,377,128,121
288,377,123,116
281,376,117,111
274,376,115,106
272,375,117,106
268,372,111,107
264,371,104,105
259,370,101,103
255,369,98,100
251,369,96,97
246,368,93,94
242,367,90,91
238,367,88,89
231,366,85,88
228,365,83,85
223,364,79,82
224,364,77,84
220,363,74,79
217,363,71,76
214,363,71,75
211,362,70,71
209,362,70,71
209,363,69,71
207,361,68,68
204,360,65,67
201,358,65,65
198,357,63,63
194,355,63,60
195,355,62,61
191,353,62,59
188,351,61,61
186,349,59,60
182,347,55,59
178,345,54,57
178,344,53,58
175,342,53,58
171,341,53,56
169,338,50,57
165,337,48,55
832,177,39,60
829,180,39,60
826,183,39,61
824,186,39,62
821,189,40,62
819,192,40,63
817,193,40,64
814,194,41,64
812,195,41,65
810,196,41,66
807,197,42,67
805,197,42,67
803,198,42,68
799,201,42,69
796,203,43,69
793,205,43,70
790,207,44,70
786,210,44,71
783,212,44,72
782,214,44,72
778,217,46,74
774,220,47,75
770,223,49,76
768,223,51,78
765,222,52,79
763,221,53,80
760,219,54,82
758,217,55,83
755,216,56,84
754,215,56,86
753,214,56,87
752,213,57,88
750,214,58,90
748,215,58,92
747,216,59,94
745,217,60,96
746,220,61,98
748,223,62,100
750,226,63,102
751,229,64,104
753,232,65,106
753,234,69,108
753,235,73,110
753,237,75,112
756,240,74,113
759,243,73,114
762,243,75,115
765,243,78,116
768,243,80,116
770,243,82,117
776,243,84,118
783,240,86,120
789,236,88,122
796,233,90,124
803,229,92,126
804,227,94,128
815,225,96,130
825,222,98,132
836,219,101,134
843,220,102,137
857,224,102,136
857,221,104,138
863,224,112,141
869,227,117,144
874,230,122,147
880,233,127,149
879,237,131,152
879,241,135,155
878,245,139,158
878,249,143,161
876,252,147,164
873,258,154,167
867,265,161,171
864,267,163,170
861,270,171,174
859,272,178,178
859,277,185,181
862,277,189,190
856,282,198,198
854,280,206,199
845,284,214,199
831,286,229,207
817,287,244,216
803,289,259,225
772,296,289,234
773,294,287,232
752,293,312,243
742,294,324,248
719,296,347,268
703,297,365,267
717,298,351,263
715,288,365,274
708,287,382,271
675,285,428,283
643,259,510,316
619,233,517,349
583,196,557,405
578,194,572,410
545,141,588,468
510,99,653,550
465,56,718,631
438,36,790,605
427,31,823,554
420,28,829,554
396,38,870,623
378,56,901,641
358,87,921,632
333,133,901,586
323,169,853,550
320,175,859,544
300,209,757,510
244,248,700,471
216,281,673,438
205,298,668,421
209,303,672,416
214,299,680,420
238,293,677,426
266,287,659,432
289,269,619,435
343,249,554,405
372,242,507,379
369,241,507,378
389,226,460,344
427,227,425,328
448,229,394,305
800,203,170,152
793,199,173,149
786,196,176,148
779,193,180,146
772,190,183,143
765,187,186,142
758,184,190,140
747,181,197,140
747,181,200,139
741,179,203,141
739,178,204,138
733,175,207,137
728,173,210,138
723,170,213,137
718,168,216,137
713,165,219,137
710,162,225,139
705,158,225,141
700,157,232,139
694,155,239,137
692,155,241,137
690,154,243,137
688,153,246,137
686,152,248,138
684,154,249,137
681,155,251,138
679,156,252,138
677,158,254,137
674,159,256,137
672,160,257,137
670,162,266,138
669,163,267,135
669,164,269,133
669,165,271,131
675,165,275,130
680,166,278,128
686,167,281,127
687,167,285,125
688,168,288,124
694,169,291,122
701,170,295,121
705,171,295,119
708,174,297,118
711,177,298,116
714,180,299,114
717,183,301,112
720,186,302,111
732,190,290,110
733,192,294,112
734,196,296,107
731,198,300,107
735,199,300,105
740,200,300,104
744,201,300,103
749,203,304,102
754,204,309,101
758,205,307,99
763,207,305,98
767,208,303,97
772,209,302,96
775,210,300,95
775,213,301,87
776,213,301,87
779,213,296,91
774,214,292,91
769,216,289,92
759,217,296,92
758,217,292,94
759,217,291,95
753,221,289,91
748,226,288,88
744,228,287,87
743,229,284,87
739,229,284,88
740,230,284,88
741,230,279,90
741,231,276,88
742,228,271,91
742,229,271,91
741,227,268,93
741,229,268,90
737,227,263,91
734,226,258,92
728,224,256,92
722,223,254,93
716,221,252,93
714,222,250,93
706,223,248,93
698,224,246,92
693,225,240,92
687,226,234,91
682,228,233,91
678,230,232,90
673,232,231,90
669,234,230,90
669,238,222,89
671,241,215,87
669,242,215,91
669,242,211,91
668,246,212,87
666,245,203,90
666,247,200,89
669,246,190,89
670,249,189,86
670,250,189,86
668,249,186,83
667,248,184,85
661,249,182,84
660,251,175,85
655,249,173,89
653,248,176,90
657,253,163,88
648,257,164,91
649,262,156,90
645,266,154,92
642,275,151,95
641,274,153,94
639,284,150,97
639,298,144,97
637,309,140,99
638,316,130,111
632,326,132,112
633,327,133,112
627,335,129,117
622,348,120,117
622,360,112,108
615,366,110,103
606,375,111,96
606,375,110,96
604,380,96,87
593,381,99,84
583,381,103,83
573,379,100,88
568,378,95,87
568,378,93,88
563,375,92,89
556,374,91,88
549,373,91,87
542,372,91,86
536,371,91,83
535,369,90,84
528,369,89,79
521,366,89,81
513,364,89,81
507,362,89,80
502,361,90,79
497,360,90,78
493,356,85,79
486,354,85,79
478,351,86,80
475,349,82,81
467,346,86,82
466,347,86,80
461,345,84,80
455,343,82,80
451,341,79,79
447,338,77,79
442,334,75,79
441,334,76,77
435,330,77,77
432,326,76,75
428,319,70,76
424,314,69,75
420,309,69,74
420,309,69,74
417,302,69,75
413,297,70,75
332,83,655,636
324,85,659,633
318,85,664,633
312,85,669,634
303,74,674,645
294,62,679,656
285,51,684,668
277,40,689,679
269,32,697,686
262,25,705,693
255,18,713,701
238,11,729,708
238,12,726,707
239,13,723,706
251,26,703,693
252,31,702,688
279,43,665,676
355,72,545,647
421,100,424,618
460,140,332,579
486,188,290,531
482,191,300,529
496,225,301,495
505,257,303,463
507,282,304,438
511,298,296,422
516,308,281,412
516,306,271,408
521,312,272,408
523,295,267,421
529,272,273,447
