571,153,327,230
567,157,333,224
564,169,338,213
559,168,346,217
560,171,345,215
562,180,353,210
562,186,357,210
559,193,370,208
605,197,328,209
565,202,379,210
565,202,381,212
566,204,385,209
573,211,387,208
581,219,390,207
581,225,395,206
581,228,397,204
580,228,401,203
573,231,416,208
564,233,431,208
554,233,443,205
550,237,448,204
546,238,454,201
542,240,461,198
539,241,468,195
535,243,475,192
531,244,482,189
528,246,489,186
523,248,496,184
518,251,503,182
511,254,508,179
504,257,514,177
498,260,519,174
491,262,525,172
484,265,530,169
477,264,538,166
466,274,536,163
437,279,549,158
428,287,536,158
408,301,539,154
390,308,544,160
385,310,553,158
378,313,551,155
372,317,550,153
368,319,554,149
375,318,550,147
383,319,550,143
382,318,550,143
388,316,553,140
407,313,545,143
425,311,534,141
438,309,531,149
458,312,525,150
457,314,523,152
477,314,516,153
489,317,507,155
502,323,499,154
510,329,492,155
516,334,482,161
515,334,478,161
511,346,480,168
512,348,468,171
514,357,463,177
508,362,460,175
510,371,451,177
513,371,441,178
516,378,436,176
519,386,430,173
522,394,425,170
525,401,419,168
531,402,410,168
527,404,419,166
539,400,403,169
549,401,395,159
559,398,387,157
567,401,383,152
575,409,377,148
575,412,382,143
585,416,376,139
591,424,366,135
599,433,356,131
607,443,346,127
605,448,348,134
604,452,344,132
605,458,340,130
607,464,337,129
612,469,327,128
614,470,322,125
617,472,317,123
620,474,312,121
623,476,307,119
626,478,303,117
629,476,303,117
636,476,293,115
644,477,284,113
648,477,278,111
653,478,272,109
657,478,266,108
661,479,260,106
666,479,254,104
670,480,248,102
675,481,242,101
679,478,237,96
678,480,232,97
682,481,223,97
687,483,217,94
686,484,209,93
684,484,213,93
683,487,206,94
686,490,201,96
688,492,194,95
690,493,186,93
689,491,186,92
690,491,185,92
694,489,179,93
697,491,172,90
700,489,167,88
703,487,161,88
710,487,153,86
709,487,154,87
714,485,147,88
715,487,145,88
718,485,140,91
723,490,134,89
726,498,129,86
727,499,129,86
727,506,124,84
727,514,119,82
728,521,114,81
728,529,109,79
729,537,105,78
730,536,105,81
726,543,97,73
725,550,90,70
725,555,83,66
729,557,74,61
722,559,70,55
723,559,70,55
718,558,66,55
715,555,64,54
710,551,63,51
700,543,66,56
695,539,64,55
695,539,65,56
691,536,63,55
686,532,63,55
682,529,60,55
678,530,61,55
673,530,60,58
673,529,62,56
670,530,56,58
666,534,55,55
661,537,55,54
656,541,58,54
650,545,55,55
650,546,59,52
647,549,54,54
640,552,56,53
635,554,56,52
631,554,52,57
