557,44,592,673
561,45,599,672
561,43,603,676
558,42,607,677
558,48,610,669
559,48,613,665
559,52,615,665
560,50,616,662
559,54,614,664
560,49,618,664
557,50,622,667
560,40,637,679
557,41,646,677
561,38,642,681
555,34,653,684
555,32,665,678
550,33,673,685
549,33,673,687
545,37,665,682
540,38,675,682
534,47,663,671
519,47,691,673
513,59,691,659
807,193,73,106
804,197,73,106
801,200,73,106
798,203,73,106
794,207,73,106
791,210,73,106
788,214,73,106
785,217,73,106
782,220,73,106
778,224,73,106
775,227,73,106
775,229,74,107
775,230,75,107
775,231,76,108
775,233,77,108
775,234,77,109
775,236,78,109
775,237,79,110
775,239,80,110
775,240,81,110
775,242,81,111
775,243,82,111
775,245,83,112
775,246,84,112
775,247,85,113
775,249,85,113
775,250,86,114
775,252,87,114
775,253,88,114
775,250,89,114
775,256,89,115
776,254,89,116
776,252,90,116
776,250,90,117
784,246,83,111
789,245,82,110
788,239,78,110
787,235,80,119
784,236,84,122
780,236,86,119
779,235,90,120
778,234,90,120
777,233,90,120
775,232,90,119
774,231,90,119
773,230,90,118
771,229,90,118
770,227,90,118
769,226,90,117
768,227,90,117
767,228,82,118
766,230,82,118
765,232,82,119
764,235,82,120
763,237,82,121
762,240,82,122
761,242,82,122
760,244,84,123
759,247,86,124
758,249,88,125
758,252,90,126
758,254,90,127
759,257,91,129
760,260,92,130
761,263,92,132
762,266,93,133
763,269,94,135
764,272,94,137
765,275,95,138
767,277,98,136
770,279,98,136
774,280,99,135
778,282,99,135
782,284,100,134
786,282,100,136
789,281,100,138
792,279,100,139
796,278,101,141
799,277,101,143
797,278,105,147
795,279,109,151
795,278,112,152
795,277,114,153
795,276,116,154
797,275,115,157
800,278,120,156
799,276,123,157
798,274,126,158
797,273,127,159
797,269,128,160
796,265,129,161
795,260,130,162
795,256,131,163
795,252,132,164
794,248,133,165
786,233,146,171
773,226,159,167
771,225,161,170
774,224,157,168
773,223,156,173
778,223,151,176
776,226,155,182
775,229,158,188
774,233,162,194
775,236,163,191
777,240,164,189
775,243,168,190
773,246,173,190
771,254,181,189
769,253,181,192
767,256,185,193
761,257,191,195
755,257,196,196
747,263,208,193
741,263,212,194
736,262,217,195
730,262,221,196
725,261,225,197
719,261,229,198
714,261,234,200
706,261,238,208
699,260,242,208
699,259,238,210
684,263,250,209
676,264,253,209
677,268,257,209
668,269,261,209
658,271,265,210
649,271,269,210
639,272,272,210
629,274,276,210
633,281,285,212
638,288,293,213
642,312,302,215
643,311,311,217
646,324,319,218
658,329,327,219
670,335,336,221
680,337,335,220
690,339,335,219
700,341,335,218
708,341,325,229
708,346,322,229
696,359,330,220
681,351,341,231
680,355,339,223
674,357,341,227
653,331,359,253
624,306,384,276
613,276,386,312
607,264,389,349
616,255,429,391
622,252,427,392
610,250,487,394
592,259,492,321
549,274,516,314
532,293,540,335
514,297,541,321
514,294,543,324
486,311,545,327
454,307,569,342
409,308,589,332
393,321,587,321
382,325,582,313
380,329,584,312
366,335,587,294
344,312,606,310
340,307,598,297
355,294,608,283
355,277,590,273
364,279,581,273
360,259,587,270
352,246,591,261
338,245,610,250
333,249,606,241
325,253,605,248
322,256,598,238
312,268,601,232
297,283,603,241
277,294,619,234
264,314,591,238
249,328,573,231
254,323,573,236
228,344,582,238
618,209,210,102
625,205,211,102
632,201,213,103
639,198,215,103
646,194,216,104
656,188,218,104
667,183,220,105
674,179,232,108
681,176,245,111
690,170,267,112
691,176,273,104
706,168,269,115
706,165,282,116
710,160,289,120
707,157,306,122
706,155,322,122
701,150,339,127
697,146,356,131
702,142,364,128
697,134,373,139
692,136,432,139
689,130,427,144
688,130,430,146
676,130,460,148
670,128,472,152
653,131,491,155
640,133,525,158
620,139,542,167
611,141,552,161
592,150,548,166
577,158,558,170
555,165,596,181
541,167,607,184
520,174,626,180
518,174,634,183
499,178,632,177
487,174,631,180
470,166,630,181
458,158,638,184
451,152,637,181
437,156,651,180
448,144,633,182
440,144,635,182
431,144,626,185
424,151,636,179
423,159,616,177
411,163,633,178
397,177,630,169
384,188,631,172
379,201,638,180
359,219,657,180
372,238,608,181
367,239,606,179
356,256,603,177
345,274,599,175
334,292,596,174
326,305,585,172
318,317,578,171
310,330,570,169
303,343,563,167
283,363,548,162
274,372,527,167
255,379,518,172
256,389,495,166
249,390,506,161
240,402,491,153
242,412,476,146
255,418,453,141
258,423,447,142
267,425,440,142
255,427,454,140
278,417,424,142
287,409,417,147
335,395,371,156
348,388,356,157
356,385,357,156
365,382,360,156
384,372,362,156
408,368,349,157
425,364,335,153
424,364,354,149
437,360,343,147
449,357,332,146
463,353,321,140
483,345,310,143
494,334,299,141
504,324,288,139
514,314,277,138
525,303,266,136
535,293,255,135
548,287,249,133
563,276,242,130
579,266,235,128
595,256,229,126
608,252,222,124
622,247,216,122
635,243,209,120
649,239,203,118
665,232,196,116
682,226,189,114
679,226,188,117
684,224,183,114
690,222,178,113
696,221,173,111
702,221,168,109
708,221,163,107
710,216,158,105
714,228,157,93
720,225,154,98
721,224,150,101
724,229,148,103
730,232,142,107
729,232,145,106
736,235,134,106
744,238,123,107
739,238,124,104
735,239,125,102
733,247,118,94
732,246,122,92
730,252,122,90
729,258,122,88
726,259,124,91
721,261,124,91
717,263,124,91
712,265,125,91
708,268,125,91
703,270,125,90
699,272,126,90
694,274,126,90
690,277,127,87
687,277,128,90
691,279,118,87
685,279,117,86
683,278,115,87
678,276,113,87
674,275,117,87
673,274,117,88
672,274,114,88
671,272,112,89
668,271,113,89
663,270,117,90
664,269,112,90
664,269,112,90
667,270,105,89
664,269,104,88
665,269,100,86
669,267,94,87
671,266,91,88
670,266,92,88
672,263,90,89
676,261,87,88
683,257,81,91
686,256,81,91
687,256,81,88
688,257,79,88
393,162,399,557
406,175,393,542
414,182,386,534
427,181,364,536
461,162,330,555
460,165,330,554
496,109,290,605
504,56,296,660
501,16,329,698
491,0,377,716
484,0,414,720
486,0,405,715
490,0,421,720
491,0,423,720
483,0,426,720
472,0,432,720
457,0,444,720
455,0,445,720
430,0,465,720
