64,0,914,720
67,0,904,720
82,1,879,713
97,2,855,707
68,0,885,720
72,0,873,719
76,0,861,719
81,0,849,719
88,1,841,719
70,1,850,718
63,46,853,673
74,141,842,578
48,214,861,505
37,284,872,436
23,283,888,437
0,331,918,389
15,362,905,357
3,361,922,358
1,306,921,413
0,222,919,498
1,227,923,492
3,176,909,544
0,134,913,586
0,65,903,654
0,36,881,683
0,26,858,693
1,26,852,693
2,25,814,694
1,40,803,680
0,59,770,660
0,75,753,644
0,95,759,623
0,94,750,625
0,113,764,606
0,123,785,596
0,138,807,581
0,167,829,552
0,202,839,517
0,209,841,510
1,250,844,469
57,281,813,438
128,306,748,413
254,339,651,380
287,361,628,358
301,363,625,357
356,400,563,318
412,412,497,299
469,434,429,271
503,450,386,248
534,462,340,229
541,462,328,223
559,472,294,208
559,472,285,203
564,475,271,189
577,478,251,182
589,480,231,175
594,482,219,170
599,484,207,165
604,486,195,161
609,488,183,156
615,490,171,152
617,492,165,149
620,495,160,147
623,498,155,145
624,498,150,143
626,497,145,142
627,497,139,141
628,496,134,140
630,495,134,137
631,495,133,134
633,494,132,132
634,493,131,129
636,493,131,127
637,493,129,125
638,492,126,123
639,491,124,120
640,491,122,118
641,490,120,116
642,489,118,114
643,489,115,111
643,488,112,110
639,490,110,107
643,487,100,106
