86,0,1193,716
105,0,1174,720
109,0,1170,720
129,0,1150,720
149,0,1130,720
169,0,1110,720
189,0,1090,720
209,0,1070,720
137,0,1108,720
165,0,1114,720
192,0,1087,720
211,0,1068,720
239,0,1040,720
207,0,1018,720
244,0,999,720
195,0,1071,720
249,0,892,634
304,0,714,549
416,0,494,491
417,0,490,481
467,0,379,435
501,0,315,415
530,16,262,380
540,32,232,347
561,53,199,321
558,69,197,304
578,88,165,274
577,100,163,259
586,116,146,239
595,132,129,218
605,147,112,197
607,155,108,188
610,162,103,179
613,169,98,170
615,178,93,160
618,188,89,148
621,198,84,137
623,203,79,130
626,209,75,122
629,214,70,115
631,220,65,108
632,223,63,104
633,229,61,96
633,233,60,92
635,235,57,89
636,239,55,84
637,240,52,84
638,247,50,77
639,249,48,74
640,251,46,71
641,253,45,69
641,255,42,66
642,258,40,63
643,260,37,61
644,263,35,58
645,262,33,59
645,266,32,55
645,266,31,53
645,268,31,52
644,271,30,49
645,273,30,47
646,274,28,45
646,275,28,43
646,277,27,42
646,279,26,40
646,280,26,39
646,282,25,38
646,281,25,38
646,283,25,37
645,284,24,36
645,286,25,34
645,287,24,33
645,288,23,33
645,288,23,32
644,289,23,32
645,290,23,31
644,290,22,30
646,292,20,28
