479,219,44,90
486,221,40,85
486,221,41,83
487,222,42,82
488,222,43,81
489,223,45,80
491,223,44,79
492,223,43,78
494,223,42,77
496,223,41,76
498,223,40,75
498,223,40,74
499,223,41,75
499,222,41,74
499,222,43,74
498,219,41,76
495,215,40,76
495,214,39,75
494,213,39,75
494,212,39,75
494,211,39,75
493,210,39,76
493,209,39,76
493,208,39,76
493,207,39,76
492,206,39,77
492,205,39,77
492,204,39,77
491,203,39,77
491,202,39,78
491,201,40,78
491,200,39,78
491,199,39,78
490,200,40,78
489,202,42,78
489,201,42,78
488,200,43,78
488,199,43,78
487,198,44,78
488,192,45,79
490,196,43,77
490,195,45,76
490,194,45,76
490,194,46,77
491,194,47,78
491,192,50,80
491,189,49,80
491,187,49,81
491,185,48,81
491,184,48,82
491,183,47,82
491,182,47,82
491,180,47,83
491,179,47,83
492,177,48,84
492,176,48,85
492,175,49,86
493,173,50,87
493,172,50,87
493,170,51,88
493,168,51,88
490,162,52,91
490,162,52,90
486,160,54,89
482,156,54,93
477,151,56,95
474,149,58,95
472,147,58,97
472,147,58,96
470,145,59,99
471,145,59,99
469,140,59,102
469,141,59,103
469,143,60,104
469,144,61,105
470,146,62,106
470,147,63,107
470,149,64,108
471,151,65,110
472,152,65,111
473,153,65,112
474,159,66,113
475,164,66,114
476,170,66,115
477,176,67,116
478,181,67,117
478,181,67,118
480,189,68,118
482,196,68,119
484,204,68,115
485,209,71,118
484,210,69,120
484,210,70,119
484,215,68,119
481,219,69,119
479,221,71,121
477,224,70,119
477,226,69,118
477,227,69,118
477,227,68,116
479,229,69,113
478,226,68,112
477,223,68,112
477,220,68,111
476,217,67,111
476,212,67,110
476,207,67,110
476,202,66,109
476,197,66,106
475,190,67,107
477,191,67,108
477,184,66,108
478,180,67,107
480,175,67,108
481,171,67,106
479,169,67,105
479,168,67,106
476,167,68,104
470,167,71,105
464,166,74,107
454,170,78,106
445,169,80,105
446,170,81,105
433,170,82,107
421,174,83,109
409,177,85,109
389,176,89,111
370,169,93,115
369,170,94,115
351,165,100,121
341,166,103,124
329,166,118,130
319,159,125,138
309,159,130,142
311,160,125,141
302,170,132,137
296,179,145,143
296,185,150,149
271,182,175,167
241,171,206,190
240,169,216,196
199,151,271,237
149,129,358,298
60,104,543,407
4,77,792,594
0,66,1087,653
0,68,1102,651
0,93,1280,626
0,125,1280,594
317,195,962,524
543,258,736,461
615,282,524,383
621,284,504,379
613,305,367,308
596,318,291,257
590,326,235,227
603,334,196,208
622,325,181,211
626,328,164,210
648,318,150,211
668,302,135,219
667,294,142,222
678,279,150,238
685,271,143,236
683,265,152,241
684,265,142,217
680,256,141,228
676,246,138,230
668,239,141,221
665,234,141,234
667,231,141,234
656,228,146,203
644,222,155,222
635,222,164,222
625,221,173,217
614,216,188,222
614,214,179,220
608,215,187,219
603,215,189,218
597,216,191,217
592,217,193,216
581,221,195,219
579,223,194,220
569,226,198,222
559,229,203,224
