435,88,400,478
436,87,397,490
438,86,395,503
436,83,393,507
435,80,392,512
434,78,395,525
432,77,390,534
431,77,399,539
430,78,381,545
430,77,383,550
431,71,374,560
427,72,385,559
425,70,384,560
423,69,384,562
421,68,384,563
420,66,384,565
417,69,381,560
414,72,379,555
412,74,376,550
409,77,374,545
407,80,372,540
407,82,372,538
407,85,372,537
408,96,380,527
408,107,387,517
409,118,395,507
409,129,403,497
417,130,402,494
405,144,419,483
422,142,419,486
436,140,421,490
436,140,435,495
437,133,442,505
438,128,444,510
437,123,456,513
430,117,473,519
430,104,493,533
419,91,512,547
412,80,520,560
405,75,526,568
396,71,545,588
394,66,567,602
371,62,603,628
348,58,642,653
325,54,665,665
321,50,657,669
301,46,649,673
275,42,633,677
249,38,617,681
223,34,601,685
197,30,596,690
193,30,600,689
189,40,639,679
159,48,720,671
143,63,799,656
133,100,871,619
130,126,934,593
137,135,924,584
125,190,971,528
140,208,974,510
155,226,977,493
165,259,958,460
239,303,855,416
245,295,844,423
329,332,749,387
425,350,676,369
489,378,562,321
563,392,457,296
620,408,375,268
623,421,362,250
665,435,309,220
707,441,258,208
737,446,223,186
765,451,194,169
786,455,172,158
793,460,168,149
812,465,152,140
830,470,136,131
849,475,120,122
868,483,104,110
886,485,88,105
887,485,90,106
898,485,83,95
906,481,76,92
919,485,70,83
