437,98,203,435
445,105,195,426
448,116,193,426
445,123,196,420
443,141,199,403
441,159,202,386
439,177,205,370
437,195,209,353
436,209,205,340
436,213,200,335
437,218,196,331
432,220,199,326
428,223,203,322
423,226,206,317
419,229,210,313
414,232,213,308
415,238,211,307
416,244,209,306
418,250,207,305
416,257,212,303
418,258,210,311
419,258,207,310
420,259,205,310
416,261,204,311
419,260,212,308
418,256,211,308
417,252,211,308
416,248,211,308
415,245,211,308
412,239,209,306
410,234,208,304
408,222,210,313
407,220,213,311
405,219,216,310
404,214,218,312
402,209,220,314
401,204,222,316
399,199,224,318
398,194,226,320
396,189,227,322
395,185,229,322
394,179,230,323
394,174,232,325
394,169,234,327
393,164,236,329
393,159,238,332
393,153,239,335
392,148,241,338
392,143,243,341
392,138,245,344
392,133,247,347
393,133,249,348
394,134,250,350
396,134,253,351
397,135,255,353
399,136,257,355
400,136,259,356
401,137,260,358
403,137,263,359
404,138,265,361
406,139,267,363
406,136,270,366
406,134,273,369
407,132,276,372
407,130,279,376
408,128,282,379
408,126,285,382
408,125,286,385
409,124,287,388
409,123,288,391
410,122,289,394
409,121,292,400
409,120,296,406
409,119,299,412
409,119,303,418
408,118,307,424
408,117,310,430
408,117,314,436
408,116,317,442
408,120,321,448
409,124,325,455
406,127,330,454
403,140,335,452
400,152,339,451
395,145,338,457
389,138,337,463
384,131,335,469
375,129,338,471
366,126,341,474
353,112,341,476
344,107,341,479
338,107,342,480
332,107,344,481
326,107,345,482
320,115,352,482
315,124,359,482
316,133,360,482
317,142,362,483
318,152,364,483
319,161,366,483
324,174,367,483
323,185,373,483
322,197,380,484
321,209,387,484
320,214,390,483
319,219,392,481
318,223,395,480
312,216,400,479
306,209,405,479
300,201,410,478
299,185,417,487
297,185,423,484
290,178,430,481
283,170,436,479
276,163,443,476
269,156,449,474
262,149,456,471
262,147,462,470
262,145,468,469
262,143,474,468
263,141,481,468
268,138,484,471
273,136,488,474
278,133,492,477
283,131,502,480
288,128,513,483
287,131,527,481
286,134,541,480
285,137,555,478
284,140,569,477
284,143,584,476
298,146,572,478
284,150,609,475
283,154,621,475
283,158,634,474
283,161,646,474
283,165,659,474
283,168,671,473
282,172,684,473
282,176,696,472
277,177,708,448
271,179,713,452
265,181,722,446
267,194,731,427
259,194,713,430
247,196,712,429
236,197,710,425
232,201,706,427
227,197,723,434
223,196,708,415
220,196,741,430
226,189,728,430
233,184,725,423
239,186,719,426
245,189,732,431
251,189,747,438
258,188,754,450
264,172,773,480
270,159,771,501
277,147,770,523
283,121,775,566
239,91,804,605
195,67,820,643
159,49,829,557
129,47,829,503
137,47,821,494
128,62,805,466
120,73,779,423
103,89,789,448
104,105,787,450
104,121,785,451
104,116,784,463
124,139,793,482
134,153,792,459
154,161,791,456
164,160,776,453
170,159,775,458
169,161,775,452
163,151,775,458
157,141,775,464
151,133,771,469
139,121,762,468
138,101,742,484
134,102,742,482
132,90,732,493
138,81,719,492
148,80,701,489
159,80,684,486
169,84,666,480
169,84,671,480
169,84,664,478
159,89,667,467
152,84,646,470
