768,121,215,307
768,117,214,306
769,114,214,305
770,111,214,304
771,107,214,303
772,104,214,304
771,104,212,304
771,103,211,304
771,103,209,305
771,102,208,305
770,102,206,305
766,103,207,305
762,105,208,305
758,107,209,304
754,109,210,304
750,111,211,304
748,114,211,304
745,117,210,303
742,120,210,303
739,123,209,303
737,126,209,303
736,127,209,303
736,128,209,304
736,129,209,305
735,130,209,305
735,131,209,306
737,130,209,307
738,129,209,307
740,128,209,308
742,127,209,309
744,127,209,310
745,124,209,310
746,122,209,311
747,119,210,312
749,117,210,312
750,114,211,313
751,112,211,314
753,109,211,314
754,107,212,315
755,104,212,316
757,102,213,317
756,104,213,317
756,106,214,318
756,108,214,318
756,110,215,319
756,113,216,319
755,115,216,320
755,117,217,321
755,119,217,321
755,121,218,319
755,124,219,318
753,125,220,320
751,126,221,322
749,127,223,324
747,128,224,326
745,129,225,329
743,133,225,321
742,138,224,321
740,142,224,321
738,147,223,322
736,151,222,322
735,152,223,323
738,151,223,324
740,150,224,324
742,150,225,325
745,149,225,326
747,148,226,327
750,148,226,327
752,147,227,328
755,146,227,329
757,146,228,330
761,146,227,331
764,147,227,332
768,148,226,333
771,148,225,334
775,149,225,335
777,153,227,333
778,156,230,331
780,160,232,328
782,164,235,326
784,168,237,324
785,172,240,322
785,174,241,320
784,176,241,318
784,178,242,316
783,180,243,313
783,183,244,311
782,185,245,309
782,185,244,307
782,186,243,305
782,187,243,303
777,187,245,301
773,188,248,300
768,189,251,298
764,190,254,297
759,191,257,296
755,192,260,294
750,192,263,293
746,190,263,295
741,188,264,296
737,187,265,298
735,182,270,297
735,179,271,296
735,175,272,295
735,171,272,294
735,168,273,293
735,164,274,293
735,160,274,292
735,157,275,291
735,153,276,290
735,150,277,290
737,149,280,288
736,152,283,287
737,154,284,289
739,161,287,287
738,161,290,285
742,164,294,287
744,174,296,284
745,183,299,280
747,193,302,277
748,203,304,274
748,203,310,276
740,211,315,277
733,220,321,279
728,225,323,275
716,229,330,277
705,233,336,280
702,237,342,282
690,245,348,284
690,247,338,282
657,249,360,289
647,248,364,284
636,251,368,278
636,251,372,273
623,249,376,268
611,247,380,263
598,246,384,257
586,244,388,252
577,244,392,246
569,244,396,241
555,241,400,236
544,233,411,251
532,227,432,249
503,221,454,257
481,215,481,269
476,215,488,270
460,200,497,294
444,182,518,319
421,149,554,361
399,120,556,411
359,79,612,478
349,83,617,477
377,62,589,527
341,56,587,481
284,46,660,443
255,46,674,489
238,61,698,448
234,48,706,461
225,49,726,475
235,49,743,458
246,50,761,441
253,39,807,454
311,42,785,427
311,46,789,421
344,42,804,441
368,48,804,432
361,37,819,451
341,65,829,424
316,82,827,412
319,82,823,408
282,109,830,404
254,123,815,399
242,149,793,379
230,164,768,367
232,178,740,352
234,180,739,352
243,190,711,336
253,178,683,344
266,190,656,329
283,184,623,324
292,197,616,310
296,197,617,305
303,198,594,306
318,200,572,307
329,197,550,302
338,197,527,298
350,198,514,299
349,197,513,299
361,196,501,300
389,192,480,310
400,198,473,302
407,189,473,309
419,189,463,304
416,185,469,310
432,178,455,311
448,171,442,312
451,164,442,313
457,160,436,310
464,155,431,308
470,151,425,306
476,147,419,303
488,144,403,292
508,145,394,282
524,149,384,298
