481,63,651,653
478,67,647,649
476,71,643,646
474,75,640,643
472,80,636,640
470,91,626,628
467,102,616,617
465,114,606,605
463,125,596,594
461,136,586,582
459,148,577,571
454,155,540,564
450,173,519,546
445,179,495,538
441,191,476,510
435,199,457,492
433,203,459,481
428,206,434,458
423,210,408,435
418,214,383,412
414,217,358,389
413,218,330,369
412,219,317,356
411,220,305,344
410,220,292,332
409,221,279,319
408,222,267,307
407,223,243,289
406,223,243,284
405,224,230,272
404,225,216,257
405,228,199,238
404,226,190,228
406,224,181,216
406,224,181,216
409,226,170,206
409,223,162,197
410,219,153,192
411,218,149,186
414,215,140,176
416,213,138,183
419,215,129,169
422,212,117,163
428,211,108,155
432,210,105,149
438,210,97,136
438,209,96,141
440,207,94,132
445,206,90,127
449,204,85,125
451,202,86,121
457,202,78,115
455,203,80,115
461,202,74,110
467,202,70,106
473,203,67,102
478,204,65,98
483,205,62,95
483,205,63,95
488,210,61,90
494,215,62,88
499,219,58,84
504,225,56,80
508,231,54,78
508,231,54,77
512,237,51,74
516,243,51,72
521,248,48,70
524,254,47,68
528,260,44,64
525,261,43,64
529,265,40,61
533,271,40,59
537,277,38,56
541,282,37,55
545,287,36,52
546,286,36,53
550,291,35,51
553,296,34,49
557,301,35,48
562,306,34,49
565,311,31,43
564,311,32,43
569,313,31,43
574,318,29,41
578,320,28,41
584,324,26,39
587,328,26,38
588,328,27,37
592,331,26,37
598,333,24,39
599,336,23,36
604,338,22,35
607,341,22,35
608,342,22,35
609,343,21,35
609,345,21,34
609,347,21,33
609,348,21,32
609,349,20,32
610,349,20,35
610,350,18,30
610,349,18,31
610,350,18,30
611,350,18,30
613,350,18,30
613,351,17,29
614,351,17,29
615,351,17,28
615,351,17,28
616,351,17,29
617,351,16,27
617,351,16,27
619,352,15,26
619,352,15,26
620,352,14,25
621,351,15,25
621,350,14,24
621,350,14,24
622,348,14,23
622,346,16,23
622,342,14,24
623,341,15,24
624,339,14,23
625,339,14,23
626,336,16,23
