672,118,218,358
669,116,217,353
667,115,216,349
662,116,225,347
661,114,229,345
661,115,227,345
663,113,225,346
665,112,223,347
667,110,221,348
669,108,218,349
671,107,216,350
675,104,208,345
675,107,208,340
674,108,208,338
675,109,206,336
674,104,207,341
674,106,205,344
675,105,206,345
674,113,210,338
673,114,211,338
672,118,218,337
673,110,215,342
673,109,216,344
673,106,217,343
673,104,217,342
673,101,217,341
674,99,217,340
674,97,217,339
674,94,217,338
674,92,217,337
675,90,218,337
674,93,216,334
670,93,218,333
660,92,222,334
652,94,220,328
661,92,221,332
650,95,230,331
650,95,232,330
652,98,227,333
650,98,230,330
650,101,233,328
657,99,222,328
659,96,222,329
661,92,222,329
663,88,221,329
665,84,221,329
666,80,221,330
668,76,220,330
670,72,220,330
672,68,220,330
674,65,220,331
683,54,214,334
681,52,217,334
681,52,216,333
679,51,217,333
681,51,216,331
678,56,220,325
675,60,220,324
671,64,221,323
668,70,219,321
663,75,218,325
661,78,217,324
659,81,216,324
657,84,215,324
655,87,214,323
653,90,214,323
651,93,213,323
649,96,212,322
647,99,211,322
645,103,211,322
641,109,218,325
642,110,216,323
643,111,214,322
644,112,212,321
643,114,213,321
643,117,214,322
643,119,215,322
642,121,216,323
642,123,217,323
642,125,218,324
642,128,219,325
636,128,213,323
634,133,217,323
634,135,216,325
635,138,216,335
635,138,215,335
638,144,216,326
640,148,214,325
642,156,217,329
645,160,221,328
648,162,225,324
654,164,226,319
658,157,230,321
663,156,234,320
667,156,234,323
672,155,233,323
672,157,234,317
672,157,235,315
670,158,240,314
670,163,239,310
671,169,239,309
671,171,236,302
671,169,240,302
671,167,244,302
670,165,248,302
673,163,249,299
676,162,250,297
678,160,250,294
681,159,251,292
684,158,252,289
694,152,247,287
698,152,258,283
696,147,263,277
701,154,260,270
702,150,259,274
699,149,263,277
702,149,261,280
701,145,259,283
700,152,257,272
697,157,258,269
694,163,259,266
691,168,261,263
688,174,262,260
685,180,264,257
684,186,267,253
686,192,268,251
682,202,271,250
680,207,274,249
667,212,292,248
676,216,287,247
685,221,283,247
685,227,286,244
685,232,288,241
684,238,291,237
684,243,293,234
683,249,296,231
683,254,311,222
686,260,310,220
684,269,310,215
686,272,309,215
681,276,309,215
676,276,313,216
670,277,317,218
665,282,321,208
660,284,326,208
655,283,330,206
653,280,334,205
651,290,338,193
643,287,342,199
635,288,347,209
627,279,351,228
623,283,358,221
612,275,371,234
596,258,393,279
579,248,399,297
567,244,412,326
559,241,447,363
555,235,458,362
542,230,471,353
536,239,479,289
527,240,490,302
524,241,496,308
511,249,494,297
513,249,492,296
503,251,479,306
498,253,463,294
469,250,475,285
458,245,453,279
447,247,452,268
440,247,460,265
430,248,449,267
422,246,429,262
411,246,412,254
415,243,390,248
416,241,372,236
415,242,370,235
420,243,356,227
420,249,344,218
426,250,330,210
433,254,319,200
434,252,318,200
435,252,314,197
444,255,305,191
714,306,133,110
713,303,135,109
713,301,137,108
713,299,139,107
713,297,141,106
713,295,143,105
713,293,146,104
713,290,148,103
712,285,147,105
712,281,146,108
709,284,155,104
711,279,160,109
711,278,152,105
708,276,156,104
705,274,160,103
704,271,157,102
703,269,155,101
702,267,153,101
699,265,156,101
696,263,159,101
694,262,162,101
693,261,157,101
691,259,158,101
688,258,158,101
686,257,158,102
683,256,158,102
679,255,158,98
676,254,158,94
673,254,163,95
670,254,169,97
667,254,175,99
664,254,176,99
658,254,175,98
660,253,175,98
659,254,174,96
653,255,176,97
651,255,179,94
649,257,178,94
644,257,181,90
641,258,183,87
640,260,190,88
642,256,185,86
641,255,187,86
640,251,186,87
643,249,186,85
638,247,192,86
636,248,194,84
632,245,206,83
632,249,206,77
627,250,210,74
631,249,206,77
623,251,213,76
624,251,211,73
630,254,207,72
630,258,210,71
632,260,208,69
633,265,210,68
627,261,218,75
627,261,217,77
625,260,220,76
621,263,224,74
619,267,225,69
617,267,227,71
614,269,226,65
614,270,228,65
610,270,234,67
612,270,233,68
610,272,236,69
604,272,242,72
607,272,240,72
607,275,244,70
611,279,238,66
612,282,241,62
612,283,241,61
613,285,242,60
612,285,244,61
612,285,245,60
613,284,245,60
609,284,248,61
604,285,250,63
602,284,248,68
598,288,249,70
596,289,251,64
592,291,253,63
590,293,248,66
588,290,243,69
578,288,246,71
571,284,244,75
574,283,241,80
568,282,240,79
563,274,244,85
561,270,245,85
562,269,242,85
565,264,239,89
565,263,240,89
571,260,238,92
577,256,236,94
585,256,236,94
592,255,235,111
603,260,229,108
607,262,224,107
611,264,220,107
619,267,220,111
624,268,221,116
634,273,216,116
640,276,216,118
639,278,218,116
638,280,222,122
637,286,226,121
642,287,226,125
651,291,225,124
655,298,215,125
658,298,213,124
657,299,217,129
649,301,221,138
659,301,205,163
673,301,182,160
671,301,180,156
671,300,179,153
669,301,176,145
654,286,188,160
650,284,185,150
647,277,185,159
646,275,180,149
647,277,179,147
646,275,176,146
647,273,175,144
648,272,170,144
650,274,169,140
651,279,168,135
644,277,177,139
648,282,174,132
651,287,172,127
651,292,173,117
650,296,170,113
652,299,163,107
652,299,164,107
653,301,159,103
655,300,152,103
652,302,151,98
648,303,151,98
645,305,150,94
645,305,149,96
646,308,144,96
642,310,145,94
641,312,144,94
639,314,142,96
639,315,139,94
640,315,137,96
638,317,135,96
636,316,133,98
634,317,132,96
634,318,131,96
637,317,129,96
636,317,129,95
634,317,131,92
635,315,131,91
637,316,128,95
581,107,289,426
577,118,295,418
574,121,295,411
573,129,287,412
586,134,288,418
571,137,295,425
577,153,295,415
592,161,297,408
592,162,294,403
610,169,285,396
617,176,295,393
626,178,293,392
620,173,315,398
629,173,300,391
629,179,307,386
634,176,304,379
636,169,304,385
623,163,317,386
623,165,326,384
605,146,320,400
607,146,319,402
604,141,319,413
611,137,321,420
