437,98,203,435
445,105,195,426
448,116,193,426
445,123,196,420
443,141,199,403
441,159,202,386
439,177,205,370
437,195,209,353
436,209,205,340
436,213,200,335
437,218,196,331
432,220,199,326
428,223,203,322
423,226,206,317
419,229,210,313
414,232,213,308
415,238,211,307
416,244,209,306
418,250,207,305
416,257,212,303
418,258,210,311
419,258,207,310
420,259,205,310
416,261,204,311
419,260,212,308
418,256,211,308
417,252,211,308
416,248,211,308
415,245,211,308
412,239,209,306
410,234,208,304
408,222,210,313
407,220,213,311
405,219,216,310
404,214,218,312
402,209,220,314
401,204,222,316
399,199,224,318
398,194,226,320
396,189,227,322
395,185,229,322
394,179,230,323
394,174,232,325
394,169,234,327
393,164,236,329
393,159,238,332
393,153,239,335
392,148,241,338
392,143,243,341
392,138,245,344
392,133,247,347
393,133,249,348
394,134,250,350
396,134,253,351
397,135,255,353
399,136,257,355
400,136,259,356
401,137,260,358
403,137,263,359
404,138,265,361
406,139,267,363
406,136,270,366
406,134,273,369
407,132,276,372
407,130,279,376
408,128,282,379
408,126,285,382
408,125,286,385
409,124,287,388
409,123,288,391
410,122,289,394
409,121,292,400
409,120,296,406
409,119,299,412
409,119,303,418
408,118,307,424
408,117,310,430
408,117,314,436
408,116,317,442
408,120,321,448
409,124,325,455
406,127,330,454
403,140,335,452
400,152,339,451
395,145,338,457
389,138,337,463
384,131,335,469
375,129,338,471
366,126,341,474
353,112,341,476
344,107,341,479
338,107,342,480
332,107,344,481
326,107,345,482
320,115,352,482
315,124,359,482
316,133,360,482
317,142,362,483
318,152,364,483
319,161,366,483
324,174,367,483
323,185,373,483
322,197,380,484
321,209,387,484
320,214,390,483
319,219,392,481
318,223,395,480
312,216,400,479
306,209,405,479
300,201,410,478
299,185,417,487
297,185,423,484
290,178,430,481
283,170,436,479
276,163,443,476
269,156,449,474
262,149,456,471
262,147,462,470
262,145,468,469
262,143,474,468
263,141,481,468
268,138,484,471
273,136,488,474
278,133,492,477
283,131,502,480
288,128,513,483
287,131,527,481
286,134,541,480
285,137,555,478
284,140,569,477
284,143,584,476
298,146,572,478
284,150,609,475
283,154,621,475
283,158,634,474
283,161,646,474
283,165,659,474
283,168,671,473
282,172,684,473
282,176,696,472
277,177,708,448
271,179,713,452
265,181,722,446
267,194,731,427
259,194,713,430
247,196,712,429
236,197,710,425
232,201,706,427
227,197,723,434
223,196,708,415
220,196,741,430
226,189,728,430
233,184,725,423
239,186,719,426
245,189,732,431
251,189,747,438
258,188,754,450
264,172,773,480
270,159,771,501
277,147,770,523
283,121,775,566
239,91,804,605
195,67,820,643
159,49,829,557
129,47,829,503
137,47,821,494
128,62,805,466
120,73,779,423
103,89,789,448
104,105,787,450
104,121,785,451
104,116,784,463
124,139,793,482
134,153,792,459
154,161,791,456
164,160,776,453
170,159,775,458
169,161,775,452
163,151,775,458
157,141,775,464
151,133,771,469
139,121,762,468
138,101,742,484
134,102,742,482
132,90,732,493
138,81,719,492
148,80,701,489
159,80,684,486
169,84,666,480
169,84,671,480
169,84,664,478
159,89,667,467
152,84,646,470
471,181,249,149
470,179,252,145
469,178,255,144
468,176,258,142
467,175,261,140
467,173,262,138
466,172,263,136
465,170,264,134
464,169,261,132
463,169,272,130
461,169,282,128
460,169,293,126
461,171,293,126
462,173,294,126
464,175,294,127
465,177,295,127
467,181,290,125
466,184,290,123
465,188,291,122
464,192,292,121
464,194,297,121
463,198,313,122
451,200,321,124
444,200,324,123
438,201,328,122
432,201,332,121
426,202,336,121
420,203,340,120
410,203,343,118
401,204,347,117
394,205,351,113
388,209,351,108
389,209,349,107
387,211,345,105
375,215,352,100
372,215,346,101
368,218,342,95
366,217,331,93
366,218,330,94
357,220,334,89
351,215,344,90
355,213,337,82
356,211,335,82
368,209,331,79
366,210,330,78
390,208,305,73
383,206,328,76
398,203,317,75
421,201,305,73
419,201,309,75
415,200,313,75
429,201,294,72
434,206,292,70
447,212,280,68
448,216,288,69
458,220,271,69
458,221,272,68
463,228,262,64
463,230,257,68
460,228,254,70
462,230,252,69
457,231,245,72
455,232,249,72
458,231,240,69
458,227,237,73
461,231,230,68
458,229,233,68
461,229,225,68
463,229,226,68
459,230,229,67
462,231,225,70
457,230,226,69
458,235,224,68
458,236,223,68
455,236,222,68
453,237,221,68
450,238,220,68
448,239,219,68
439,236,216,72
432,238,211,69
432,239,214,66
421,239,204,66
410,237,201,67
399,236,199,68
388,235,197,69
379,235,195,70
378,235,194,71
369,235,193,71
360,235,191,72
353,235,193,75
351,233,183,80
349,235,179,74
349,236,178,77
344,235,177,77
337,236,182,80
330,237,183,81
331,238,178,82
331,235,172,85
332,237,172,83
331,236,167,85
326,237,170,84
329,233,162,88
334,232,155,88
334,229,156,92
334,229,157,93
337,228,155,92
339,227,156,91
349,226,149,90
358,226,145,87
366,226,141,89
365,229,145,84
380,232,137,82
393,234,130,81
406,236,124,80
420,238,118,79
428,241,117,78
437,243,116,78
446,245,114,77
449,248,119,80
460,251,116,80
468,255,116,81
479,265,112,81
480,262,108,83
497,266,102,80
508,273,96,80
519,281,92,75
529,281,85,76
541,284,88,73
541,282,87,77
549,278,84,80
559,276,82,80
565,273,82,80
572,270,82,81
578,267,82,82
581,266,82,82
584,265,82,83
587,265,82,84
591,264,82,85
596,263,81,84
601,263,80,83
601,263,79,82
605,262,80,81
609,263,80,79
614,263,80,79
616,264,81,78
621,266,81,78
622,266,82,77
630,267,78,80
633,270,79,78
636,271,80,80
646,271,75,85
645,274,82,80
646,274,82,81
652,274,79,83
655,275,81,79
660,273,79,79
665,270,78,82
570,119,428,477
571,113,422,480
575,104,423,482
573,108,433,468
570,107,438,465
580,110,432,460
574,111,438,462
574,112,436,458
568,115,444,465
562,123,444,461
552,126,455,465
539,130,452,466
525,136,451,467
525,134,459,466
512,141,459,475
502,149,458,481
493,156,459,487
479,164,466,489
469,172,460,492
470,171,462,495
456,185,483,490
445,185,471,497
433,192,474,495
421,193,477,498
416,193,475,499
416,194,477,499
410,188,474,507
418,183,460,511
418,174,456,516
422,167,444,528
432,164,425,528
430,165,420,518
435,152,407,522
440,140,400,530
447,123,395,553
446,116,399,556
446,117,399,566
456,114,393,570
434,119,418,572
406,126,451,577
395,137,468,582
383,148,481,569
392,164,482,550
393,164,478,552
388,187,493,532
