421,285,152,163
404,278,168,168
392,266,178,184
385,261,190,183
385,257,197,184
383,254,205,189
383,251,212,191
381,247,221,190
379,244,229,190
378,241,236,191
377,238,244,191
376,233,254,189
376,233,259,188
369,222,275,193
365,224,291,186
366,222,301,188
367,221,303,189
369,219,307,189
370,218,317,190
374,220,316,198
373,216,324,191
368,215,337,191
365,216,341,189
358,210,345,188
348,207,349,187
337,203,352,186
325,199,355,185
317,197,365,186
309,195,375,186
302,194,385,187
305,193,386,184
297,196,395,182
295,195,399,179
299,196,402,177
296,196,406,174
298,195,411,171
301,195,417,169
307,197,417,167
317,202,434,164
320,203,431,162
326,204,428,159
307,208,451,147
310,203,455,157
326,208,438,155
335,206,439,153
336,207,438,147
338,208,438,142
340,209,438,137
347,212,440,132
354,216,442,127
362,220,445,123
386,231,436,119
385,230,435,119
398,236,431,118
406,236,429,118
412,237,421,121
426,237,404,123
415,235,408,122
416,238,412,122
408,230,406,127
392,227,417,123
391,228,403,123
386,223,400,124
379,223,400,124
379,221,396,126
370,218,399,123
375,225,389,123
380,231,373,125
383,238,370,122
386,245,367,120
385,245,364,118
389,251,352,119
393,257,340,119
397,263,328,120
398,270,325,118
398,271,316,116
399,272,310,115
400,273,303,114
401,274,297,113
405,271,289,112
409,269,280,111
413,270,274,110
417,272,268,108
422,274,262,106
426,276,256,105
433,283,248,105
440,290,240,105
448,297,233,105
453,303,228,99
458,309,224,99
464,315,220,99
472,322,214,97
480,330,208,95
488,338,202,93
488,339,201,95
492,344,200,97
500,351,194,95
509,358,188,94
518,364,183,95
527,371,178,96
526,373,174,94
534,376,172,94
542,380,171,94
550,383,163,94
558,387,155,95
560,391,151,94
563,391,148,95
564,400,147,98
565,410,138,97
568,422,129,100
571,434,117,105
571,447,119,93
570,450,117,90
570,461,117,87
563,466,117,85
562,471,114,82
565,475,114,87
562,477,109,83
566,478,109,84
559,478,110,82
552,472,117,87
550,469,109,87
548,466,107,87
547,463,105,87
545,461,102,87
542,456,102,89
539,451,102,90
536,447,102,92
533,442,102,94
532,439,101,94
532,436,99,94
532,434,98,95
531,429,97,98
533,425,96,100
