703,201,190,400
702,205,190,395
700,210,190,391
699,209,188,391
697,212,191,388
696,215,190,384
694,221,190,378
693,227,190,372
691,233,190,365
690,238,190,359
688,244,190,353
689,248,193,346
690,252,195,339
691,269,198,319
685,284,200,306
687,284,203,302
687,279,200,301
688,291,208,294
691,289,210,290
696,280,205,290
697,284,215,282
699,281,218,283
700,280,220,283
702,277,227,284
712,273,229,284
721,273,224,278
719,269,227,280
717,264,230,282
717,261,229,288
714,256,234,288
711,251,240,287
710,248,241,288
703,244,248,285
702,232,248,287
701,234,248,288
694,234,252,284
695,226,251,287
696,224,250,289
697,222,250,292
697,220,249,295
698,218,248,297
697,215,248,300
695,211,248,303
693,208,248,306
692,204,248,309
690,201,248,312
688,197,248,315
687,194,248,318
685,190,248,321
683,187,248,324
681,183,252,326
679,180,256,329
677,183,259,325
675,178,275,328
671,180,283,330
669,175,284,332
667,170,286,335
665,165,288,338
663,160,290,341
661,155,292,344
660,150,294,347
660,147,297,350
659,143,300,353
659,140,303,356
658,136,306,359
657,133,310,361
657,129,313,364
656,126,316,367
656,122,319,370
655,119,322,373
654,115,325,375
655,112,330,380
656,108,335,385
656,105,340,390
657,101,345,395
657,98,351,399
658,94,356,404
659,91,361,409
659,87,366,414
660,84,371,419
660,80,376,423
666,77,373,433
666,79,383,434
666,76,386,440
665,72,389,445
665,63,392,456
665,65,396,456
664,62,399,462
664,58,402,467
664,55,406,473
663,51,409,478
662,52,413,482
660,53,416,486
655,59,412,495
654,59,417,498
653,59,422,501
652,59,426,505
651,59,431,508
650,59,436,511
649,59,441,514
645,60,442,514
641,61,444,515
637,63,445,516
646,51,445,517
636,47,446,518
631,51,448,518
626,55,450,519
620,59,452,519
611,60,453,519
608,66,455,520
605,72,457,520
597,74,461,515
590,77,465,511
582,80,469,507
575,83,473,502
567,86,477,498
560,88,481,494
552,91,485,489
545,94,489,485
537,97,493,481
530,100,497,477
529,99,497,474
529,99,498,472
529,98,498,470
528,98,499,468
528,97,499,466
528,97,500,464
527,96,500,462
527,96,501,460
527,96,502,458
524,100,503,456
506,98,520,453
488,97,538,450
470,96,555,447
453,95,573,445
434,95,590,442
415,96,608,439
397,97,626,437
377,98,643,434
358,99,661,430
339,101,679,428
321,105,681,428
318,103,683,427
315,102,685,426
313,101,687,425
310,100,689,424
308,99,692,424
310,99,694,423
312,100,696,422
314,100,698,421
317,101,701,421
309,110,724,428
301,119,783,434
204,150,898,430
201,153,916,433
209,174,929,428
205,202,972,425
197,222,979,430
210,211,964,449
241,186,931,485
238,186,935,487
277,164,906,531
331,134,893,578
424,101,828,618
438,92,842,627
442,93,837,532
442,93,835,537
454,99,825,572
453,122,826,593
452,144,827,558
451,166,828,553
472,176,794,544
468,177,802,543
487,189,772,519
508,190,750,514
528,189,712,492
541,197,688,457
544,198,678,453
547,199,668,450
564,206,636,423
577,218,620,409
583,227,600,403
589,236,581,398
583,247,580,391
586,254,575,386
588,261,569,381
591,268,564,377
527,259,254,167
522,258,258,165
518,257,262,164
513,256,266,163
509,255,270,162
505,255,274,161
489,254,289,162
482,254,296,160
475,253,303,158
478,254,303,157
467,256,312,155
460,253,322,153
454,251,333,152
447,248,344,151
446,247,348,151
444,245,351,151
446,240,355,153
446,238,366,150
444,235,373,150
442,232,381,151
441,233,399,149
442,235,395,142
448,237,398,141
447,243,409,141
452,250,413,135
459,259,422,137
461,271,428,131
462,269,428,135
466,284,443,135
470,298,448,133
477,314,443,131
464,324,466,129
464,328,465,131
465,333,469,129
454,339,473,128
444,345,478,127
434,350,482,120
420,349,486,121
408,355,489,121
406,355,493,117
396,358,496,126
381,360,507,134
373,366,511,137
370,369,512,137
367,373,512,137
364,376,513,137
361,380,514,138
358,381,525,143
363,381,525,144
366,377,527,144
375,370,522,150
380,370,516,150
391,363,517,164
397,360,522,165
409,358,522,163
412,355,524,172
412,357,529,178
411,356,526,181
410,364,522,178
401,368,528,184
393,380,526,172
372,387,526,178
357,388,523,180
353,385,523,187
342,385,516,188
327,380,513,187
315,368,507,187
303,356,509,184
292,336,504,193
294,339,503,183
282,324,507,181
275,303,499,182
273,293,494,184
273,289,491,181
283,287,483,183
283,286,482,184
288,292,478,181
300,305,475,168
314,316,469,171
329,327,462,169
347,335,452,169
351,334,444,171
370,336,436,166
390,338,429,161
409,341,422,157
429,343,415,152
439,337,408,151
450,330,400,150
460,324,393,149
465,309,391,150
477,309,375,142
481,302,368,136
484,298,357,137
484,300,360,132
489,294,345,135
488,295,337,133
490,296,327,133
492,303,318,130
482,313,320,129
478,312,323,129
477,325,320,126
483,331,305,123
487,331,299,123
491,331,292,122
495,331,286,122
499,331,280,122
503,331,274,122
507,331,268,122
513,331,262,123
520,330,255,124
526,330,249,126
524,333,249,124
533,336,239,125
542,340,229,126
548,347,224,125
553,353,219,125
558,360,213,124
561,363,208,124
566,366,202,124
573,376,195,123
576,381,187,123
579,386,179,123
581,393,174,121
582,394,174,118
585,403,166,115
589,412,151,110
593,422,148,114
590,432,133,115
598,439,119,116
595,440,118,114
592,441,118,113
582,445,124,104
579,445,124,101
577,445,124,97
577,443,120,98
577,440,117,98
577,437,113,99
577,434,110,99
577,431,106,100
577,428,103,100
577,426,101,99
575,421,100,101
574,417,100,103
573,412,100,106
572,408,100,108
571,403,100,110
569,403,97,107
568,403,97,106
568,403,95,107
568,403,93,108
569,404,91,110
570,409,90,104
571,409,89,103
572,410,89,103
573,410,88,103
574,410,87,102
575,410,87,102
576,411,86,102
573,411,88,100
573,411,88,102
576,410,86,105
487,79,506,592
494,92,502,603
493,109,506,591
493,126,511,579
492,129,516,581
492,132,520,583
491,135,525,585
496,127,506,583
496,122,509,589
491,118,514,594
483,124,532,592
486,117,519,600
488,121,532,598
498,132,520,586
506,148,513,568
522,158,496,559
527,160,497,558
547,174,467,543
563,193,453,525
568,208,443,508
616,224,402,495
631,233,370,483
634,233,369,482
646,246,361,467
654,255,342,457
654,259,342,454
654,259,341,461
652,257,346,454
654,256,346,458
649,244,352,469
648,243,354,476
646,218,357,494
644,204,369,515
