322,208,256,464
324,208,260,471
326,208,262,463
328,208,264,454
330,208,266,446
333,209,269,437
335,209,271,429
337,209,273,420
342,195,263,417
340,188,264,409
337,183,269,407
341,181,269,400
346,177,267,389
344,176,269,398
347,172,272,396
350,169,275,394
353,166,279,392
356,163,282,390
359,160,286,388
362,157,289,386
365,154,293,384
372,146,279,378
370,141,280,372
375,136,277,370
376,130,280,367
378,125,278,371
377,121,278,368
383,111,269,367
387,115,268,357
388,109,273,363
390,121,276,360
394,119,267,362
396,124,268,359
398,126,269,359
402,128,271,360
401,128,270,363
395,130,278,364
395,131,277,363
392,132,279,366
388,136,279,368
385,146,283,360
383,143,279,366
379,146,284,365
377,143,286,367
371,146,285,366
363,144,285,367
355,139,288,370
346,137,288,370
338,134,284,369
343,138,281,365
330,136,288,365
328,131,281,367
322,126,285,369
320,123,281,368
315,122,279,374
315,121,277,374
307,119,278,373
302,117,278,374
301,119,273,373
297,119,278,372
291,118,285,378
285,115,288,372
285,111,285,375
287,109,280,372
279,110,284,373
276,114,288,376
274,110,284,363
276,108,281,366
274,107,279,365
279,105,277,361
280,100,277,370
291,95,264,370
288,102,278,373
294,103,266,365
294,105,262,368
299,108,263,370
312,116,254,365
319,124,258,361
328,130,252,362
329,131,254,364
331,136,258,366
336,140,257,363
342,145,257,361
347,149,257,359
352,140,257,357
351,143,259,355
353,144,260,346
360,143,258,344
367,150,256,334
370,152,261,335
374,160,264,335
369,160,276,342
377,160,272,333
381,160,279,335
371,159,291,331
354,159,308,347
332,159,339,371
332,159,347,365
281,159,390,379
230,158,456,420
178,158,527,467
112,154,641,565
41,179,789,540
42,147,832,573
34,180,885,539
25,213,938,506
143,247,905,472
316,332,900,387
477,351,791,368
483,365,770,354
614,380,573,339
659,376,489,309
686,373,337,244
688,369,283,204
708,366,225,172
707,360,213,175
718,348,188,156
724,343,150,140
709,346,141,128
705,346,119,120
700,345,109,111
702,345,106,111
696,343,103,110
690,342,98,108
684,344,96,104
679,343,94,109
668,343,101,105
669,340,97,106
660,335,90,104
651,328,84,105
643,321,78,107
625,313,86,111
613,307,86,114
607,299,90,115
602,292,94,117
597,285,99,118
597,269,96,128
597,258,96,136
600,254,98,137
601,249,96,141
604,250,104,142
610,247,106,148
614,236,110,163
617,228,107,173
615,213,111,191
614,211,116,191
598,197,126,216
585,182,133,235
586,167,127,267
583,146,131,305
584,132,138,341
583,125,134,347
566,106,149,379
547,89,171,384
533,74,190,425
510,64,215,450
487,55,248,464
487,57,246,462
458,57,292,478
428,49,340,501
409,60,375,521
384,72,417,528
351,76,467,536
348,75,470,533
327,84,510,553
306,84,551,561
292,81,575,572
277,81,610,589
267,96,631,595
264,97,634,596
263,108,652,605
263,105,665,604
263,104,678,602
263,103,692,599
263,94,705,605
254,88,720,608
244,81,736,612
234,74,751,615
196,81,789,615
173,87,797,613
171,102,777,593
169,105,782,593
163,103,763,568
172,113,739,559
172,102,735,543
172,85,719,529
158,61,707,524
165,65,695,522
163,44,683,520
171,54,672,504
