544,194,172,413
540,195,174,414
537,202,172,401
540,204,165,396
540,210,167,385
545,214,165,374
545,215,170,369
548,216,165,367
546,217,169,360
550,216,171,357
551,216,175,349
550,208,182,352
548,206,181,351
550,205,180,352
546,206,183,346
547,204,187,342
549,203,185,342
548,202,185,341
548,201,184,341
547,200,183,340
547,199,183,340
543,198,185,338
543,196,186,339
542,194,187,338
542,192,188,339
541,190,189,338
541,189,190,339
542,189,190,342
546,192,189,338
547,191,191,338
553,191,185,345
553,191,186,345
553,191,188,345
553,191,190,345
553,191,192,345
553,191,194,345
553,191,196,345
553,191,198,345
553,191,200,345
560,190,200,345
567,189,199,345
574,188,199,345
581,187,199,346
585,187,199,343
588,187,201,343
591,187,203,342
595,187,205,341
598,187,207,340
601,187,209,339
604,186,209,337
611,185,209,335
620,184,208,334
628,182,209,332
640,183,211,333
647,177,216,339
648,179,216,336
650,174,216,339
650,172,220,344
651,172,221,346
648,174,225,344
650,178,223,344
649,177,224,344
649,176,225,345
649,175,226,346
649,174,227,347
649,173,228,348
646,173,229,350
644,173,230,352
641,173,231,354
635,177,231,357
630,181,230,360
624,185,230,362
619,189,229,365
617,190,224,362
616,187,227,361
614,188,227,353
611,188,227,355
608,189,223,349
604,189,222,349
601,190,222,348
598,190,221,347
593,195,220,345
588,200,220,343
583,206,220,341
582,208,220,337
582,210,220,332
581,212,220,327
580,214,221,323
586,208,221,318
591,203,221,313
596,198,221,308
597,198,221,305
603,196,222,302
608,194,222,299
614,192,223,296
619,190,223,292
623,192,223,292
627,194,223,291
635,196,225,290
644,198,227,289
652,200,230,289
655,202,233,289
657,204,236,289
660,207,240,290
663,215,243,289
666,224,247,288
670,232,251,288
671,238,253,287
672,244,255,285
673,250,257,284
674,256,259,283
680,259,263,280
686,263,266,277
693,266,270,274
699,270,274,271
699,270,280,272
698,270,286,272
698,269,293,272
698,269,299,273
697,269,305,273
693,267,313,266
694,264,320,266
694,261,327,266
694,257,334,266
694,253,341,266
694,250,348,266
693,246,356,266
693,243,363,266
697,235,370,266
701,228,377,266
705,221,384,266
690,218,404,278
669,220,428,274
662,222,441,273
642,223,465,282
627,227,485,289
611,230,507,293
597,218,526,323
567,199,559,356
566,195,566,370
551,192,587,385
527,175,602,408
514,156,658,478
466,121,764,565
445,114,792,569
446,120,784,562
417,115,828,524
381,131,851,467
334,142,884,476
326,159,812,465
318,176,740,455
318,181,733,448
339,186,666,435
348,203,612,416
385,213,535,388
401,221,497,370
431,223,455,355
432,224,453,350
449,223,439,350
455,215,457,356
507,223,443,357
543,216,428,361
589,217,423,372
582,219,425,371
599,224,421,373
616,230,416,376
634,236,412,379
