779,244,128,94
777,243,129,94
775,242,130,95
773,241,131,96
772,240,133,96
770,239,134,97
768,238,135,98
762,237,139,99
755,236,143,99
749,235,147,100
743,234,151,101
740,235,156,101
733,234,160,101
726,234,164,101
719,233,168,101
712,233,173,101
705,232,177,101
705,232,178,103
696,231,186,101
687,231,190,101
677,230,194,101
673,226,196,108
669,229,198,99
669,227,197,100
659,231,207,97
655,231,212,93
653,233,214,90
646,233,220,88
639,236,227,85
641,234,226,85
635,236,233,87
636,236,233,85
634,239,239,82
630,241,239,80
629,244,244,77
627,244,243,76
628,246,244,75
627,248,244,73
623,250,253,71
624,251,256,69
625,249,258,69
626,250,257,73
627,250,261,74
629,249,262,71
627,249,265,72
626,246,269,78
624,246,272,78
623,245,273,79
623,246,273,79
623,245,272,80
617,250,279,77
620,253,273,78
620,258,272,78
622,258,268,78
622,261,268,80
619,264,269,86
620,267,268,88
621,270,266,90
623,273,265,91
624,274,263,93
626,276,262,95
633,280,261,93
641,284,253,92
649,287,247,96
655,292,245,94
650,293,250,93
663,294,241,98
670,295,240,99
678,298,228,102
678,297,232,105
681,297,224,105
683,301,220,102
682,301,213,97
677,301,209,106
677,298,200,112
672,297,195,108
668,296,189,110
667,297,189,111
671,292,179,107
662,290,186,112
662,294,172,109
675,298,158,107
678,303,155,109
677,302,155,111
676,310,155,112
684,316,145,106
682,324,140,97
686,332,135,95
682,336,137,94
682,337,136,93
684,334,133,98
685,336,134,96
687,337,133,100
690,340,129,102
690,345,127,97
691,345,124,97
692,352,121,91
696,355,117,89
695,359,116,86
694,362,117,88
695,362,113,89
696,365,107,83
694,366,105,79
693,368,102,78
691,369,100,77
689,369,100,77
689,369,97,77
688,368,97,78
689,369,93,77
686,371,91,75
686,371,88,80
683,376,89,70
682,378,88,68
683,377,87,68
682,381,86,65
681,382,85,66
678,384,84,68
