539,349,147,113
524,346,156,107
525,346,154,106
514,339,152,106
500,334,158,104
492,332,160,105
484,330,161,106
476,329,163,107
473,327,164,108
464,325,166,108
456,324,169,108
447,323,179,107
446,323,176,106
435,319,183,109
435,317,184,109
436,315,186,110
431,318,190,101
428,315,200,101
429,314,199,104
426,312,204,100
427,313,203,102
427,309,203,104
434,305,199,103
437,304,203,101
441,303,207,100
444,303,211,99
447,302,215,98
451,302,219,97
456,302,224,97
462,302,231,93
468,302,237,90
474,301,251,90
475,300,249,92
480,299,253,90
486,296,258,91
486,296,265,90
493,294,266,89
496,293,270,87
494,292,272,88
500,296,275,82
510,292,274,85
508,294,285,81
515,293,288,82
523,292,291,84
520,292,296,81
526,290,301,82
532,285,306,81
539,281,311,81
546,277,316,80
547,274,320,76
550,275,316,77
550,273,326,70
549,272,329,67
541,270,339,67
547,270,334,67
546,268,335,69
544,268,336,69
539,267,341,72
533,265,343,77
523,265,352,78
524,265,347,83
510,271,356,80
513,269,352,83
509,275,350,81
508,285,345,75
507,293,343,70
506,298,344,68
510,297,341,69
511,295,339,70
510,291,344,72
511,290,347,74
528,285,337,77
530,281,340,89
535,281,342,91
540,281,345,92
548,287,334,87
556,292,323,82
565,297,312,77
570,303,307,69
571,308,305,69
570,310,308,70
577,314,303,67
587,317,298,71
597,320,294,76
608,323,290,81
618,326,285,86
626,325,281,88
633,324,277,90
641,323,272,92
649,322,268,94
658,324,264,90
673,322,255,92
671,323,258,90
681,327,250,89
685,334,244,85
687,341,239,78
687,344,232,80
685,348,226,81
684,350,227,81
684,354,220,81
684,363,217,82
690,366,204,78
695,370,198,77
700,374,193,74
702,373,191,74
707,378,183,74
712,383,177,74
717,389,169,74
729,392,160,72
735,399,158,70
732,401,161,72
742,405,150,73
751,410,145,68
759,415,140,70
768,421,136,73
775,428,133,73
775,428,132,72
777,435,127,71
780,442,123,69
783,448,120,71
785,457,116,71
787,463,115,68
789,464,113,67
792,470,106,66
791,478,103,64
802,485,88,66
803,491,84,65
802,495,80,64
801,495,80,62
800,497,74,59
799,500,74,56
801,495,68,59
808,495,68,54
805,495,65,53
804,496,62,51
801,496,59,51
794,495,57,47
792,495,54,47
788,494,51,47
785,495,47,46
785,494,44,47
780,495,45,42
774,496,43,42
767,496,42,41
760,496,43,40
753,498,42,39
753,498,43,39
747,500,41,39
743,502,39,38
738,503,37,38
731,503,39,43
725,507,40,38
725,507,39,38
