275,171,444,547
276,173,444,543
269,176,444,540
268,188,461,531
277,180,456,539
276,185,467,534
288,189,467,530
300,193,469,526
328,198,448,518
323,201,454,518
326,205,453,514
323,206,456,513
321,206,458,513
301,206,476,513
310,206,461,513
312,207,457,512
311,207,459,512
308,207,452,512
304,208,453,511
309,208,455,511
300,208,472,511
294,205,491,514
285,213,518,506
273,214,534,505
243,202,568,517
227,194,595,525
189,191,649,528
154,184,705,535
154,184,706,535
117,181,763,538
80,178,820,541
51,176,897,543
13,191,948,528
0,197,959,522
1,201,959,514
3,214,953,505
5,227,939,492
0,241,988,478
4,254,978,457
9,279,968,423
13,280,958,413
61,289,899,397
108,297,840,367
156,306,781,353
203,314,721,338
322,338,605,324
330,343,589,310
370,349,534,295
409,354,479,281
449,360,425,266
465,360,403,257
481,361,382,247
490,362,366,243
507,363,345,233
540,363,299,223
558,364,274,205
572,365,255,197
586,366,240,189
585,367,240,184
606,367,217,171
627,368,194,164
640,369,184,149
652,370,173,145
675,371,152,138
671,372,158,137
680,373,150,128
690,374,142,124
705,375,128,119
714,376,121,115
729,377,111,111
728,378,110,107
746,377,96,107
757,377,92,105
768,378,89,103
775,379,87,94
787,378,83,92
785,377,86,92
790,377,84,89
799,374,82,86
808,373,79,81
819,375,68,79
826,372,65,77
827,372,64,77
835,370,61,75
842,370,59,72
850,371,57,69
857,369,56,67
865,368,53,64
863,368,56,64
870,366,53,64
877,368,50,61
882,367,47,62
886,367,47,61
892,366,45,59
891,366,46,60
898,365,45,56
903,365,44,57
911,365,42,53
913,365,42,55
919,366,40,52
919,367,39,50
924,367,38,49
930,367,39,47
935,366,39,48
941,369,37,48
403,159,29,38
403,158,29,36
405,161,28,37
406,162,29,37
406,163,29,37
407,164,29,37
407,165,29,37
408,166,29,37
408,167,30,38
408,167,30,37
409,168,29,36
411,170,29,35
411,170,29,35
410,170,29,35
410,170,29,35
410,169,29,35
411,169,28,35
410,169,28,35
410,169,29,36
410,169,30,37
411,171,30,37
412,173,30,37
414,174,29,38
415,176,29,38
416,178,29,38
417,180,29,38
418,182,29,39
418,185,30,40
419,188,30,40
420,191,30,41
419,191,30,41
418,192,29,42
415,193,30,44
413,194,31,46
410,195,32,48
407,195,34,49
405,196,35,51
402,198,36,52
400,199,36,53
397,200,37,54
395,202,38,55
393,203,38,58
391,204,39,62
390,205,40,59
388,208,42,61
385,210,44,63
383,212,46,67
380,210,49,73
378,210,50,71
379,209,50,76
377,208,53,82
373,205,58,87
370,201,62,94
367,196,65,100
365,192,70,110
364,191,71,112
358,190,78,115
349,179,93,135
336,168,105,148
315,150,130,175
286,137,162,198
279,122,165,211
231,112,235,257
139,79,331,348
27,50,441,458
0,114,571,541
0,141,821,579
0,142,825,578
0,177,1155,543
0,198,1280,522
310,212,967,507
551,221,728,495
695,238,532,388
696,243,529,380
748,264,370,306
760,289,265,251
737,320,218,206
726,339,170,176
712,355,142,152
708,363,144,147
703,370,113,130
695,377,109,120
691,378,98,112
684,379,92,107
673,378,91,104
673,379,91,103
665,373,85,105
660,363,83,111
651,346,79,124
636,333,81,133
624,316,86,149
621,315,90,152
616,299,87,168
611,283,85,185
614,272,84,192
615,266,84,204
616,262,90,216
613,258,95,218
615,257,101,213
617,255,114,217
617,250,128,215
344,183,261,267
354,167,270,267
357,170,270,263
363,155,283,262
375,150,287,251
380,143,303,250
393,137,310,243
403,129,321,241
407,129,317,246
424,121,318,245
442,121,325,241
452,110,339,249
456,110,342,244
460,111,346,240
464,112,349,235
468,113,352,231
473,109,352,233
468,108,360,242
466,118,364,231
464,119,368,229
462,121,372,228
461,123,377,227
462,128,378,224
463,133,380,221
460,138,386,213
457,144,392,206
458,143,391,209
446,149,399,204
442,154,404,198
442,156,404,200
438,159,401,198
434,160,401,193
428,160,405,188
424,161,399,184
413,165,397,180
404,169,396,176
393,176,394,171
388,182,393,167
383,189,392,164
378,195,384,160
374,202,377,157
368,210,375,149
363,219,367,143
364,223,360,139
366,228,354,135
367,233,348,131
369,238,342,127
373,241,333,117
377,244,324,115
382,247,313,107
386,247,309,107
387,251,301,93
396,251,289,89
399,252,284,85
408,251,274,84
412,249,268,81
413,249,267,82
419,248,256,79
421,245,251,76
428,245,242,73
430,242,241,72
435,241,231,70
434,241,232,70
442,238,224,67
447,237,217,67
453,237,211,65
455,236,210,65
462,235,201,65
461,235,203,65
465,240,199,63
472,242,190,64
472,248,184,60
475,252,181,57
480,255,174,57
480,255,174,56
484,258,170,54
487,260,166,52
492,263,162,52
495,266,159,51
502,267,152,53
504,268,152,53
505,277,146,48
504,278,145,50
500,280,147,52
496,285,148,53
494,286,145,54
494,287,147,53
490,289,148,53
490,291,143,52
488,292,145,54
481,292,151,53
482,291,142,53
481,290,146,56
478,288,140,54
473,287,142,52
474,285,139,53
466,284,138,54
466,282,136,53
467,280,135,52
462,279,133,52
457,277,132,51
453,276,130,52
449,276,129,52
446,276,127,52
445,277,124,49
442,280,124,51
438,282,123,52
434,285,122,53
431,288,122,55
435,295,113,53
435,295,116,57
437,304,112,54
439,313,111,55
441,322,109,55
442,331,102,60
442,341,97,60
441,343,97,60
445,352,98,60
447,365,94,60
451,373,95,63
455,387,89,61
461,395,88,61
462,397,89,61
468,406,84,64
474,415,84,64
478,427,84,64
486,434,81,66
494,446,81,66
498,446,77,65
504,452,74,66
514,467,75,63
524,479,74,60
534,492,74,58
555,505,62,53
554,507,63,52
563,514,60,54
569,523,66,54
578,528,74,55
589,536,75,53
607,543,62,44
609,542,62,46
625,546,63,46
641,549,61,47
656,550,65,49
674,554,73,50
690,558,71,49
694,557,71,50
712,557,70,51
729,560,72,49
742,557,82,51
768,556,67,52
784,560,74,46
787,559,71,48
816,558,66,49
835,556,65,51
853,555,67,50
874,555,71,49
895,553,63,49
894,552,64,50
915,551,62,51
933,549,67,51
953,546,65,50
973,543,64,48
993,539,61,48
994,539,62,47
1014,534,61,48
1033,530,62,48
1053,524,59,49
1069,517,63,51
373,24,421,507
369,23,428,503
368,22,434,514
371,17,435,526
379,13,435,538
391,7,436,552
396,8,447,560
394,9,450,557
404,10,448,571
416,19,453,575
429,37,460,562
435,45,459,556
436,51,464,562
436,52,464,556
437,55,468,559
434,55,476,564
430,54,482,564
431,50,477,572
425,45,487,574
428,41,484,581
431,44,483,562
427,32,481,568
421,29,486,566
404,27,496,567
398,27,498,574
404,26,491,579
402,34,493,572
401,37,491,586
