380,1,683,715
360,0,702,717
341,0,721,719
322,0,739,719
302,0,757,719
306,0,770,719
282,0,781,718
252,0,835,718
222,0,889,719
192,0,942,719
186,0,972,720
182,0,988,720
178,0,1004,720
189,0,1005,720
205,0,1001,719
221,1,997,718
238,2,993,717
247,5,995,714
269,37,986,682
290,69,977,650
312,101,967,618
325,137,953,581
339,173,940,545
345,177,933,542
342,219,936,499
338,261,939,456
337,279,939,438
337,297,939,420
336,315,940,401
336,333,940,383
335,351,940,365
335,359,945,360
298,350,981,369
262,329,1018,390
208,312,1071,407
213,315,1066,404
252,312,952,407
292,312,812,407
332,325,706,394
371,339,600,380
417,349,488,370
422,359,480,360
433,369,430,345
444,380,380,331
462,395,337,299
480,411,294,267
498,427,251,235
504,433,234,219
510,439,217,204
516,445,196,188
523,451,174,172
523,462,156,154
710,126,102,154
707,129,103,155
704,131,103,156
701,134,104,157
698,137,105,158
695,139,105,159
692,142,106,160
689,144,106,161
686,147,107,162
683,150,108,163
679,152,108,164
677,157,109,164
674,161,109,164
672,166,109,164
670,168,110,164
668,171,110,164
666,174,111,164
664,177,111,164
662,179,111,164
659,182,112,164
657,180,112,164
657,177,113,167
656,174,114,169
655,171,115,172
655,168,117,174
654,165,118,176
653,162,119,179
653,159,120,181
652,156,121,184
651,153,122,186
650,150,123,188
651,150,124,189
651,150,125,191
651,150,126,192
652,149,127,193
652,149,128,194
652,149,129,195
653,149,129,197
653,149,130,198
653,148,131,199
653,148,132,200
654,147,133,201
654,146,133,202
654,145,134,202
655,144,134,203
655,143,135,204
655,147,135,204
655,151,136,205
655,155,136,206
655,158,137,207
654,162,137,207
653,165,137,208
651,168,138,209
649,171,138,209
647,174,138,210
645,177,139,211
643,179,139,211
641,182,139,212
637,183,140,213
633,184,140,214
629,185,140,214
630,181,142,215
630,178,143,216
631,174,145,217
631,170,147,218
635,166,145,217
639,162,143,216
643,158,141,214
646,149,141,214
649,140,141,214
652,131,141,214
654,132,142,213
655,132,142,212
657,133,143,212
660,134,142,208
666,140,141,204
672,146,140,200
677,152,139,197
683,158,138,193
689,164,137,189
694,170,136,185
695,176,135,181
696,182,133,178
697,188,132,174
697,191,131,170
697,194,130,167
697,196,130,164
697,199,129,160
697,202,128,157
696,204,127,154
696,207,126,150
697,206,126,148
699,208,125,146
701,209,124,145
703,211,123,143
705,212,122,141
707,213,121,139
709,215,120,137
711,216,119,135
713,218,118,134
714,219,121,128
721,220,123,128
727,222,125,127
725,220,124,127
730,223,127,126
741,221,126,125
751,222,129,125
764,222,132,124
779,218,135,124
780,218,138,123
797,218,141,122
818,211,138,126
827,210,151,128
837,208,155,132
825,205,182,144
825,206,186,144
817,207,198,148
795,208,226,159
758,210,258,167
720,214,313,193
683,219,367,235
687,220,369,239
642,227,422,278
584,236,503,313
498,262,551,335
404,266,581,344
340,289,549,324
342,292,532,324
291,268,501,342
289,276,459,318
287,285,389,278
292,286,343,285
310,291,296,272
313,291,292,272
323,291,262,250
332,292,239,249
337,292,225,229
337,292,217,222
336,291,208,215
336,291,203,211
335,290,199,207
342,286,190,210
351,283,189,207
360,281,188,204
370,278,187,201
374,280,183,199
383,273,186,200
393,266,189,201
403,260,192,202
405,252,194,205
407,245,196,207
406,245,201,210
400,241,208,218
394,238,216,227
388,235,223,235
377,235,237,251
366,234,252,268
367,238,256,269
368,241,272,278
381,73,309,311
383,76,317,312
386,78,325,312
388,80,333,313
386,74,338,314
398,74,345,315
410,75,352,316
422,75,358,317
435,75,365,318
454,76,366,317
455,76,366,317
473,75,370,315
492,73,375,313
507,69,382,312
523,65,389,311
533,64,389,307
543,63,389,303
560,63,389,293
577,63,389,283
594,64,389,274
611,64,376,269
615,65,373,265
619,66,369,261
622,75,356,250
626,84,344,239
630,92,331,228
627,103,320,220
625,113,309,211
623,123,298,202
614,139,286,189
606,154,274,175
600,162,259,166
601,169,246,155
603,177,233,144
605,184,220,133
599,189,217,124
593,194,215,114
587,199,212,105
595,201,201,100
603,202,190,95
610,203,179,90
616,205,170,84
621,206,161,78
626,207,152,71
629,209,148,67
631,210,144,63
634,212,141,59
636,212,135,55
637,213,130,51
639,214,124,46
635,217,121,43
637,219,117,43
638,222,113,42
635,228,110,39
635,233,109,37
636,238,109,34
641,240,108,34
646,243,108,34
651,245,108,34
655,247,114,35
665,251,115,35
672,257,117,36
679,264,119,38
683,270,120,40
687,276,120,42
691,282,121,44
693,294,121,47
695,306,120,50
697,318,120,53
699,333,116,54
701,333,115,55
699,347,120,55
699,360,120,57
700,373,120,59
700,386,120,61
699,404,119,62
701,404,119,63
699,417,118,64
698,429,117,65
696,442,116,67
695,452,115,68
692,457,115,66
689,461,114,65
685,469,112,63
681,477,111,61
677,485,110,59
676,492,108,58
674,498,106,58
674,502,105,57
673,505,105,56
672,508,104,56
676,512,97,55
680,516,90,55
684,520,83,54
685,521,79,54
686,523,76,53
688,524,72,53
688,524,70,53
689,524,68,52
690,524,66,52
691,524,63,52
691,522,62,52
692,519,60,53
693,517,59,53
693,514,57,54
693,511,56,54
694,508,55,54
694,505,53,54
694,502,52,54
694,498,53,53
694,495,53,52
695,492,50,53
696,489,47,53
696,486,45,53
696,483,44,53
696,479,42,53
696,476,41,52
696,475,41,52
696,474,41,52
459,164,349,449
462,170,347,448
465,176,344,447
468,181,342,446
470,181,337,451
473,181,332,455
492,181,309,460
512,181,287,464
540,186,267,461
568,190,247,459
587,192,241,456
590,197,242,450
592,202,243,444
595,208,244,437
602,218,243,424
610,229,243,410
615,236,240,400
619,243,238,390
624,249,236,380
629,256,234,370
633,258,231,360
633,255,231,365
633,251,230,369
633,248,230,373
636,234,227,378
639,220,223,384
641,207,220,389
644,193,217,394
648,186,219,400
652,178,221,407
656,171,222,413
662,166,225,425
667,167,229,437
672,167,233,449
677,167,230,452
682,166,228,455
684,163,228,457
686,160,227,458
688,157,227,459
682,145,231,459
676,134,235,459
669,134,247,458
660,120,258,456
650,107,269,455
640,94,275,453
631,79,281,453
621,65,288,453
618,60,289,455
615,55,290,457
611,51,291,459
608,46,292,461
606,42,294,464
604,39,296,466
601,35,297,469
592,39,308,472
582,43,319,476
572,47,330,479
