172,0,734,720
162,0,761,720
152,0,789,720
142,0,802,720
133,0,816,720
123,0,829,720
113,0,843,720
97,0,847,720
68,0,874,720
0,0,957,720
0,0,961,707
0,5,961,692
0,0,954,703
0,5,950,702
0,0,951,704
0,0,961,712
0,0,962,704
0,6,965,703
0,0,966,703
0,0,954,720
0,0,954,720
0,0,954,720
0,0,955,720
0,0,958,720
0,0,960,720
0,0,980,720
0,0,1000,720
0,0,1020,720
0,5,1029,698
0,0,1026,720
75,3,962,629
232,0,898,565
356,0,763,524
467,0,658,476
553,0,613,456
550,0,619,457
619,0,550,431
673,0,491,425
719,13,440,402
755,35,386,372
782,72,331,323
783,73,324,327
808,98,299,298
821,112,293,278
843,142,274,241
854,153,256,228
868,174,235,203
872,181,224,194
885,188,205,184
897,195,185,175
901,201,175,168
904,210,169,158
913,217,157,148
915,220,153,144
921,225,144,138
923,230,140,131
931,235,131,125
936,241,125,119
941,245,119,114
945,249,114,110
949,253,108,106
953,257,103,102
952,259,102,99
954,262,99,96
957,265,95,92
959,268,91,88
961,271,88,85
963,274,84,81
965,276,80,77
967,279,77,74
970,281,73,71
972,282,69,69
974,284,66,67
972,287,67,64
973,289,64,62
974,291,61,59
975,293,58,57
976,295,55,54
977,296,52,52
978,298,50,49
981,300,46,48
982,301,44,47
981,302,45,45
982,301,44,46
982,301,42,45
981,302,42,43
982,303,41,42
982,304,40,41
982,304,39,41
982,304,38,40
982,305,37,39
982,306,36,38
982,307,35,37
982,308,34,36
982,309,33,35
982,309,32,34
