554,217,16,32
554,218,16,32
554,219,16,31
554,220,16,31
554,221,16,30
554,222,16,29
554,223,16,29
554,224,16,28
554,224,16,28
554,225,16,27
555,226,16,27
555,227,16,27
556,228,16,27
557,229,16,26
557,230,16,26
558,231,16,26
558,234,16,23
559,233,16,26
559,235,16,25
560,234,16,26
559,234,16,26
559,234,17,26
559,235,17,26
559,235,18,27
559,236,18,27
558,236,19,27
558,237,18,27
558,237,18,28
558,238,18,28
558,238,18,28
558,239,17,29
558,240,18,27
557,240,18,28
556,240,18,28
556,240,18,28
555,240,19,28
555,240,19,29
554,240,19,29
554,241,19,29
553,241,19,29
553,242,19,29
552,242,19,29
552,242,19,30
551,243,19,30
551,243,19,30
550,242,19,30
549,242,20,30
548,242,20,31
548,241,20,31
547,241,21,31
548,239,19,32
547,239,20,32
546,239,20,33
545,239,21,33
544,239,21,33
543,239,21,33
542,239,22,34
541,239,22,34
540,239,23,34
539,239,23,35
537,237,25,36
537,238,24,36
536,237,24,36
535,237,23,37
535,238,25,37
534,237,24,38
533,236,24,38
533,236,25,39
532,235,25,40
530,235,26,40
528,236,28,40
526,232,27,42
525,231,27,43
525,230,28,43
523,228,29,44
521,226,29,45
519,225,30,46
517,223,30,47
515,222,31,47
513,222,32,47
511,222,34,48
509,218,33,52
506,215,34,53
502,212,35,56
498,210,37,58
498,211,36,57
494,208,38,59
491,205,39,62
487,203,41,65
483,200,43,67
478,199,47,70
477,201,46,67
473,196,49,73
466,194,51,77
461,195,54,78
454,194,57,81
448,192,60,85
449,191,59,86
444,191,62,86
438,189,65,90
435,185,70,97
428,184,74,99
425,183,77,103
426,182,77,104
422,181,81,108
418,179,84,111
415,177,90,116
413,174,93,122
408,168,99,130
409,167,99,131
406,165,105,137
398,158,110,143
393,154,116,149
389,150,123,155
383,147,129,161
384,146,129,162
380,143,136,169
378,141,140,174
379,139,144,181
379,139,151,189
380,141,156,189
378,139,155,189
376,139,163,197
376,137,168,202
378,141,173,205
377,141,182,210
378,141,187,214
378,141,187,214
377,141,197,219
377,140,205,226
376,144,214,234
370,141,225,237
370,143,233,238
368,141,231,241
365,142,243,247
363,143,252,255
359,148,256,258
352,151,269,265
345,155,277,270
332,157,288,275
312,163,313,285
302,174,326,289
293,178,346,300
283,183,353,306
275,190,377,320
271,190,381,324
254,198,409,335
240,208,419,337
241,208,434,348
236,210,446,350
228,219,463,363
224,218,474,367
208,224,491,368
193,231,509,369
178,237,526,371
163,244,544,372
165,247,547,369
166,251,550,366
168,255,553,362
169,258,557,359
174,266,564,360
179,266,563,355
194,279,567,343
198,278,570,338
202,277,574,334
219,279,566,325
237,281,558,317
227,277,585,318
231,275,565,308
238,274,556,305
235,267,552,303
220,261,564,313
194,245,577,330
174,234,597,349
158,199,615,396
153,199,619,405
136,173,650,444
119,147,681,483
100,132,728,538
73,117,758,507
67,113,789,476
57,114,806,471
47,115,847,478
45,110,860,476
55,119,862,445
64,141,868,419
57,151,875,416
69,157,862,407
81,164,849,416
93,171,836,426
106,195,840,412
141,211,831,409
154,215,838,418
167,220,846,428
181,239,862,425
224,248,831,408
231,244,831,411
249,237,828,414
266,237,809,405
272,238,803,399
278,239,797,394
281,236,794,396
277,227,784,393
273,218,774,391
270,209,764,388
265,203,757,386
261,196,750,383
257,189,743,381
260,181,728,379
263,173,712,378
267,166,697,377
265,166,704,373
276,161,692,377
