466,6,540,713
488,12,535,708
489,21,544,699
492,27,543,693
496,38,543,682
497,36,539,684
506,48,538,672
513,60,544,660
517,71,553,649
525,89,555,631
532,98,547,621
531,106,549,614
533,121,552,599
536,137,544,583
540,156,543,560
540,171,549,549
549,182,551,538
550,178,551,542
554,193,554,525
558,206,553,514
558,225,561,494
564,234,565,486
566,235,563,485
569,236,562,484
570,242,564,478
572,235,565,485
568,227,574,493
567,212,571,508
565,199,569,521
565,199,575,521
554,189,580,530
556,179,585,541
556,167,591,553
562,159,590,561
574,163,582,557
571,168,591,552
578,169,588,551
582,180,592,540
586,185,590,535
590,190,597,530
594,198,582,521
589,201,593,519
585,202,586,518
583,195,594,525
580,179,583,541
574,170,593,550
581,144,588,576
579,145,585,575
586,127,589,593
584,115,590,605
591,105,589,614
576,109,618,610
565,113,631,606
563,108,643,611
546,113,656,606
528,119,669,600
511,124,681,595
494,129,694,590
477,134,706,585
477,135,719,579
442,145,732,574
422,145,755,553
428,155,744,544
446,169,716,524
447,181,711,508
447,180,706,503
447,185,701,484
448,202,696,465
455,215,690,446
452,233,685,427
449,251,681,408
451,244,678,416
459,257,670,406
447,269,674,399
442,282,674,386
431,286,683,390
416,280,677,396
416,282,666,397
396,269,663,425
377,248,659,453
358,228,656,481
346,216,664,503
328,202,665,517
330,200,657,519
335,198,646,514
327,207,641,420
337,216,631,368
318,227,646,378
314,232,643,379
309,237,640,380
289,253,641,386
274,262,638,375
241,271,628,373
220,275,627,375
213,271,620,366
211,277,620,367
202,258,630,379
195,250,630,377
210,239,609,369
220,228,591,366
241,230,569,341
236,226,570,340
260,223,544,334
272,217,531,324
292,213,514,327
309,204,499,316
328,202,484,312
324,204,490,310
346,207,465,296
355,208,456,302
365,210,447,295
374,210,442,296
382,218,436,293
385,216,438,296
386,215,434,298
389,210,420,299
396,207,423,301
403,202,421,308
407,204,419,311
406,201,420,314
415,207,413,316
426,209,409,316
