747,318,143,178
748,315,144,180
749,313,145,183
750,310,146,186
752,308,148,189
753,305,149,192
753,303,151,195
752,301,154,198
752,299,156,201
751,297,156,203
751,296,157,205
747,295,159,205
743,295,161,206
740,294,163,207
736,294,165,208
733,294,168,209
729,290,169,210
726,287,170,211
723,284,172,212
720,281,173,213
717,278,175,215
716,272,177,218
715,266,179,221
714,260,181,224
713,253,182,227
713,246,183,231
712,239,184,234
711,231,184,237
710,224,185,240
709,220,187,242
708,216,189,243
708,212,194,246
707,207,199,249
707,203,203,252
708,202,205,256
710,200,206,259
711,199,208,263
712,197,209,267
714,196,211,270
710,197,215,272
706,197,220,273
702,196,222,277
699,194,225,281
695,193,227,285
691,188,230,290
686,183,233,295
682,179,236,300
677,174,239,305
673,169,242,310
662,165,249,314
651,162,257,318
649,159,260,322
646,156,262,327
643,153,265,331
640,149,268,335
637,146,270,339
634,143,273,343
631,140,275,348
628,133,293,356
628,129,294,360
629,125,296,364
630,121,298,368
631,117,310,373
633,119,319,374
634,121,317,374
635,121,322,378
636,124,323,377
638,128,310,377
639,130,313,378
640,132,316,378
642,134,319,379
634,136,330,383
627,138,341,386
620,140,352,389
612,142,363,393
605,144,374,396
598,146,385,400
595,138,396,403
587,144,407,406
578,149,418,410
569,154,429,413
570,157,431,405
571,161,433,397
572,164,436,389
575,154,438,382
576,160,440,374
577,165,443,366
577,164,445,365
578,169,447,357
579,170,449,353
580,187,452,334
577,184,460,334
574,182,469,334
571,179,477,335
569,177,486,335
566,174,494,336
563,172,503,336
561,170,512,337
559,170,521,337
556,167,529,338
553,163,538,338
547,162,540,338
550,162,541,338
551,153,543,338
559,156,545,338
554,167,547,338
549,174,549,338
546,174,550,338
541,191,552,337
536,209,554,337
531,227,556,337
538,246,553,337
539,266,563,319
524,276,579,302
510,287,596,285
493,291,586,279
478,282,588,278
476,274,560,291
474,265,530,304
471,257,528,312
469,245,526,334
465,221,523,367
482,212,532,379
486,208,523,336
487,195,516,302
494,194,499,307
491,183,506,291
513,168,484,292
518,158,484,288
511,149,487,288
484,146,511,300
484,151,509,290
473,140,511,300
463,136,519,313
461,134,520,308
459,132,522,312
458,131,525,316
456,130,528,320
455,129,540,328
452,143,539,322
450,158,539,316
444,167,541,315
436,175,550,323
431,174,555,322
426,184,565,320
571,153,327,230
567,157,333,224
564,169,338,213
559,168,346,217
560,171,345,215
562,180,353,210
562,186,357,210
559,193,370,208
605,197,328,209
565,202,379,210
565,202,381,212
566,204,385,209
573,211,387,208
581,219,390,207
581,225,395,206
581,228,397,204
580,228,401,203
573,231,416,208
564,233,431,208
554,233,443,205
550,237,448,204
546,238,454,201
542,240,461,198
539,241,468,195
535,243,475,192
531,244,482,189
528,246,489,186
523,248,496,184
518,251,503,182
511,254,508,179
504,257,514,177
498,260,519,174
491,262,525,172
484,265,530,169
477,264,538,166
466,274,536,163
437,279,549,158
428,287,536,158
408,301,539,154
390,308,544,160
385,310,553,158
378,313,551,155
372,317,550,153
368,319,554,149
375,318,550,147
383,319,550,143
382,318,550,143
388,316,553,140
407,313,545,143
425,311,534,141
438,309,531,149
458,312,525,150
457,314,523,152
477,314,516,153
489,317,507,155
502,323,499,154
510,329,492,155
516,334,482,161
515,334,478,161
511,346,480,168
512,348,468,171
514,357,463,177
508,362,460,175
510,371,451,177
513,371,441,178
516,378,436,176
519,386,430,173
522,394,425,170
525,401,419,168
531,402,410,168
527,404,419,166
539,400,403,169
549,401,395,159
559,398,387,157
567,401,383,152
575,409,377,148
575,412,382,143
585,416,376,139
591,424,366,135
599,433,356,131
607,443,346,127
605,448,348,134
604,452,344,132
605,458,340,130
607,464,337,129
612,469,327,128
614,470,322,125
617,472,317,123
620,474,312,121
623,476,307,119
626,478,303,117
629,476,303,117
636,476,293,115
644,477,284,113
648,477,278,111
653,478,272,109
657,478,266,108
661,479,260,106
666,479,254,104
670,480,248,102
675,481,242,101
679,478,237,96
678,480,232,97
682,481,223,97
687,483,217,94
686,484,209,93
684,484,213,93
683,487,206,94
686,490,201,96
688,492,194,95
690,493,186,93
689,491,186,92
690,491,185,92
694,489,179,93
697,491,172,90
700,489,167,88
703,487,161,88
710,487,153,86
709,487,154,87
714,485,147,88
715,487,145,88
718,485,140,91
723,490,134,89
726,498,129,86
727,499,129,86
727,506,124,84
727,514,119,82
728,521,114,81
728,529,109,79
729,537,105,78
730,536,105,81
726,543,97,73
725,550,90,70
725,555,83,66
729,557,74,61
722,559,70,55
723,559,70,55
718,558,66,55
715,555,64,54
710,551,63,51
700,543,66,56
695,539,64,55
695,539,65,56
691,536,63,55
686,532,63,55
682,529,60,55
678,530,61,55
673,530,60,58
673,529,62,56
670,530,56,58
666,534,55,55
661,537,55,54
656,541,58,54
650,545,55,55
650,546,59,52
647,549,54,54
640,552,56,53
635,554,56,52
631,554,52,57
508,85,484,528
513,82,470,543
519,95,471,544
523,112,476,555
524,128,484,560
526,140,490,567
529,151,496,557
530,151,495,555
534,158,499,549
535,162,507,549
532,161,519,558
529,160,532,557
537,158,521,556
531,157,527,560
539,158,523,553
527,162,546,556
528,160,551,555
525,161,560,551
513,161,570,552
507,160,576,552
508,166,586,553
498,156,594,558
502,154,592,561
497,149,595,564
486,148,613,569
485,149,612,562
483,142,615,571
469,137,631,575
464,128,627,586
451,115,631,595
442,107,640,612
445,99,632,611
444,85,624,623
454,68,570,642
489,39,496,672
517,14,452,693
547,0,427,720
538,0,443,720
