340,188,887,502
340,198,888,509
340,208,904,511
340,219,905,500
339,229,905,490
339,239,911,480
339,252,879,467
339,265,848,454
338,273,816,446
338,281,785,438
338,289,753,430
338,287,756,429
339,289,717,428
340,291,678,427
346,287,631,432
351,283,582,436
357,280,550,439
358,276,550,443
366,272,506,447
375,268,463,434
384,264,419,421
390,263,384,399
396,261,350,377
402,261,341,375
409,260,314,358
415,259,284,337
421,258,254,315
427,258,230,295
435,257,211,276
435,258,209,274
446,255,185,259
452,258,173,244
458,261,161,229
469,260,147,215
474,263,131,201
475,263,128,196
481,267,120,186
488,271,111,177
494,275,103,168
500,279,95,158
507,283,86,150
509,285,83,146
512,288,80,142
514,292,77,136
516,297,74,130
518,302,71,124
520,307,68,118
523,308,66,116
526,312,61,110
530,316,57,105
533,320,53,100
534,321,52,96
536,322,50,92
537,323,49,89
538,324,47,85
539,325,46,82
540,326,45,78
541,327,43,75
542,326,42,72
543,326,40,70
544,326,39,68
544,325,38,65
544,324,37,63
544,323,36,61
544,322,34,59
544,322,33,57
544,322,32,55
544,321,31,53
543,319,30,51
541,318,29,49
539,316,27,47
538,316,27,47
538,316,27,47
