739,285,129,109
734,283,131,108
720,280,134,107
706,276,136,107
692,273,138,106
677,269,140,105
661,265,142,105
662,267,145,104
648,265,149,103
635,262,153,102
622,260,158,102
611,259,159,102
601,258,161,102
594,256,162,102
587,255,164,103
581,254,166,103
575,254,167,103
569,253,169,103
563,253,170,104
562,255,172,104
556,254,183,107
559,251,185,107
562,249,188,107
566,246,193,107
569,243,199,107
572,240,205,107
575,237,210,107
579,235,216,107
585,230,222,107
592,226,228,108
598,221,233,109
599,220,235,112
600,210,243,114
601,201,250,117
603,194,256,116
604,188,261,115
605,181,267,114
602,177,273,115
599,172,278,115
594,164,282,115
589,156,285,115
582,155,290,112
576,154,295,110
569,154,300,108
561,156,302,107
552,158,305,105
544,160,307,104
535,162,309,103
532,165,313,101
529,168,316,100
530,170,322,98
532,174,326,98
534,177,330,98
543,181,334,98
552,185,338,97
557,185,337,97
563,185,337,96
572,184,340,96
578,182,342,96
584,179,345,96
590,177,347,95
594,176,348,95
598,175,348,94
602,174,348,93
609,173,349,92
616,172,349,92
622,171,349,91
629,170,349,90
637,169,349,91
644,168,348,92
651,167,347,93
658,173,343,91
664,180,339,89
669,184,334,87
675,189,330,85
687,199,325,86
699,209,321,87
709,218,316,87
720,228,312,87
724,229,311,87
736,236,302,86
749,237,292,91
763,239,281,96
776,240,270,98
789,241,259,99
786,243,265,98
796,244,257,93
806,245,250,89
816,247,242,87
826,248,234,84
836,250,227,81
838,250,223,81
840,250,219,81
844,255,213,80
849,259,206,80
852,263,201,78
855,267,195,76
858,271,190,74
858,281,185,73
860,288,177,72
863,296,170,71
867,302,167,70
870,308,165,69
874,313,162,67
878,319,160,66
881,325,157,64
885,331,154,63
889,337,152,62
892,343,149,60
897,346,147,59
901,348,144,57
905,350,138,57
910,353,131,57
915,355,125,56
919,357,111,56
918,358,120,55
920,361,117,55
918,363,110,54
916,366,105,54
909,369,104,53
902,371,93,51
900,370,95,54
891,375,89,54
881,379,84,55
866,384,84,56
852,389,80,56
838,394,77,57
840,393,74,60
827,406,73,51
807,411,74,51
789,422,69,51
773,427,68,51
757,432,67,51
757,432,67,50
737,441,66,50
723,445,58,50
707,450,58,50
691,455,59,49
675,459,60,49
668,462,59,49
661,464,58,49
646,470,58,48
636,478,50,44
625,482,49,44
613,486,47,43
615,485,46,43
607,488,45,43
598,491,44,43
590,495,42,43
