872,266,127,109
873,262,125,110
862,257,124,109
849,252,125,109
838,247,128,109
828,242,128,109
819,236,130,109
821,235,128,109
814,229,129,110
804,222,134,112
795,217,141,114
797,210,131,111
784,204,141,113
783,204,139,112
778,199,142,111
771,192,143,113
765,189,147,111
761,187,145,111
758,185,144,112
755,183,142,113
752,181,141,114
747,177,145,115
743,174,149,116
740,172,151,116
738,169,153,115
735,167,155,114
733,165,156,113
728,163,158,113
726,158,157,112
724,154,156,112
723,150,156,112
723,148,155,115
721,146,157,115
718,144,158,114
716,142,159,113
713,140,160,112
710,138,162,111
708,137,163,110
705,135,164,109
703,133,166,109
700,131,172,112
699,130,172,110
698,128,173,109
697,126,174,108
696,124,174,107
695,122,175,106
694,120,176,105
692,118,176,104
691,116,177,103
691,115,176,104
688,116,180,103
686,113,177,103
683,113,178,102
680,113,179,100
678,113,181,98
675,113,182,96
672,114,183,94
670,114,185,92
667,114,186,90
664,114,187,88
662,115,189,87
663,111,190,91
665,111,188,92
666,113,188,89
666,114,187,86
664,113,190,85
666,114,187,84
669,114,184,85
666,114,187,83
669,115,188,81
666,115,192,85
667,116,192,83
669,117,192,82
670,118,192,81
672,119,192,80
674,120,193,79
675,121,193,78
677,122,193,76
678,123,193,75
680,124,193,74
678,124,194,73
675,124,194,73
673,124,194,72
670,124,194,71
668,124,194,71
666,124,194,70
663,124,194,69
661,124,194,69
658,124,194,68
656,124,194,67
654,125,195,66
653,124,195,64
652,124,196,63
651,124,197,61
650,124,198,60
650,124,199,59
649,124,199,57
648,124,200,56
647,124,201,54
646,124,202,53
646,124,203,52
644,126,200,52
643,129,198,52
641,131,198,52
638,134,197,52
636,136,196,52
633,139,196,53
630,141,195,53
628,144,195,53
625,146,194,53
623,149,194,53
622,147,191,54
621,145,189,55
620,144,186,55
619,142,184,56
618,140,181,56
617,139,179,56
616,137,177,55
615,135,174,54
614,134,172,54
613,132,169,53
612,130,167,52
611,129,164,52
610,127,162,51
610,126,160,50
607,125,159,50
603,125,158,49
599,126,158,48
595,126,157,48
591,127,156,47
587,128,156,47
581,128,154,48
577,129,152,49
577,130,151,48
571,134,149,49
564,138,147,49
557,144,146,49
554,150,142,49
551,156,140,50
549,161,139,50
547,165,137,51
545,169,136,52
543,174,136,52
540,180,136,53
538,185,137,54
536,187,136,54
543,191,128,51
545,199,122,52
545,203,124,51
547,209,123,51
551,213,122,50
553,212,118,52
557,215,116,52
561,218,115,52
566,221,114,52
571,223,109,52
577,226,107,51
576,226,109,51
583,229,105,51
587,231,104,52
590,233,104,50
594,234,100,53
596,235,100,52
598,236,99,51
600,237,99,51
602,238,96,50
605,239,92,50
604,240,92,50
604,241,92,50
603,242,92,50
603,243,92,50
606,240,84,54
607,241,80,53
605,242,79,52
607,243,80,52
604,243,82,53
603,246,79,51
603,245,78,51
602,246,75,52
601,247,74,52
601,250,78,49
602,249,73,49
601,249,73,53
602,252,72,52
602,254,69,53
603,258,69,53
604,262,67,52
604,262,67,52
607,266,64,52
609,270,62,53
612,275,58,50
617,279,51,48
626,284,36,41
626,283,35,41
627,285,37,42
628,287,36,40
630,286,36,39
631,283,38,37
632,280,39,38
631,281,41,37
636,276,38,43
637,274,39,43
639,273,40,43
640,271,41,44
638,267,44,43
643,267,43,45
644,265,44,46
644,262,46,45
647,261,47,47
649,259,48,47
650,257,49,48
649,255,49,49
651,255,47,48
654,254,45,48
654,253,47,48
655,252,47,48
658,250,44,48
658,250,45,48
659,249,43,48
661,248,43,47
662,246,43,54
661,247,44,51
662,246,44,51
662,246,45,52
664,247,44,51
665,246,43,52
667,247,42,52
667,247,42,52
670,248,40,53
669,248,41,52
669,247,42,55
671,247,42,52
671,247,42,52
673,247,41,52
674,248,42,51
674,249,42,51
677,250,40,52
