471,158,639,561
473,168,627,551
475,178,616,541
477,188,604,531
479,187,596,531
481,208,580,511
483,206,568,512
485,227,556,492
486,237,544,482
488,247,533,472
490,257,521,462
490,268,518,451
488,288,518,431
488,297,515,422
485,317,568,402
485,330,577,388
485,334,590,384
486,339,604,380
487,347,568,372
487,354,533,365
488,361,497,358
490,365,442,354
491,368,432,351
493,372,409,337
495,375,387,322
497,378,364,308
499,382,341,294
501,385,292,273
503,389,296,266
505,392,274,251
507,395,251,237
508,397,241,229
509,399,223,222
510,401,221,214
511,402,211,206
512,404,201,198
522,406,182,191
521,408,168,183
528,409,154,176
535,410,141,170
535,411,135,163
536,411,130,158
537,411,126,153
538,411,121,147
539,412,117,142
541,412,112,137
542,412,108,132
543,412,103,126
544,412,99,121
545,412,94,116
547,413,90,111
547,414,86,108
547,415,83,105
547,416,80,101
547,417,77,99
548,418,74,96
548,419,71,93
548,420,68,90
548,421,65,87
548,422,62,84
549,424,59,81
549,424,56,79
