334,71,212,499
331,72,221,489
331,82,217,463
333,75,212,466
335,77,208,468
333,87,207,451
329,97,210,431
323,100,214,426
322,110,217,411
321,119,218,397
325,121,213,401
321,132,211,380
323,140,207,371
321,146,214,362
324,151,211,354
325,150,208,353
326,152,205,353
324,149,205,353
326,143,206,357
324,135,213,361
325,131,219,362
325,115,213,372
325,116,211,369
319,104,224,384
312,108,225,370
307,96,241,390
308,92,241,398
310,88,241,406
307,91,236,392
304,92,242,395
302,93,249,398
300,92,248,400
299,92,248,403
298,91,248,406
297,95,248,407
295,98,247,408
294,102,247,409
292,106,247,409
291,109,247,410
292,112,247,410
294,115,247,410
287,122,254,417
287,127,256,417
286,134,255,413
288,142,253,410
289,149,252,406
289,152,250,403
291,156,251,404
296,163,245,400
296,165,243,402
301,176,238,399
296,174,245,405
297,173,244,404
295,171,245,403
298,167,244,396
300,165,243,393
302,163,242,403
303,162,243,391
304,163,241,389
306,161,243,401
304,160,243,395
307,159,245,402
309,157,246,406
310,155,243,413
307,166,246,397
308,160,248,400
313,145,239,409
308,145,244,403
307,146,245,405
306,147,243,400
304,149,243,406
308,141,243,408
303,142,242,407
307,136,247,410
306,134,247,408
304,127,256,408
306,124,249,414
304,124,252,410
307,117,248,413
307,117,247,408
305,126,252,404
311,115,248,410
313,117,247,408
316,117,247,408
321,123,243,406
323,128,243,403
325,129,245,403
328,125,244,404
328,125,244,403
330,124,243,403
316,139,254,393
321,129,248,395
322,124,247,399
322,120,248,401
325,122,244,399
327,123,243,393
328,123,243,395
329,121,240,397
328,125,240,392
330,126,237,385
323,139,239,376
332,127,225,376
330,126,227,377
328,123,225,372
327,121,224,373
326,121,225,370
325,122,225,371
324,125,226,368
322,126,222,369
320,132,226,364
316,140,226,361
320,139,220,361
319,136,220,366
319,142,220,360
319,147,218,359
318,151,219,357
318,153,216,354
317,158,219,350
317,157,219,351
317,163,217,347
313,173,226,345
313,163,235,350
310,162,236,346
308,160,235,344
307,160,236,344
305,157,236,340
304,154,235,338
303,150,236,336
301,147,234,333
305,148,231,331
303,155,231,325
308,150,230,331
312,151,230,329
315,153,234,330
314,158,235,327
318,158,236,328
320,159,237,328
317,160,241,327
316,163,242,325
316,160,243,327
307,168,252,319
311,167,251,319
311,166,248,319
312,167,252,318
311,170,256,315
313,171,260,317
316,173,260,315
312,176,270,312
315,177,267,313
323,183,267,309
330,191,270,307
331,194,272,305
333,198,275,304
335,201,277,303
337,205,280,302
339,208,283,301
337,211,284,298
335,214,285,295
333,216,286,292
333,221,274,280
333,226,263,269
331,225,283,272
330,224,303,275
334,227,304,272
339,230,304,270
342,229,301,269
345,228,298,268
349,227,296,268
361,227,289,265
358,234,324,253
359,236,341,248
363,234,343,248
369,233,339,246
371,235,342,243
382,238,345,240
387,240,348,231
399,245,351,225
408,249,360,231
401,248,369,233
421,255,368,237
443,262,367,243
452,263,387,252
464,258,397,278
460,250,406,297
453,247,426,299
461,215,419,351
427,200,444,406
415,199,467,424
399,202,469,354
372,208,540,320
367,209,549,315
346,218,575,366
318,229,601,357
304,240,615,367
290,251,629,376
282,252,645,369
275,253,662,363
282,255,665,358
288,256,667,354
295,257,670,349
302,259,673,345
322,259,671,326
335,256,649,327
367,252,636,323
391,247,621,324
413,240,598,315
429,236,589,315
449,236,573,309
452,234,565,313
467,237,555,311
470,247,543,310
491,244,504,311
502,248,488,298
512,252,461,289
511,250,466,290
516,261,455,279
530,268,428,271
536,274,423,266
545,276,408,258
552,274,391,258
546,276,402,271
548,276,400,264
540,308,108,96
541,307,109,95
541,305,110,97
542,305,111,97
542,304,111,97
543,304,112,96
543,303,113,97
544,302,115,97
544,303,118,99
544,303,120,99
543,303,121,100
543,303,123,99
544,303,123,100
543,302,122,103
543,301,124,103
543,301,126,103
543,300,128,103
543,300,130,103
542,299,133,104
541,297,136,105
540,296,138,106
539,294,141,107
538,293,144,108
538,292,147,109
537,291,153,110
535,290,153,111
534,289,155,112
532,288,157,113
531,287,159,114
529,286,161,115
528,285,163,116
526,282,165,117
525,282,166,118
524,282,164,114
524,282,165,116
522,282,170,117
521,282,173,119
519,282,177,117
513,282,185,119
512,282,189,117
513,285,191,117
513,284,192,115
513,282,189,120
517,283,186,119
516,284,189,117
518,282,196,119
516,282,196,120
520,283,201,118
521,283,205,116
522,281,210,116
522,283,220,117
519,281,221,111
519,281,221,110
520,282,228,111
523,279,228,107
521,279,239,105
521,277,237,114
518,275,245,105
518,275,245,107
516,271,248,116
508,270,261,114
508,272,257,103
503,269,257,102
496,270,260,97
495,270,262,97
490,268,262,96
483,265,265,98
477,263,267,98
470,264,271,98
464,265,274,94
462,264,277,102
460,264,275,96
457,262,280,96
459,263,278,94
457,262,282,91
452,260,285,91
452,259,284,92
451,256,285,89
443,254,292,88
447,249,289,88
445,251,292,89
454,246,280,86
446,249,290,85
445,253,288,85
444,258,288,87
437,259,294,92
430,267,296,88
432,269,291,90
432,270,292,88
429,275,290,90
424,276,298,95
437,281,284,94
443,285,281,92
448,288,277,91
449,289,277,91
452,295,273,90
453,299,270,90
453,303,266,90
457,305,260,92
453,310,258,91
448,310,266,92
449,320,255,82
445,322,253,84
441,322,250,94
435,326,250,97
437,326,245,93
440,326,240,89
443,327,236,86
445,326,230,88
448,324,226,90
453,322,219,92
461,317,209,94
463,316,208,96
469,313,202,96
474,310,198,98
481,310,194,94
489,308,185,93
494,305,183,95
492,306,186,87
495,304,184,91
507,301,174,92
513,302,168,92
520,300,166,93
524,300,160,91
523,299,162,93
527,299,157,93
530,300,151,93
529,301,149,92
531,301,146,92
530,301,143,90
530,301,145,92
531,301,139,89
530,301,136,89
530,301,134,89
530,301,132,89
529,301,129,89
529,301,127,89
529,302,125,90
527,301,123,89
529,300,119,92
530,301,117,92
529,299,116,89
529,301,114,88
530,301,111,86
530,303,110,84
531,302,109,85
531,306,107,83
533,306,105,82
534,306,104,83
535,308,103,81
536,308,105,85
538,307,100,82
539,307,99,83
540,307,97,83
541,307,96,84
542,306,97,86
543,308,95,86
545,308,93,86
545,308,94,87
544,307,93,86
543,308,98,85
544,307,92,87
546,309,90,88
545,311,89,83
549,314,84,84
550,315,83,85
549,316,84,85
548,317,82,86
547,319,80,85
547,320,79,85
544,318,78,90
542,320,74,88
543,320,73,88
542,321,70,89
540,323,66,91
539,323,64,93
538,326,62,93
535,329,63,93
536,329,62,92
533,331,61,93
529,332,70,91
530,339,71,82
530,342,73,79
530,344,73,79
531,343,72,80
531,345,74,79
531,347,74,79
528,348,76,81
526,348,77,81
524,350,79,81
525,349,78,84
524,350,77,83
523,351,77,82
521,351,77,83
520,352,76,83
519,352,75,83
518,352,76,84
517,351,74,86
516,353,75,84
515,355,73,83
515,356,73,84
514,357,70,81
514,357,70,80
512,358,69,79
511,357,68,79
512,357,68,80
512,355,67,79
513,352,65,81
513,353,66,80
514,350,66,80
514,349,70,78
516,348,67,79
370,176,300,341
369,171,299,335
371,171,297,347
369,178,298,330
364,186,302,329
366,194,300,327
370,202,297,327
367,204,295,330
370,205,295,331
366,211,295,327
359,219,309,323
359,220,297,319
363,222,296,320
366,223,302,315
370,223,308,318
378,222,302,313
389,217,302,311
418,213,276,308
434,212,272,305
445,209,264,314
449,210,261,312
463,210,259,310
