0,119,1099,600
1,142,1076,577
2,150,1123,569
3,174,1105,545
5,198,1089,521
6,260,1060,459
7,290,1023,429
0,310,995,409
0,312,994,407
2,337,934,382
12,343,873,376
58,358,772,361
109,368,684,351
173,360,588,359
166,368,591,351
210,361,514,311
228,360,464,271
265,343,390,256
286,326,348,243
301,297,311,238
299,300,311,233
316,273,278,228
341,250,243,213
353,223,223,209
366,208,209,204
380,203,186,190
383,203,184,193
395,202,170,182
408,201,155,172
420,199,141,161
433,198,126,150
439,201,120,143
446,204,114,137
453,206,108,130
459,209,102,123
466,212,96,116
472,214,90,109
479,217,84,102
486,220,78,95
492,222,72,88
499,225,66,82
506,228,63,77
513,232,60,72
520,235,57,68
525,239,54,65
531,243,52,62
537,247,49,60
542,251,46,57
548,254,44,54
554,258,41,51
552,258,40,53
557,266,39,50
563,273,38,47
568,282,36,46
573,291,35,45
576,298,34,44
579,304,32,43
582,316,31,41
586,328,30,40
590,340,29,39
