652,212,188,281
654,207,186,275
656,202,185,270
658,198,184,264
660,194,183,262
661,191,183,260
663,188,182,258
664,184,182,256
666,180,182,254
667,176,181,252
667,172,182,253
666,169,184,252
666,166,186,251
665,163,188,250
664,161,189,249
663,158,191,248
663,155,192,249
663,152,193,250
663,149,194,250
663,146,195,251
664,143,196,252
663,143,197,252
663,142,198,253
662,141,198,253
662,141,199,254
661,140,200,254
661,139,201,255
660,138,201,255
659,138,203,256
658,137,204,257
656,136,205,258
655,136,207,259
654,135,208,260
651,135,210,261
649,136,212,263
646,136,213,265
643,137,215,267
641,137,217,269
642,136,216,270
646,136,212,267
645,144,213,266
642,144,215,268
639,144,218,271
637,144,220,274
634,144,223,277
632,144,226,280
629,144,228,283
626,144,231,286
624,144,233,289
621,144,236,292
619,144,239,294
615,138,242,301
614,139,243,302
613,139,245,303
612,139,246,304
611,140,247,305
610,140,248,305
609,140,250,306
608,141,251,307
607,141,252,308
606,142,254,309
604,140,256,312
603,139,259,316
602,137,262,320
601,136,265,324
600,134,268,328
598,133,271,332
597,132,274,335
596,130,277,339
595,129,280,343
593,131,285,340
594,131,286,341
595,132,287,342
596,132,289,343
597,133,290,344
598,134,291,346
599,134,293,347
600,135,294,348
601,135,296,349
602,136,297,350
603,137,298,352
611,138,298,350
619,140,298,349
626,142,299,346
633,144,301,344
640,146,302,342
647,148,303,340
657,150,303,339
668,153,303,338
672,152,302,335
677,152,301,332
687,151,299,333
689,152,300,328
693,157,293,320
694,161,290,316
695,159,292,316
693,167,291,308
688,171,295,307
683,174,293,304
682,178,286,304
675,189,299,294
672,188,300,297
669,192,302,295
667,196,304,293
665,200,306,291
663,204,307,289
661,208,309,287
659,212,311,285
657,216,313,283
655,220,315,281
653,224,316,279
654,227,318,278
656,229,319,277
657,232,321,276
659,235,328,273
660,238,336,270
662,241,344,266
664,244,351,263
660,247,359,259
656,249,367,255
652,252,375,252
649,252,383,251
633,248,394,249
617,249,405,248
600,250,416,247
599,248,422,245
579,249,434,244
559,251,446,242
539,252,458,241
519,254,470,240
506,244,481,248
493,249,492,244
480,252,503,243
467,248,513,257
455,243,524,274
442,226,535,304
429,192,546,359
427,180,546,371
411,168,558,406
394,153,577,449
378,144,590,452
338,136,613,411
317,132,615,385
319,132,611,383
287,145,610,352
255,161,592,341
239,159,580,342
219,171,562,320
198,171,547,316
201,174,542,317
197,173,525,308
190,171,509,303
188,175,505,291
199,177,480,290
204,181,463,281
209,186,446,273
214,191,430,264
224,189,399,247
226,190,388,246
236,194,369,235
247,199,351,224
244,195,351,223
255,202,340,218
270,209,323,208
283,222,304,201
