729,0,321,718
730,4,316,709
725,3,319,711
715,10,335,710
703,26,341,685
693,41,352,677
692,41,347,669
672,65,367,646
658,93,378,624
638,114,393,595
628,131,404,588
607,174,392,537
616,176,378,537
600,208,374,503
596,237,362,480
578,252,363,466
556,314,374,405
536,349,384,366
536,307,391,412
532,333,389,386
539,362,358,357
534,383,344,336
531,401,331,318
530,422,317,297
529,419,307,300
524,435,293,284
519,448,278,271
517,452,263,267
504,454,272,264
513,469,236,250
513,469,233,249
509,472,235,247
506,484,217,235
500,470,183,247
493,476,175,242
492,477,162,241
490,481,157,236
487,483,138,230
484,490,143,212
481,494,121,195
479,502,120,180
471,502,118,169
473,502,115,167
478,502,103,160
469,503,103,154
468,503,96,143
469,503,89,137
476,503,76,130
477,503,75,126
477,504,72,120
478,504,69,114
480,504,68,106
482,503,65,103
485,503,60,98
484,503,61,95
487,503,59,91
490,503,56,88
493,502,54,84
496,502,51,81
500,502,51,75
501,502,49,74
505,500,43,70
509,497,41,67
512,497,40,64
516,498,38,61
520,496,36,60
519,496,37,59
523,496,36,57
526,497,35,53
529,495,34,52
530,495,35,50
534,494,31,49
534,495,31,48
536,493,30,47
539,493,28,45
541,493,27,44
542,492,26,43
543,492,24,41
543,491,24,40
543,491,25,38
545,491,25,38
545,491,23,37
547,490,23,36
546,489,22,35
547,489,22,34
548,488,22,34
