460,423,334,223
483,428,316,217
516,435,286,210
574,442,229,203
587,445,218,196
600,448,207,190
613,451,196,183
627,453,185,176
640,456,174,170
653,459,162,163
666,462,151,156
674,464,146,150
682,465,140,145
692,478,131,123
702,481,123,121
709,480,120,114
712,480,118,113
722,481,107,108
727,481,105,104
738,480,96,100
743,480,93,98
749,481,85,90
751,481,85,89
756,479,80,86
761,478,74,83
764,477,71,80
767,476,66,76
771,475,61,73
772,476,60,73
773,473,59,69
775,473,54,68
773,470,55,63
771,469,53,61
772,467,49,58
771,466,50,59
771,462,48,59
769,460,46,56
769,457,43,56
767,456,42,53
768,455,40,51
769,453,39,51
769,450,36,49
768,448,34,48
766,447,32,45
765,445,32,45
763,441,31,43
764,444,30,41
762,441,30,42
761,438,28,40
760,436,28,38
760,436,25,35
758,434,24,34
758,435,25,34
757,433,24,33
759,430,23,32
758,428,23,32
758,426,22,31
758,424,21,31
757,424,22,30
758,424,21,29
757,422,21,28
758,421,19,26
758,419,19,25
758,418,19,24
758,418,18,25
758,416,18,23
758,414,17,23
757,413,16,22
758,413,16,21
758,410,15,22
757,410,16,22
758,409,16,22
757,408,16,22
756,407,15,22
756,405,15,20
757,404,16,22
757,403,14,20
759,402,14,21
759,400,14,21
759,399,14,20
761,398,16,21
