362,142,333,419
362,142,331,419
365,141,325,420
361,143,330,416
367,146,336,414
357,150,346,409
372,147,332,411
376,145,329,414
387,146,327,415
376,144,333,417
391,142,329,419
389,140,328,422
401,141,318,426
399,135,318,428
394,136,322,426
414,127,299,432
435,124,270,434
441,114,260,444
436,110,253,445
433,112,255,441
438,114,252,444
442,114,259,449
442,116,260,453
443,118,262,458
442,120,265,458
441,122,269,458
440,125,273,458
439,127,276,458
438,129,280,458
437,131,284,458
436,134,288,459
436,134,291,461
437,135,294,464
438,135,297,467
439,136,301,469
440,136,304,472
440,137,307,475
437,141,312,477
446,141,302,477
