879,251,140,109
867,245,135,109
853,242,137,109
840,239,137,110
838,238,140,110
824,234,143,112
811,231,144,111
800,228,145,113
791,226,146,114
783,225,148,114
781,228,152,114
772,226,152,116
763,224,152,118
755,222,152,120
746,220,153,122
736,218,155,120
730,217,157,120
724,215,160,120
717,214,162,118
711,212,165,116
705,211,168,114
698,208,171,115
691,206,174,116
684,203,177,117
678,201,180,118
668,201,183,111
665,200,172,108
658,199,178,108
652,199,185,108
646,199,191,108
640,199,198,108
637,195,192,108
635,191,186,109
637,191,186,108
640,191,185,106
631,190,190,106
622,189,194,105
614,189,199,104
605,188,203,104
596,188,208,103
600,189,205,104
598,185,197,104
595,184,200,104
593,183,203,104
600,183,197,104
599,182,197,103
597,182,196,102
595,181,196,100
594,181,196,99
592,180,197,102
584,179,205,99
582,176,205,98
581,177,205,97
580,174,205,96
579,171,205,96
578,169,206,95
577,166,206,94
576,163,206,93
575,160,206,94
574,158,206,91
573,155,206,90
572,152,208,88
572,150,211,86
572,148,214,85
567,151,214,83
573,147,213,82
579,143,213,80
584,139,213,79
592,136,213,79
595,136,215,77
597,136,217,74
602,132,218,76
607,133,219,76
612,133,221,75
613,135,222,74
614,136,224,72
615,138,226,71
612,144,224,70
608,150,222,69
605,156,220,68
604,161,218,66
600,164,218,69
596,167,218,72
594,169,220,76
591,172,221,76
588,176,221,76
585,179,222,75
589,180,221,73
593,182,219,70
596,184,218,68
600,185,217,65
604,187,218,58
608,189,218,55
611,189,217,53
610,188,217,53
612,188,214,51
611,187,211,54
610,186,207,54
607,186,204,56
604,185,198,57
601,187,206,58
598,186,199,59
593,187,199,58
589,187,195,57
585,186,191,55
581,183,190,57
582,183,189,57
579,179,187,58
578,175,182,59
577,171,181,60
577,170,173,58
578,173,171,58
579,172,168,62
580,176,166,61
581,180,164,60
584,183,161,59
584,189,159,58
585,191,156,57
585,195,154,56
586,200,152,53
587,204,149,53
589,206,144,55
590,210,139,51
590,215,137,58
590,220,134,57
590,226,131,55
590,231,129,54
591,237,126,52
591,242,123,51
591,248,121,49
592,249,122,46
593,253,119,45
595,258,118,44
599,263,116,45
602,267,114,45
608,269,111,46
608,269,111,45
613,271,109,44
619,274,103,43
624,276,100,43
621,279,100,44
624,281,101,44
624,282,103,43
624,286,105,43
626,291,103,42
630,296,99,42
632,301,97,44
637,306,96,47
636,307,93,44
639,311,92,44
643,318,85,44
648,322,83,41
652,327,82,45
655,330,82,43
657,330,81,44
662,335,83,46
666,338,80,40
671,340,80,41
675,342,78,42
680,344,76,43
682,344,75,44
684,344,75,42
687,344,75,44
690,343,73,45
694,342,71,47
696,342,69,46
697,342,68,46
698,340,67,48
701,340,66,47
699,335,67,50
702,335,62,49
701,334,64,47
700,335,64,48
702,333,62,48
701,332,62,49
702,332,59,50
702,331,59,52
700,331,58,52
702,330,58,52
703,331,56,51
704,331,55,52
705,330,52,52
707,330,51,53
707,331,49,52
708,331,48,52
708,332,47,53
708,333,46,53
709,333,44,48
711,334,42,45
710,334,43,44
711,334,44,44
711,334,43,39
712,332,42,37
714,331,40,34
715,328,39,34
716,326,37,32
717,325,37,32
714,320,40,33
716,315,39,33
715,310,39,35
714,305,43,38
713,301,45,41
714,301,44,40
713,296,41,42
710,295,41,42
706,293,42,42
703,291,45,44
698,290,48,47
698,290,48,47
693,288,50,51
688,287,54,54
682,286,55,57
677,286,57,59
673,285,58,62
674,285,58,63
669,285,57,66
665,285,56,69
659,284,55,72
654,283,57,76
647,283,61,77
647,285,64,75
643,283,61,79
638,282,63,80
634,283,66,77
