442,287,80,84
452,285,82,86
454,283,84,89
462,279,85,90
470,275,87,90
478,271,88,91
480,267,92,92
482,263,95,93
484,259,99,94
486,255,102,95
489,252,106,96
495,250,104,93
495,245,107,95
496,243,109,95
498,241,111,96
499,240,113,96
501,238,115,97
502,237,118,97
503,235,119,97
504,233,121,97
505,231,122,97
505,229,124,97
506,227,125,97
507,225,126,97
508,223,128,97
509,221,131,97
508,221,135,97
507,220,140,97
506,220,144,97
505,219,148,97
504,219,153,96
502,218,156,96
500,218,159,96
498,218,162,96
499,219,165,96
493,218,169,96
491,218,172,96
491,218,175,96
488,218,178,96
486,218,181,96
484,218,185,94
481,220,183,94
474,222,184,92
468,222,189,90
463,223,194,89
457,223,199,88
452,224,205,87
445,223,207,87
435,224,212,86
425,222,222,86
427,223,219,84
420,225,224,80
414,227,230,77
407,229,235,74
401,231,241,71
398,232,248,71
395,232,249,72
392,241,248,65
391,244,250,67
385,250,257,69
385,250,261,73
389,255,263,78
391,253,261,76
396,263,258,71
407,265,260,74
419,267,267,80
435,271,263,84
454,273,263,91
454,272,264,92
471,280,262,93
488,289,262,94
498,298,261,96
509,302,263,101
519,308,261,102
520,312,263,99
530,317,263,100
531,321,264,105
537,326,265,107
545,331,264,105
545,333,263,104
547,334,261,102
551,335,260,105
555,337,258,103
560,339,256,101
564,341,254,99
569,338,250,102
573,335,246,105
580,332,243,105
588,329,239,106
595,326,236,106
602,324,232,105
605,322,227,105
608,320,223,106
611,318,219,106
614,317,215,107
612,316,216,108
610,312,208,108
606,309,202,103
604,308,198,101
602,307,193,100
593,303,192,102
590,295,180,108
582,290,165,113
574,292,164,112
573,294,165,107
566,291,164,115
561,293,148,116
559,294,142,130
553,299,134,132
549,305,128,135
551,305,128,136
549,312,121,135
555,324,112,130
555,339,108,124
549,354,113,119
537,365,122,109
543,368,116,106
538,373,123,102
539,382,117,96
539,384,114,93
543,386,114,91
544,388,109,87
545,387,110,88
548,387,107,87
550,386,108,87
554,387,105,86
558,388,105,84
560,389,103,81
561,389,103,81
563,389,99,81
568,389,98,83
571,392,92,77
573,391,93,76
575,391,91,77
577,391,89,76
580,391,87,77
583,390,86,76
587,391,84,76
591,393,82,76
594,394,82,79
595,395,83,78
600,393,80,82
605,397,79,80
611,400,77,78
617,403,75,78
622,407,74,76
623,407,73,76
628,410,75,75
632,412,76,76
634,414,75,77
638,419,75,76
642,424,72,75
644,425,71,75
647,430,71,73
654,433,67,72
662,436,64,71
668,437,62,69
672,437,62,70
671,437,63,70
675,437,61,69
678,436,65,70
685,437,64,65
