495,191,162,381
490,194,154,377
487,197,153,373
483,201,152,366
481,203,170,362
481,205,165,356
482,207,160,351
479,211,162,344
479,212,163,339
475,209,162,337
474,207,163,340
467,210,163,338
470,210,160,336
478,214,162,330
483,222,160,326
487,225,156,328
488,232,158,325
489,233,158,326
491,237,165,322
496,243,161,321
496,252,170,310
501,256,163,306
503,256,165,304
505,256,164,305
509,254,166,305
513,253,168,301
518,246,170,303
522,242,171,306
526,247,171,299
526,250,172,297
529,254,178,296
530,255,168,292
530,258,171,294
528,260,172,294
525,263,174,297
524,262,176,297
523,264,175,302
520,264,176,301
519,265,175,298
516,265,179,299
518,263,178,298
514,264,185,300
511,261,171,302
507,257,172,300
506,251,170,299
504,243,172,300
503,238,172,303
503,240,173,301
503,235,176,303
502,231,179,305
503,228,186,302
503,218,188,309
505,215,182,309
505,216,180,308
508,215,176,306
509,212,173,307
510,210,174,307
511,208,173,308
513,208,173,308
512,211,175,306
514,214,181,302
519,210,169,304
519,211,169,303
521,213,168,302
520,215,167,300
519,215,168,301
517,218,169,301
513,222,167,299
509,227,168,296
504,229,165,294
499,234,170,291
498,232,166,291
494,234,164,289
490,236,162,288
489,235,161,286
490,233,159,285
492,232,156,283
490,233,156,279
493,232,155,279
496,231,152,279
494,234,161,278
492,231,160,279
493,234,162,276
493,234,159,276
491,237,163,276
488,244,164,275
485,250,163,276
482,255,159,270
480,257,149,267
479,258,149,267
477,263,153,259
469,258,149,254
464,258,151,255
460,257,146,245
446,260,146,242
447,261,143,240
435,263,146,240
427,265,145,239
417,270,143,234
404,271,143,227
397,274,142,225
395,272,143,221
391,270,141,217
388,264,140,213
387,260,141,217
387,257,142,214
388,254,143,210
389,252,144,207
390,249,142,204
391,246,139,201
392,244,137,198
385,241,137,190
380,240,135,188
379,240,138,189
374,238,137,184
372,235,134,182
370,235,134,177
370,235,133,174
372,235,133,174
372,236,134,172
374,239,132,174
371,240,137,173
368,241,141,171
365,243,145,170
359,241,150,169
359,241,148,168
352,242,151,171
344,243,152,174
337,242,154,175
328,241,159,176
321,241,166,176
320,235,175,186
316,234,177,187
312,232,190,189
309,235,202,192
308,240,201,193
306,247,206,200
308,249,205,197
307,259,203,196
302,270,222,198
300,286,242,201
301,300,263,201
305,319,270,200
307,318,269,207
311,333,285,209
315,348,301,212
319,362,317,214
360,391,350,239
346,409,447,268
350,412,445,265
402,436,493,277
464,458,528,261
533,454,528,265
567,433,545,286
659,378,465,314
653,386,463,308
707,347,361,289
733,331,319,269
782,300,260,244
796,291,226,227
810,282,193,209
806,283,192,206
798,290,174,187
793,300,156,177
787,312,145,156
773,320,133,151
769,341,124,135
773,342,121,131
765,353,118,128
762,366,113,125
762,376,110,126
