512,109,184,490
509,110,185,494
506,112,187,499
504,113,188,504
501,115,190,509
498,118,191,512
496,121,193,516
493,124,194,519
491,127,196,523
491,128,194,520
493,132,199,518
495,143,204,523
495,159,212,518
495,175,219,514
495,190,228,521
500,192,222,519
502,213,227,504
504,230,226,484
513,246,220,471
577,197,33,66
576,202,31,61
576,202,32,60
575,204,32,58
573,204,32,58
573,203,33,57
572,203,33,56
570,203,32,55
571,203,32,56
569,203,32,55
568,202,33,56
567,203,32,52
566,203,32,53
566,203,32,53
566,203,32,53
566,203,32,54
566,203,31,55
567,201,30,56
568,200,32,56
570,199,32,56
571,200,32,56
573,200,33,57
576,200,34,58
577,200,32,57
578,200,32,57
577,201,34,56
577,202,36,56
577,202,35,57
575,203,34,57
573,204,33,58
570,206,32,58
567,206,33,59
563,207,34,59
559,207,35,60
555,208,36,61
552,208,38,61
548,209,39,62
543,211,39,62
542,211,38,62
541,212,38,62
540,213,38,63
534,213,40,63
529,213,42,63
523,214,44,64
521,214,44,64
519,214,44,65
517,214,45,66
512,214,43,65
514,213,40,66
510,211,42,67
507,209,45,68
503,207,47,69
500,206,50,70
499,205,50,71
498,205,51,72
496,205,52,72
495,204,52,73
494,204,53,74
493,203,54,74
497,203,50,76
496,205,55,77
498,205,53,79
498,205,53,79
499,209,54,79
500,213,56,80
502,217,57,81
503,222,59,82
506,228,59,82
506,229,59,81
506,232,59,81
505,235,59,81
502,239,59,82
498,243,60,83
494,247,60,84
494,249,61,85
489,252,63,85
484,256,64,85
480,256,61,87
474,256,59,87
467,257,61,88
466,259,63,87
460,261,64,85
454,263,65,86
447,266,66,87
441,268,67,87
435,270,68,88
433,270,69,88
428,275,70,88
423,277,72,89
419,278,73,91
415,278,74,90
410,279,75,90
409,279,76,89
406,277,75,89
405,274,72,89
401,271,74,90
396,268,77,89
392,263,83,94
392,263,81,93
390,260,78,90
379,257,89,94
375,254,89,94
366,251,92,95
357,250,94,95
356,250,96,96
348,249,97,97
337,250,99,97
321,251,105,99
310,250,110,103
302,253,108,100
304,254,106,99
295,252,112,102
281,254,118,107
271,256,128,104
264,259,133,109
256,261,137,114
256,261,141,113
246,263,154,118
243,267,159,121
236,269,172,122
228,268,182,131
217,267,201,134
216,267,203,135
201,264,226,139
190,259,252,151
174,255,284,163
157,247,321,170
127,235,386,191
127,233,388,194
85,215,469,216
31,197,581,248
7,186,713,287
0,175,847,351
0,114,995,430
0,110,1032,442
0,107,1210,477
105,53,1174,513
252,62,1021,500
405,71,874,463
518,84,749,414
529,88,726,408
585,112,601,365
617,131,514,330
646,151,402,290
643,163,365,268
660,174,315,250
663,171,310,251
675,175,276,248
674,183,249,241
670,195,234,240
658,191,218,261
649,187,220,280
643,180,223,295
633,176,225,314
623,146,224,360
613,138,229,383
594,130,230,417
589,134,220,401
598,138,208,393
573,143,231,436
562,148,240,449
566,145,245,448
560,143,240,469
548,139,249,467
551,144,247,467
530,147,264,467
509,155,289,492
486,171,301,496
448,185,327,490
414,197,355,490
411,200,364,489
392,206,369,478
374,197,393,486
366,197,409,481
361,196,428,483
357,193,432,494
358,195,435,494
337,190,455,510
338,181,458,526
312,169,493,541
289,147,512,564
258,123,537,582
254,128,539,576
233,112,564,586
494,121,398,274
490,126,402,271
485,127,418,271
483,131,424,267
481,133,423,270
476,136,436,268
471,138,448,266
466,140,455,264
461,142,461,261
457,144,468,259
456,147,470,256
445,148,475,252
436,149,480,249
426,150,484,245
417,152,488,242
408,153,492,239
408,154,488,235
400,156,494,232
398,157,496,228
395,158,498,225
393,160,500,222
392,160,501,221
390,161,504,219
387,162,508,219
385,164,504,216
383,167,501,213
381,170,498,210
379,173,494,208
377,176,491,205
375,179,488,203
368,188,478,189
358,190,474,185
348,192,471,181
338,194,468,177
335,194,464,175
324,196,457,173
310,197,459,165
308,200,442,162
290,201,444,151
282,202,433,144
284,204,434,146
268,202,435,135
257,203,422,130
246,204,422,121
237,204,419,115
226,205,423,112
231,205,413,111
239,202,404,112
227,204,413,108
236,209,407,106
242,210,399,109
240,210,400,120
239,210,399,122
246,221,385,113
248,217,380,119
243,218,378,112
241,219,365,109
229,214,366,110
232,214,364,109
218,213,355,109
205,210,354,109
178,206,350,113
165,210,340,108
148,213,337,108
144,213,343,106
134,212,333,106
125,216,329,101
121,221,322,97
123,223,313,98
126,223,311,100
126,227,311,94
133,226,303,93
150,225,291,95
168,222,291,102
185,223,280,100
202,221,276,98
201,224,269,94
208,218,273,93
224,213,257,92
228,208,253,92
232,203,248,91
236,197,241,93
232,197,240,92
228,197,238,91
224,197,237,90
220,198,242,88
215,201,233,88
211,205,227,89
210,206,228,87
210,214,222,92
201,223,224,92
202,226,212,97
199,232,218,96
198,238,219,92
198,239,221,90
199,244,215,94
200,250,208,98
202,259,206,99
206,266,198,100
211,274,204,97
214,276,198,99
220,284,186,97
226,294,179,95
227,301,181,100
234,308,175,106
240,317,168,108
240,320,170,102
245,329,167,106
253,340,161,102
257,349,158,104
260,363,157,99
266,370,148,107
267,370,149,106
269,377,147,107
275,390,143,102
279,399,136,104
284,409,129,106
286,426,126,100
285,426,127,100
292,437,119,100
297,453,119,93
303,463,105,92
306,472,97,94
308,483,93,90
305,482,98,90
314,491,86,87
320,498,84,84
325,505,80,80
331,511,78,74
339,514,77,67
337,508,78,75
343,516,79,64
350,518,80,62
359,519,79,59
365,520,78,59
372,521,76,58
373,519,73,60
381,518,71,62
387,517,70,63
395,519,68,62
401,518,69,63
410,521,65,58
409,520,67,59
419,519,62,59
429,518,61,60
437,517,58,59
445,517,56,58
451,515,56,60
451,516,59,59
458,517,54,58
464,515,55,60
469,516,55,59
476,515,50,59
481,518,52,56
480,517,54,57
483,518,53,57
487,520,52,57
489,522,51,57
491,523,50,57
493,524,49,57
496,525,48,57
352,54,556,540
353,42,559,550
368,36,550,549
373,30,545,555
369,28,554,559
364,31,562,556
378,29,547,561
374,32,553,566
372,34,555,564
363,34,585,551
356,37,588,532
359,35,584,535
360,39,574,529
352,38,579,535
344,37,585,541
337,36,591,547
329,34,597,553
321,33,602,559
314,32,608,565
306,31,614,571
300,39,620,578
300,41,620,584
300,44,621,590
300,46,622,596
301,49,622,611
301,52,623,624
301,54,624,637
301,57,624,650
319,50,604,670
312,52,617,667
314,54,615,665
