614,317,199,241
613,315,199,241
613,314,199,242
613,312,199,243
612,311,200,244
612,309,200,245
612,308,200,245
611,306,201,246
611,305,201,247
611,303,201,248
611,302,202,249
609,301,202,250
608,300,202,251
607,299,203,251
606,298,203,253
605,297,204,254
604,296,204,255
603,295,204,256
602,294,205,256
601,293,205,258
600,293,206,259
597,294,206,258
595,295,206,258
593,296,206,258
591,297,207,258
589,298,207,258
587,299,207,258
585,300,208,258
583,301,208,258
581,302,208,258
579,304,209,259
578,303,210,262
577,302,211,265
577,301,212,265
577,301,212,266
577,300,212,266
577,299,212,266
577,299,213,266
577,298,213,266
577,297,213,266
579,292,213,266
580,287,212,266
582,282,212,266
583,277,212,266
585,272,211,266
586,269,212,267
587,267,213,267
588,264,214,268
589,262,215,268
590,259,216,269
591,257,217,270
593,256,218,271
595,255,219,272
597,254,220,274
599,253,221,275
601,252,223,276
603,251,224,278
605,250,225,279
606,252,225,281
607,253,226,282
609,255,227,284
610,256,227,285
612,258,228,286
613,259,228,288
615,261,231,290
617,263,234,285
620,266,237,281
622,265,239,281
625,263,242,282
627,261,244,282
630,260,247,283
635,257,249,281
641,255,251,280
646,253,253,279
652,250,255,278
657,248,257,277
663,246,259,275
667,245,261,274
671,244,263,273
675,243,265,272
680,242,267,271
680,241,272,271
679,239,277,270
679,237,282,270
678,235,287,269
678,234,292,269
684,227,297,268
686,225,292,271
682,225,300,269
683,222,309,268
675,225,317,266
673,229,321,266
671,233,325,266
672,231,331,266
668,237,335,266
665,241,338,266
663,245,342,266
660,249,346,266
657,254,350,266
654,258,353,266
651,262,357,266
642,265,353,260
630,263,359,257
619,262,365,253
607,260,371,250
605,259,367,253
592,257,375,249
580,256,382,246
567,254,390,242
554,253,397,238
542,252,405,235
540,250,407,234
532,247,412,241
523,244,411,247
504,252,435,240
496,251,444,239
490,259,453,236
490,263,444,230
489,266,445,230
481,275,436,223
465,286,428,227
462,292,442,226
455,283,442,248
453,283,443,248
445,268,446,271
435,258,438,296
443,258,436,320
445,255,436,344
441,273,447,291
439,281,449,288
437,288,450,250
431,295,456,263
423,303,453,270
416,311,449,277
409,318,445,285
408,324,448,276
406,335,445,273
396,338,450,278
394,338,454,280
392,338,458,282
396,338,457,284
401,332,455,287
407,326,454,290
413,321,452,289
418,315,451,288
424,309,450,287
430,304,448,286
433,301,447,286
436,298,446,287
447,296,449,288
462,291,441,282
472,288,439,280
479,284,437,281
475,284,446,281
478,279,455,283
494,274,443,282
508,272,444,285
511,270,449,292
515,267,457,299
512,268,461,299
521,262,459,302
523,257,462,314
525,257,459,317
527,257,457,320
