665,230,223,427
665,238,223,414
666,246,223,402
667,253,223,389
668,261,224,376
668,269,224,364
669,258,218,370
670,262,217,361
671,267,217,351
671,245,216,369
672,246,215,362
673,248,214,356
674,250,213,350
674,251,213,343
675,253,212,337
676,254,211,330
677,256,210,324
678,258,209,317
678,259,209,325
679,261,208,319
680,263,207,313
681,264,206,307
681,266,205,302
682,267,204,298
683,269,204,295
684,271,203,291
684,272,202,288
685,274,201,284
686,270,198,285
681,268,209,293
688,262,220,285
687,259,219,288
692,248,226,292
697,237,228,296
703,232,228,296
709,227,228,297
715,222,227,297
721,218,227,298
729,224,248,288
734,204,253,306
737,202,257,304
743,192,258,308
749,182,260,313
755,172,262,318
761,162,264,323
767,153,266,328
773,143,268,333
774,139,270,337
783,120,270,342
789,106,274,351
790,98,290,356
789,92,292,360
789,87,294,365
789,82,297,370
788,76,299,375
786,76,302,377
783,77,304,378
781,77,306,380
778,77,309,382
776,77,311,384
774,78,314,386
770,75,317,391
766,73,321,396
762,71,325,401
758,69,329,407
754,67,333,412
750,64,337,417
747,62,341,423
743,60,345,428
743,61,345,426
744,62,346,424
743,59,349,432
750,42,345,440
744,37,358,440
756,16,349,452
757,3,356,452
760,1,359,438
761,0,361,439
760,0,369,431
761,0,365,427
758,0,381,419
751,0,393,429
749,0,399,453
744,0,404,453
740,0,404,456
738,0,414,486
744,0,409,504
748,2,405,512
747,7,401,517
739,7,411,501
742,20,419,499
740,25,423,500
737,30,427,502
735,35,431,503
732,40,435,505
741,41,439,506
736,47,442,507
731,52,446,509
726,58,450,510
721,63,454,512
716,68,458,513
714,71,463,514
711,73,468,516
708,75,473,517
706,69,478,519
703,72,484,520
700,76,489,521
697,80,494,522
694,84,499,524
691,88,504,526
682,88,509,527
668,100,523,508
658,107,533,499
646,102,542,491
638,117,552,483
631,130,561,475
621,141,571,467
599,149,580,458
593,158,590,450
588,155,599,442
589,159,596,439
590,164,594,437
591,169,591,434
593,174,589,432
594,179,586,429
595,184,584,427
597,189,582,425
588,186,577,423
579,190,573,422
568,193,574,421
558,196,577,420
547,199,579,419
537,202,581,418
527,205,583,417
486,204,590,416
476,209,596,415
452,213,603,415
445,217,609,414
438,222,616,413
417,225,622,413
425,231,629,412
409,232,639,409
440,230,649,407
448,231,659,404
450,224,668,402
408,225,678,399
389,231,688,396
365,229,698,393
342,227,708,391
333,229,718,388
325,231,728,386
337,220,726,385
341,217,722,381
342,203,737,402
326,181,753,426
320,172,767,446
322,159,785,447
329,136,797,483
348,115,806,531
364,112,790,577
370,109,815,547
367,112,824,550
377,122,806,465
373,109,768,538
395,117,749,521
419,111,722,525
427,113,697,528
428,118,707,523
438,112,694,510
432,109,687,499
437,104,672,488
428,116,661,456
428,112,655,456
417,110,668,460
427,114,649,446
429,115,642,439
423,117,630,412
417,126,641,413
417,138,630,408
425,141,617,406
407,156,618,395
