381,73,309,311
383,76,317,312
386,78,325,312
388,80,333,313
386,74,338,314
398,74,345,315
410,75,352,316
422,75,358,317
435,75,365,318
454,76,366,317
455,76,366,317
473,75,370,315
492,73,375,313
507,69,382,312
523,65,389,311
533,64,389,307
543,63,389,303
560,63,389,293
577,63,389,283
594,64,389,274
611,64,376,269
615,65,373,265
619,66,369,261
622,75,356,250
626,84,344,239
630,92,331,228
627,103,320,220
625,113,309,211
623,123,298,202
614,139,286,189
606,154,274,175
600,162,259,166
601,169,246,155
603,177,233,144
605,184,220,133
599,189,217,124
593,194,215,114
587,199,212,105
595,201,201,100
603,202,190,95
610,203,179,90
616,205,170,84
621,206,161,78
626,207,152,71
629,209,148,67
631,210,144,63
634,212,141,59
636,212,135,55
637,213,130,51
639,214,124,46
635,217,121,43
637,219,117,43
638,222,113,42
635,228,110,39
635,233,109,37
636,238,109,34
641,240,108,34
646,243,108,34
651,245,108,34
655,247,114,35
665,251,115,35
672,257,117,36
679,264,119,38
683,270,120,40
687,276,120,42
691,282,121,44
693,294,121,47
695,306,120,50
697,318,120,53
699,333,116,54
701,333,115,55
699,347,120,55
699,360,120,57
700,373,120,59
700,386,120,61
699,404,119,62
701,404,119,63
699,417,118,64
698,429,117,65
696,442,116,67
695,452,115,68
692,457,115,66
689,461,114,65
685,469,112,63
681,477,111,61
677,485,110,59
676,492,108,58
674,498,106,58
674,502,105,57
673,505,105,56
672,508,104,56
676,512,97,55
680,516,90,55
684,520,83,54
685,521,79,54
686,523,76,53
688,524,72,53
688,524,70,53
689,524,68,52
690,524,66,52
691,524,63,52
691,522,62,52
692,519,60,53
693,517,59,53
693,514,57,54
693,511,56,54
694,508,55,54
694,505,53,54
694,502,52,54
694,498,53,53
694,495,53,52
695,492,50,53
696,489,47,53
696,486,45,53
696,483,44,53
696,479,42,53
696,476,41,52
696,475,41,52
696,474,41,52
