340,188,887,502
340,198,888,509
340,208,904,511
340,219,905,500
339,229,905,490
339,239,911,480
339,252,879,467
339,265,848,454
338,273,816,446
338,281,785,438
338,289,753,430
338,287,756,429
339,289,717,428
340,291,678,427
346,287,631,432
351,283,582,436
357,280,550,439
358,276,550,443
366,272,506,447
375,268,463,434
384,264,419,421
390,263,384,399
396,261,350,377
402,261,341,375
409,260,314,358
415,259,284,337
421,258,254,315
427,258,230,295
435,257,211,276
435,258,209,274
446,255,185,259
452,258,173,244
458,261,161,229
469,260,147,215
474,263,131,201
475,263,128,196
481,267,120,186
488,271,111,177
494,275,103,168
500,279,95,158
507,283,86,150
509,285,83,146
512,288,80,142
514,292,77,136
516,297,74,130
518,302,71,124
520,307,68,118
523,308,66,116
526,312,61,110
530,316,57,105
533,320,53,100
534,321,52,96
536,322,50,92
537,323,49,89
538,324,47,85
539,325,46,82
540,326,45,78
541,327,43,75
542,326,42,72
543,326,40,70
544,326,39,68
544,325,38,65
544,324,37,63
544,323,36,61
544,322,34,59
544,322,33,57
544,322,32,55
544,321,31,53
543,319,30,51
541,318,29,49
539,316,27,47
538,316,27,47
538,316,27,47
860,139,13,16
859,139,13,16
859,139,13,17
859,140,13,17
858,140,13,17
858,140,13,17
858,140,13,17
858,141,13,17
857,141,13,17
857,141,13,17
857,142,13,17
857,143,13,18
857,144,13,18
857,145,13,19
857,145,13,20
857,146,13,20
857,147,13,21
857,148,13,22
857,149,13,22
857,150,13,23
857,151,13,24
857,153,13,23
857,154,13,23
857,155,13,23
857,157,13,24
857,158,13,24
858,159,13,25
858,161,14,26
858,162,14,26
858,164,14,27
858,165,14,27
858,166,15,28
857,168,16,29
857,169,17,30
857,170,17,30
857,171,18,31
856,173,18,32
856,174,18,32
856,175,19,33
856,176,19,33
856,178,20,34
856,178,21,35
855,178,23,37
855,178,24,38
855,178,26,40
855,178,27,42
855,178,29,43
855,178,30,45
854,178,32,46
854,178,33,48
854,178,35,49
853,178,36,52
852,179,38,54
848,179,42,56
845,180,46,58
841,180,50,61
839,179,52,65
836,177,54,69
834,176,56,73
825,175,64,78
822,175,65,81
809,171,76,89
797,167,88,96
785,163,99,104
782,158,102,111
764,153,122,121
753,143,136,138
741,131,163,157
725,118,200,186
713,88,283,230
719,88,287,230
717,44,414,301
715,0,564,394
630,0,649,479
395,0,884,529
125,19,1154,521
125,20,1154,543
10,15,1265,589
0,79,972,503
39,88,704,423
124,86,511,375
215,100,379,325
208,100,379,320
300,119,310,292
366,140,270,265
429,162,243,251
486,188,214,238
527,205,205,234
534,211,197,227
558,227,190,229
574,246,184,229
588,244,180,233
603,228,175,252
617,197,170,279
616,196,174,280
618,162,176,317
604,131,185,349
586,103,188,386
572,82,187,404
565,79,176,404
564,78,175,406
556,84,200,433
547,89,225,422
545,94,251,417
548,99,266,421
544,105,288,408
540,108,289,407
536,122,308,398
532,134,321,383
531,145,327,372
529,157,333,361
739,285,129,109
734,283,131,108
720,280,134,107
706,276,136,107
692,273,138,106
677,269,140,105
661,265,142,105
662,267,145,104
648,265,149,103
635,262,153,102
622,260,158,102
611,259,159,102
601,258,161,102
594,256,162,102
587,255,164,103
581,254,166,103
575,254,167,103
569,253,169,103
563,253,170,104
562,255,172,104
556,254,183,107
559,251,185,107
562,249,188,107
566,246,193,107
569,243,199,107
572,240,205,107
575,237,210,107
579,235,216,107
585,230,222,107
592,226,228,108
598,221,233,109
599,220,235,112
600,210,243,114
601,201,250,117
603,194,256,116
604,188,261,115
605,181,267,114
602,177,273,115
599,172,278,115
594,164,282,115
589,156,285,115
582,155,290,112
576,154,295,110
569,154,300,108
561,156,302,107
552,158,305,105
544,160,307,104
535,162,309,103
532,165,313,101
529,168,316,100
530,170,322,98
532,174,326,98
534,177,330,98
543,181,334,98
552,185,338,97
557,185,337,97
563,185,337,96
572,184,340,96
578,182,342,96
584,179,345,96
590,177,347,95
594,176,348,95
598,175,348,94
602,174,348,93
609,173,349,92
616,172,349,92
622,171,349,91
629,170,349,90
637,169,349,91
644,168,348,92
651,167,347,93
658,173,343,91
664,180,339,89
669,184,334,87
675,189,330,85
687,199,325,86
699,209,321,87
709,218,316,87
720,228,312,87
724,229,311,87
736,236,302,86
749,237,292,91
763,239,281,96
776,240,270,98
789,241,259,99
786,243,265,98
796,244,257,93
806,245,250,89
816,247,242,87
826,248,234,84
836,250,227,81
838,250,223,81
840,250,219,81
844,255,213,80
849,259,206,80
852,263,201,78
855,267,195,76
858,271,190,74
858,281,185,73
860,288,177,72
863,296,170,71
867,302,167,70
870,308,165,69
874,313,162,67
878,319,160,66
881,325,157,64
885,331,154,63
889,337,152,62
892,343,149,60
897,346,147,59
901,348,144,57
905,350,138,57
910,353,131,57
915,355,125,56
919,357,111,56
918,358,120,55
920,361,117,55
918,363,110,54
916,366,105,54
909,369,104,53
902,371,93,51
900,370,95,54
891,375,89,54
881,379,84,55
866,384,84,56
852,389,80,56
838,394,77,57
840,393,74,60
827,406,73,51
807,411,74,51
789,422,69,51
773,427,68,51
757,432,67,51
757,432,67,50
737,441,66,50
723,445,58,50
707,450,58,50
691,455,59,49
675,459,60,49
668,462,59,49
661,464,58,49
646,470,58,48
636,478,50,44
625,482,49,44
613,486,47,43
615,485,46,43
607,488,45,43
598,491,44,43
590,495,42,43
464,43,416,529
467,41,412,525
469,40,407,522
478,30,389,526
488,22,363,564
493,16,342,561
502,11,312,567
519,15,275,563
522,12,272,568
535,21,248,564
540,25,237,569
536,34,239,567
532,43,240,565
528,52,242,563
528,56,244,561
528,65,232,558
525,73,231,561
509,90,246,562
505,110,252,550
507,126,245,558
511,124,243,557
501,148,252,571
491,171,262,548
503,195,258,524
500,213,264,506
497,229,269,490
494,227,274,493
491,232,285,487
516,230,264,489
523,218,267,502
507,206,291,513
511,191,291,524
513,184,290,535
516,168,290,551
510,142,300,551
510,114,302,559
526,88,289,569
542,63,275,579
538,65,286,570
535,48,295,570
532,35,305,571
525,31,331,589
518,37,358,587
511,42,385,585
504,45,404,590
497,47,429,602
490,71,465,587
483,93,492,599
476,114,518,591
469,134,545,583
465,139,555,573
