261,0,686,720
264,0,693,718
267,0,688,718
268,0,695,718
273,0,691,719
279,0,681,719
273,0,701,718
263,0,721,708
265,0,718,719
252,0,730,714
216,0,797,720
191,0,815,720
166,0,834,720
141,0,853,720
133,0,856,720
99,0,872,720
66,0,889,720
33,0,905,720
0,0,922,720
0,1,913,719
0,0,916,720
0,0,919,720
0,0,946,720
0,0,988,720
0,0,1041,720
0,0,1102,720
0,0,1108,720
0,0,1151,720
0,0,1220,720
0,51,1280,668
0,165,1280,554
0,278,1274,441
0,277,1280,440
0,389,1266,331
0,416,1225,304
0,384,1162,336
1,319,1087,400
0,238,1044,482
0,238,1035,481
0,211,986,509
0,163,953,554
0,149,960,571
0,118,972,601
0,110,991,610
1,111,986,608
0,110,1091,610
0,142,1095,577
51,175,1040,544
102,208,1017,511
175,231,934,468
173,228,937,461
245,249,834,415
289,264,773,401
323,274,712,392
365,281,633,373
385,284,586,367
390,288,579,360
414,302,523,334
438,317,468,309
452,338,426,288
468,348,381,281
474,360,351,266
480,365,340,259
488,374,310,245
495,383,279,230
503,392,249,216
505,401,229,203
509,403,214,195
513,406,208,196
520,412,193,179
528,416,179,174
529,419,169,165
532,422,161,158
532,423,156,153
533,423,155,151
538,422,146,142
541,419,137,136
542,415,129,131
548,411,120,126
549,408,115,122
552,406,110,124
73,44,690,675
55,34,717,678
50,17,722,696
39,7,737,704
35,4,742,716
30,0,743,720
29,0,743,720
28,0,750,720
27,0,757,720
27,0,764,720
18,0,772,720
19,0,773,720
21,0,774,720
22,0,775,720
13,0,792,720
9,0,800,720
9,0,807,719
9,0,814,719
9,0,821,718
9,0,828,718
10,0,836,718
3,4,848,716
2,3,847,715
0,0,850,709
0,0,851,720
0,6,839,714
0,5,824,709
0,4,809,710
0,0,801,720
0,0,804,720
0,0,789,717
1,0,781,717
2,0,771,714
6,0,761,720
0,0,755,715
0,0,748,720
0,0,746,717
0,0,734,720
3,0,716,720
1,3,705,708
0,0,700,717
0,0,699,720
0,39,692,681
9,88,681,619
1,114,690,606
4,136,689,584
0,152,684,564
2,156,680,564
1,168,676,550
1,158,672,560
0,147,668,571
0,136,664,581
0,125,660,591
0,108,665,609
0,91,670,626
0,74,684,644
0,57,698,661
0,40,712,679
0,26,736,694
0,13,750,705
0,1,764,716
0,0,786,719
0,0,806,719
0,0,827,719
0,0,848,719
0,0,849,720
0,0,856,719
0,0,864,718
0,0,872,717
0,0,863,716
0,1,854,716
0,0,848,716
0,0,842,717
0,0,836,717
0,0,832,718
0,0,841,719
0,0,849,719
0,0,855,719
0,0,884,719
0,0,913,719
0,0,942,720
0,0,974,720
1,0,1011,719
0,0,1004,717
0,0,1026,717
0,0,1049,718
0,0,1072,719
0,0,1095,720
0,0,1118,720
6,0,1111,711
0,1,1114,716
0,0,1092,718
0,0,1054,720
0,12,1002,707
0,25,950,695
0,42,981,678
0,59,1012,661
1,95,1174,624
41,136,1119,562
121,158,1002,493
213,195,885,424
204,193,887,429
227,188,858,433
229,184,851,438
278,165,787,471
254,141,833,525
214,143,872,564
205,146,882,556
175,129,896,541
155,138,900,438
135,152,903,471
122,167,910,473
131,220,852,459
133,215,846,463
114,255,854,451
107,282,855,432
108,301,808,418
119,324,808,395
143,331,812,385
151,332,804,382
160,333,780,379
178,327,795,369
197,322,811,361
236,316,769,363
243,321,770,368
239,317,773,371
274,331,735,368
304,330,708,372
302,334,708,365
318,334,688,367
335,335,669,370
333,335,669,368
396,174,342,242
371,178,350,241
347,182,358,240
323,186,367,239
302,192,374,240
302,192,382,240
284,197,390,241
266,203,398,242
255,209,397,238
248,211,403,237
242,214,409,237
239,216,411,236
235,210,417,237
230,206,423,239
224,204,429,233
219,203,433,228
219,203,442,228
220,202,452,228
222,198,462,228
220,194,468,226
218,190,475,224
216,186,482,222
214,183,489,220
216,182,492,222
213,174,500,217
211,166,507,212
208,158,514,207
210,149,516,203
217,145,525,201
214,145,533,197
219,142,532,192
225,140,530,186
231,138,529,187
236,144,527,181
240,151,525,175
245,157,523,169
250,163,521,163
259,174,511,163
270,188,499,145
280,197,484,135
290,206,469,125
292,204,462,126
300,210,445,120
313,218,425,109
319,219,408,101
325,220,391,96
331,221,375,91
332,221,378,91
330,220,376,88
331,222,360,82
332,226,345,76
331,231,337,72
331,236,329,68
333,236,326,71
328,241,318,69
323,246,311,67
314,252,308,72
304,260,311,69
296,265,304,71
296,267,304,71
288,269,301,72
284,273,296,72
281,278,291,72
280,279,286,72
279,280,281,72
279,279,276,72
279,278,272,72
275,277,274,72
275,274,269,71
274,271,266,71
274,269,264,71
274,267,262,71
274,265,258,72
274,263,255,72
274,260,251,72
272,258,247,71
269,255,242,70
267,255,244,69
263,254,241,70
255,254,235,69
248,257,231,68
242,261,228,67
236,265,225,66
233,267,221,67
229,270,217,67
224,272,212,67
221,274,208,66
218,275,204,65
215,275,200,65
214,276,198,64
213,274,194,66
212,272,191,69
211,270,188,72
210,269,184,72
213,267,178,73
213,267,177,74
219,266,174,77
220,263,172,77
227,266,167,78
230,263,169,85
234,268,167,86
235,268,168,87
240,274,163,88
243,283,160,88
248,291,158,87
251,301,154,87
255,313,148,84
257,311,147,85
261,323,143,85
268,332,142,82
274,339,132,82
282,346,130,81
289,356,126,81
287,359,131,80
298,364,119,82
308,371,118,80
320,380,115,78
327,391,112,79
334,401,113,78
335,399,108,79
340,407,109,82
341,416,113,83
360,428,101,74
369,436,95,72
379,445,92,67
379,444,91,67
392,454,87,60
409,463,79,55
423,470,74,50
434,470,73,51
446,471,72,51
448,472,71,52
462,473,70,53
475,473,69,53
488,472,67,56
501,471,65,59
514,470,64,61
515,472,65,59
528,471,60,59
540,474,57,56
552,475,56,56
563,475,56,56
572,477,55,55
573,477,55,54
582,478,53,52
590,480,54,55
596,482,52,56
604,485,51,56
609,488,50,57
608,489,50,57
613,492,49,56
618,495,48,57
622,498,47,56
624,501,47,55
627,504,45,55
627,505,45,54
630,507,44,54
630,511,43,54
632,514,43,53
632,515,42,52
632,517,41,52
632,517,41,52
633,519,41,51
632,520,39,50
632,521,39,49
631,521,39,49
631,522,38,49
631,522,38,49
630,524,37,49
629,525,35,47
628,526,34,47
627,528,33,45
626,530,32,44
626,530,32,44
626,532,32,43
626,532,31,43
627,533,31,42
627,532,30,41
628,532,30,42
627,532,30,41
627,532,29,41
627,531,29,41
627,530,30,41
