604,146,267,309
607,142,247,319
609,141,243,320
609,144,241,322
610,144,252,325
606,142,262,328
600,143,274,325
594,145,281,323
600,142,274,327
589,143,291,324
578,148,303,317
571,149,299,327
566,150,305,332
560,155,302,337
559,156,303,336
557,161,304,336
550,166,308,342
547,180,307,339
551,188,307,333
552,193,303,331
552,186,303,340
565,197,289,333
579,196,276,331
588,192,266,329
594,184,257,339
589,178,262,338
590,174,261,344
577,169,270,338
558,158,291,345
541,145,315,351
532,129,316,364
520,119,319,363
517,121,320,364
506,110,317,368
499,106,314,376
493,100,302,383
488,96,303,392
488,94,297,396
490,92,295,396
483,91,298,405
482,90,297,407
468,85,303,414
460,86,300,414
454,81,305,421
454,82,304,421
448,81,312,432
449,80,309,434
448,78,307,430
447,80,318,429
445,80,313,435
450,75,310,444
442,80,317,438
438,81,333,448
437,85,338,450
429,86,349,448
417,89,375,452
