747,318,143,178
748,315,144,180
749,313,145,183
750,310,146,186
752,308,148,189
753,305,149,192
753,303,151,195
752,301,154,198
752,299,156,201
751,297,156,203
751,296,157,205
747,295,159,205
743,295,161,206
740,294,163,207
736,294,165,208
733,294,168,209
729,290,169,210
726,287,170,211
723,284,172,212
720,281,173,213
717,278,175,215
716,272,177,218
715,266,179,221
714,260,181,224
713,253,182,227
713,246,183,231
712,239,184,234
711,231,184,237
710,224,185,240
709,220,187,242
708,216,189,243
708,212,194,246
707,207,199,249
707,203,203,252
708,202,205,256
710,200,206,259
711,199,208,263
712,197,209,267
714,196,211,270
710,197,215,272
706,197,220,273
702,196,222,277
699,194,225,281
695,193,227,285
691,188,230,290
686,183,233,295
682,179,236,300
677,174,239,305
673,169,242,310
662,165,249,314
651,162,257,318
649,159,260,322
646,156,262,327
643,153,265,331
640,149,268,335
637,146,270,339
634,143,273,343
631,140,275,348
628,133,293,356
628,129,294,360
629,125,296,364
630,121,298,368
631,117,310,373
633,119,319,374
634,121,317,374
635,121,322,378
636,124,323,377
638,128,310,377
639,130,313,378
640,132,316,378
642,134,319,379
634,136,330,383
627,138,341,386
620,140,352,389
612,142,363,393
605,144,374,396
598,146,385,400
595,138,396,403
587,144,407,406
578,149,418,410
569,154,429,413
570,157,431,405
571,161,433,397
572,164,436,389
575,154,438,382
576,160,440,374
577,165,443,366
577,164,445,365
578,169,447,357
579,170,449,353
580,187,452,334
577,184,460,334
574,182,469,334
571,179,477,335
569,177,486,335
566,174,494,336
563,172,503,336
561,170,512,337
559,170,521,337
556,167,529,338
553,163,538,338
547,162,540,338
550,162,541,338
551,153,543,338
559,156,545,338
554,167,547,338
549,174,549,338
546,174,550,338
541,191,552,337
536,209,554,337
531,227,556,337
538,246,553,337
539,266,563,319
524,276,579,302
510,287,596,285
493,291,586,279
478,282,588,278
476,274,560,291
474,265,530,304
471,257,528,312
469,245,526,334
465,221,523,367
482,212,532,379
486,208,523,336
487,195,516,302
494,194,499,307
491,183,506,291
513,168,484,292
518,158,484,288
511,149,487,288
484,146,511,300
484,151,509,290
473,140,511,300
463,136,519,313
461,134,520,308
459,132,522,312
458,131,525,316
456,130,528,320
455,129,540,328
452,143,539,322
450,158,539,316
444,167,541,315
436,175,550,323
431,174,555,322
426,184,565,320
