451,40,485,679
449,33,487,686
447,26,489,693
445,19,491,701
440,14,494,705
436,9,497,710
432,4,500,715
428,0,503,720
430,0,505,720
432,0,507,720
435,0,510,720
446,0,505,720
470,0,482,712
478,0,504,720
501,0,497,720
496,0,502,720
515,1,500,716
528,0,499,718
540,0,499,719
564,0,479,715
573,0,488,720
580,0,474,720
591,0,473,720
607,0,457,716
625,11,450,709
633,29,444,690
642,49,439,671
642,49,446,670
644,57,439,663
654,84,432,636
661,101,425,618
667,118,421,601
670,139,414,580
669,140,415,579
672,145,405,573
675,151,386,567
661,150,397,568
648,149,408,569
635,149,420,570
622,148,431,571
605,133,443,586
568,113,472,604
501,102,554,618
501,116,538,598
499,117,539,588
492,126,545,576
497,104,532,583
488,105,535,569
482,111,548,558
490,118,542,540
491,124,545,526
490,128,547,519
489,132,550,513
488,136,552,506
487,140,555,500
486,144,557,493
485,148,560,487
484,152,562,480
483,156,565,474
481,160,567,467
479,155,570,461
482,156,564,444
490,152,558,428
498,156,552,411
507,160,546,394
534,160,540,378
526,174,534,361
517,176,562,355
509,193,545,321
509,208,528,308
492,227,511,294
470,233,521,288
454,236,534,300
436,220,563,326
423,224,573,336
415,226,575,339
420,232,586,351
409,238,632,377
411,222,656,418
428,211,644,429
432,200,643,400
432,201,646,402
466,204,614,437
475,211,573,454
492,222,535,449
500,228,460,443
509,235,445,443
501,237,445,443
515,245,428,435
529,254,412,426
542,262,396,418
559,267,388,408
576,271,371,392
576,271,365,382
583,272,358,371
615,282,358,357
634,287,360,343
653,293,350,336
686,298,325,329
685,302,337,321
711,309,318,314
720,313,319,313
738,317,315,308
757,316,317,308
766,318,323,307
775,319,321,307
784,321,323,307
793,322,325,307
791,330,326,306
789,346,328,306
