620,116,636,601
621,120,638,597
623,124,640,593
625,128,642,590
626,132,645,586
628,136,647,583
630,140,649,579
631,144,644,574
633,148,639,570
635,160,639,558
637,173,640,546
635,187,645,532
632,201,647,518
630,225,650,494
629,228,651,491
626,243,653,476
623,264,656,455
621,281,659,439
618,303,642,416
615,319,607,400
613,314,610,405
609,336,551,383
605,350,504,369
601,365,460,355
597,380,379,329
593,388,360,314
593,391,358,311
588,400,357,300
583,411,321,277
578,418,294,258
573,425,266,239
570,430,245,221
567,429,242,221
564,431,223,207
561,433,207,199
558,440,183,179
555,441,167,172
552,442,154,161
549,443,155,158
546,443,144,152
544,444,132,145
540,442,124,143
537,442,117,137
535,442,110,131
535,443,108,129
533,443,101,123
532,443,95,117
530,443,89,114
530,444,83,107
529,445,82,103
529,447,80,102
528,448,78,100
527,449,75,97
527,450,71,91
526,452,68,85
526,453,64,81
524,453,66,78
525,455,59,75
524,456,56,72
523,457,54,69
523,458,51,65
522,458,48,62
522,459,46,60
522,460,44,58
522,460,41,56
522,461,39,54
521,461,38,52
519,461,36,50
517,461,35,49
516,461,38,47
515,463,37,45
512,462,36,45
511,463,36,44
509,463,35,42
508,464,35,40
507,464,33,39
505,465,32,37
504,466,31,36
502,466,30,34
501,467,29,33
502,468,28,34
500,468,28,34
498,469,27,33
496,470,26,32
494,470,25,31
492,471,24,31
492,472,24,29
490,472,23,29
488,474,21,27
485,474,21,27
482,474,20,27
479,475,20,24
480,475,19,25
477,476,20,25
474,477,19,24
472,477,19,24
663,189,185,280
663,191,185,281
663,194,186,282
663,197,187,283
663,200,188,285
663,203,189,286
663,206,189,287
664,209,189,287
666,212,188,287
667,215,188,287
669,218,188,288
672,220,189,288
675,223,191,289
679,225,192,290
682,227,194,290
685,229,196,291
689,231,197,292
692,233,199,292
695,235,200,293
701,237,196,289
708,240,193,286
711,237,195,286
715,234,198,287
719,231,200,287
723,229,203,288
727,226,205,288
726,226,211,290
730,224,207,286
733,220,207,284
737,217,207,283
741,214,208,282
745,212,209,281
750,210,211,281
755,208,213,281
759,207,215,281
764,205,217,281
769,202,219,280
773,199,221,280
775,197,223,280
776,195,225,280
778,193,227,280
775,193,229,278
772,193,232,280
769,193,235,281
767,193,238,282
764,194,241,284
761,197,243,283
758,200,245,283
755,203,247,282
752,206,249,282
749,209,251,282
745,211,253,282
741,214,256,283
737,217,259,284
733,220,262,285
729,223,265,286
725,226,268,283
721,229,271,280
717,232,274,277
713,235,277,274
710,238,280,272
707,238,280,273
703,237,284,274
700,240,287,272
697,243,291,271
694,244,294,270
690,243,296,262
678,241,309,262
678,239,310,264
672,237,316,265
669,236,320,261
657,235,326,260
644,232,332,260
632,231,338,259
634,231,344,258
616,226,351,257
603,226,357,257
595,225,359,243
586,223,366,244
559,226,374,244
552,225,381,247
541,221,391,249
527,224,403,239
505,229,411,227
487,230,421,228
474,224,430,238
470,225,439,234
462,214,449,253
454,204,458,271
446,201,467,282
438,184,477,307
435,171,488,333
432,165,488,340
430,146,504,389
417,133,534,445
388,129,560,429
371,132,589,382
368,135,620,366
364,139,623,357
365,144,640,330
379,142,657,346
401,144,670,364
434,154,677,338
447,140,694,346
448,147,690,336
448,152,709,332
447,163,712,307
449,174,706,297
439,188,714,289
425,195,718,284
417,198,724,285
405,197,722,287
393,194,712,280
393,188,693,281
379,178,677,282
385,166,647,279
384,168,651,276
384,153,630,283
391,143,604,284
393,137,582,275
384,123,572,271
369,111,557,265
366,111,557,264
360,104,534,262
343,97,526,262
336,97,528,263
330,97,530,265
333,98,518,273
330,100,520,274
328,103,522,276
327,101,523,293
321,105,530,306
316,110,538,319
312,116,544,333
309,115,546,332
297,120,554,340
280,126,569,348
270,129,579,362
247,125,602,370
242,118,613,386
238,122,622,382
229,116,629,383
228,107,649,397
224,100,664,405
238,94,670,416
244,98,664,417
251,102,659,418
258,106,654,419
265,111,649,420
735,267,131,105
730,265,131,104
726,264,131,104
723,263,132,104
720,263,133,104
716,262,135,104
713,261,136,104
710,260,137,104
707,260,138,104
704,259,139,104
701,258,140,103
700,256,141,105
699,255,142,106
699,253,143,107
698,251,144,108
697,249,145,109
697,248,146,111
694,247,150,111
692,246,152,109
689,245,155,108
687,244,158,107
687,242,158,110
688,240,159,113
688,238,159,113
689,236,160,113
689,234,161,113
690,232,161,113
692,229,161,115
695,227,162,116
697,225,163,116
699,222,164,116
702,220,166,117
704,218,167,117
707,216,168,118
709,213,171,117
711,211,174,117
714,209,176,117
719,208,176,116
724,208,175,114
725,207,179,113
727,207,183,112
732,206,180,114
737,205,180,115
737,209,177,113
736,210,183,107
736,210,184,107
736,211,186,106
736,212,187,105
736,212,189,105
736,213,190,104
736,214,192,104
737,213,192,102
738,212,193,101
740,212,193,99
741,209,194,100
743,206,194,101
744,204,195,101
745,205,199,100
742,205,202,98
739,205,206,95
737,205,207,95
734,205,209,95
731,204,210,95
729,204,212,95
726,204,213,95
723,204,213,94
721,204,213,93
718,204,213,92
715,204,213,91
712,204,215,89
709,204,218,88
707,202,219,86
705,201,221,84
703,200,222,83
701,199,224,81
699,198,225,80
697,197,227,78
695,196,229,77
690,199,232,76
687,203,232,74
681,207,232,73
681,206,233,73
683,208,227,70
675,207,231,69
669,208,232,66
663,208,233,64
656,207,236,62
657,206,234,64
649,202,239,64
644,198,238,63
641,198,237,61
638,190,240,62
635,186,238,59
636,186,238,57
634,182,238,56
634,177,236,53
630,175,240,52
632,174,233,50
627,174,234,50
630,174,230,53
624,177,233,55
622,181,228,54
618,186,226,55
615,189,223,56
610,195,224,57
611,195,223,57
605,200,220,59
600,206,217,60
597,210,213,62
592,213,213,62
587,217,213,63
589,214,210,65
585,219,211,64
581,222,207,64
582,226,203,62
582,228,201,60
580,228,200,61
580,229,200,61
578,230,198,60
576,228,195,61
570,229,197,63
568,223,195,67
565,223,194,67
565,222,193,67
562,222,190,69
559,221,186,68
555,223,184,66
554,223,179,67
549,224,180,68
547,223,185,68
541,226,183,68
541,227,181,69
542,228,180,70
543,230,179,71
546,231,176,72
548,233,173,73
551,234,169,74
555,236,165,75
558,237,162,76
561,239,158,77
564,241,157,77
567,244,155,77
569,246,154,77
572,249,153,77
574,251,151,76
577,253,150,76
579,256,149,76
582,258,147,76
584,261,146,76
585,264,143,77
586,267,140,77
587,270,137,78
588,273,134,79
589,276,131,79
590,279,128,79
590,286,126,81
587,288,126,81
585,291,124,81
583,294,122,80
581,297,120,80
580,301,119,80
578,301,117,80
577,302,116,80
575,303,115,80
574,304,114,80
572,304,113,80
571,305,112,80
569,306,111,80
568,307,107,78
568,309,106,79
567,313,105,77
568,313,103,75
567,315,102,76
568,318,103,79
566,323,101,77
567,325,100,80
569,328,99,79
568,328,99,79
568,332,96,77
567,336,97,75
571,340,94,76
572,343,91,77
573,345,89,78
571,346,90,77
575,349,88,76
578,351,84,75
582,355,82,77
586,358,79,78
591,360,74,78
591,362,74,76
594,366,73,75
601,368,63,75
606,371,59,73
610,375,57,71
613,378,55,65
612,378,56,64
612,379,56,65
613,379,56,62
616,377,54,62
616,375,54,62
617,373,52,65
616,372,54,64
616,369,54,64
616,367,54,64
617,365,54,69
618,362,53,67
618,361,54,65
618,360,55,64
619,360,56,63
619,358,57,65
622,354,55,71
623,352,54,70
624,351,54,70
625,350,53,70
626,348,53,70
627,347,52,70
629,346,52,71
629,345,52,68
628,343,54,67
628,344,55,67
628,340,55,71
629,340,54,67
629,339,53,71
627,338,53,70
628,336,52,68
627,336,52,70
626,336,53,70
625,334,54,69
625,333,53,70
624,332,54,71
624,331,54,74
623,333,54,72
622,333,55,72
622,332,55,73
622,333,56,73
622,334,56,73
622,335,56,73
622,335,57,73
621,335,59,75
296,133,447,412
288,124,449,430
286,127,453,432
286,126,456,427
288,125,452,430
291,123,461,434
294,120,467,445
295,117,476,449
300,113,479,461
302,110,490,465
298,114,499,465
