494,121,398,274
490,126,402,271
485,127,418,271
483,131,424,267
481,133,423,270
476,136,436,268
471,138,448,266
466,140,455,264
461,142,461,261
457,144,468,259
456,147,470,256
445,148,475,252
436,149,480,249
426,150,484,245
417,152,488,242
408,153,492,239
408,154,488,235
400,156,494,232
398,157,496,228
395,158,498,225
393,160,500,222
392,160,501,221
390,161,504,219
387,162,508,219
385,164,504,216
383,167,501,213
381,170,498,210
379,173,494,208
377,176,491,205
375,179,488,203
368,188,478,189
358,190,474,185
348,192,471,181
338,194,468,177
335,194,464,175
324,196,457,173
310,197,459,165
308,200,442,162
290,201,444,151
282,202,433,144
284,204,434,146
268,202,435,135
257,203,422,130
246,204,422,121
237,204,419,115
226,205,423,112
231,205,413,111
239,202,404,112
227,204,413,108
236,209,407,106
242,210,399,109
240,210,400,120
239,210,399,122
246,221,385,113
248,217,380,119
243,218,378,112
241,219,365,109
229,214,366,110
232,214,364,109
218,213,355,109
205,210,354,109
178,206,350,113
165,210,340,108
148,213,337,108
144,213,343,106
134,212,333,106
125,216,329,101
121,221,322,97
123,223,313,98
126,223,311,100
126,227,311,94
133,226,303,93
150,225,291,95
168,222,291,102
185,223,280,100
202,221,276,98
201,224,269,94
208,218,273,93
224,213,257,92
228,208,253,92
232,203,248,91
236,197,241,93
232,197,240,92
228,197,238,91
224,197,237,90
220,198,242,88
215,201,233,88
211,205,227,89
210,206,228,87
210,214,222,92
201,223,224,92
202,226,212,97
199,232,218,96
198,238,219,92
198,239,221,90
199,244,215,94
200,250,208,98
202,259,206,99
206,266,198,100
211,274,204,97
214,276,198,99
220,284,186,97
226,294,179,95
227,301,181,100
234,308,175,106
240,317,168,108
240,320,170,102
245,329,167,106
253,340,161,102
257,349,158,104
260,363,157,99
266,370,148,107
267,370,149,106
269,377,147,107
275,390,143,102
279,399,136,104
284,409,129,106
286,426,126,100
285,426,127,100
292,437,119,100
297,453,119,93
303,463,105,92
306,472,97,94
308,483,93,90
305,482,98,90
314,491,86,87
320,498,84,84
325,505,80,80
331,511,78,74
339,514,77,67
337,508,78,75
343,516,79,64
350,518,80,62
359,519,79,59
365,520,78,59
372,521,76,58
373,519,73,60
381,518,71,62
387,517,70,63
395,519,68,62
401,518,69,63
410,521,65,58
409,520,67,59
419,519,62,59
429,518,61,60
437,517,58,59
445,517,56,58
451,515,56,60
451,516,59,59
458,517,54,58
464,515,55,60
469,516,55,59
476,515,50,59
481,518,52,56
480,517,54,57
483,518,53,57
487,520,52,57
489,522,51,57
491,523,50,57
493,524,49,57
496,525,48,57
