217,110,475,273
216,110,463,279
215,111,459,271
214,111,455,262
214,112,451,254
213,112,447,246
222,96,436,240
232,81,425,233
245,72,416,227
243,67,415,232
249,68,426,219
272,68,409,220
286,72,403,215
305,82,393,199
322,95,386,202
326,94,381,200
337,104,381,196
354,115,368,187
363,129,368,175
374,140,357,162
377,155,353,157
376,157,351,156
374,171,346,149
373,185,341,142
371,199,337,135
366,212,331,127
362,226,330,122
363,231,329,116
354,247,329,110
352,264,324,97
361,278,312,90
366,290,309,91
374,298,307,89
374,300,304,84
412,311,280,81
441,322,270,80
452,331,283,79
474,343,282,79
489,353,291,81
489,354,290,74
522,364,277,73
534,372,282,78
552,383,279,74
563,394,281,75
584,403,265,72
585,402,267,74
597,415,258,70
605,424,249,70
608,433,241,69
609,446,233,68
600,457,237,73
604,456,234,71
596,460,230,75
587,464,227,78
579,468,223,81
571,472,219,84
562,476,215,87
566,477,212,88
568,478,210,83
574,480,212,84
581,479,209,87
591,475,206,94
609,473,198,94
606,471,200,97
626,471,198,98
645,473,194,102
664,475,191,106
683,477,188,109
703,478,184,114
702,480,183,114
722,497,174,101
732,500,166,103
744,502,159,105
750,501,153,110
753,496,148,112
757,495,144,110
761,495,141,107
764,490,143,114
772,492,137,115
776,493,135,122
804,498,114,108
800,495,115,112
808,503,118,98
828,502,105,94
844,494,107,85
852,484,108,85
871,467,105,90
872,467,105,91
885,450,109,90
900,433,109,93
921,427,103,90
941,428,100,85
961,429,97,81
961,431,97,79
982,439,102,66
1004,436,96,67
1026,438,100,62
1042,436,104,63
1070,434,100,63
1070,434,99,64
1091,430,99,70
1119,429,91,65
1145,423,91,69
1171,418,89,72
1199,414,79,74
1198,414,80,74
1226,409,53,77
1254,406,25,77
1250,423,29,69
1251,416,28,82
1253,421,26,71
1244,418,35,82
