740,159,175,414
738,161,174,411
737,164,173,409
737,173,173,402
736,184,172,391
733,194,175,377
734,210,173,362
734,213,172,357
734,228,172,343
729,245,173,323
727,264,172,308
725,274,172,292
726,281,169,284
722,285,170,276
720,282,171,277
719,277,171,281
718,271,171,285
717,265,171,289
716,260,171,293
715,254,171,297
714,249,172,302
710,249,173,297
709,251,170,292
707,247,173,293
709,249,170,289
708,247,172,291
706,245,172,292
705,243,172,293
704,241,172,294
703,239,172,294
702,238,173,296
704,238,172,295
706,238,172,295
708,238,172,295
710,239,172,295
713,239,172,295
715,239,172,295
717,239,172,295
719,240,172,295
719,240,172,294
718,241,173,292
717,242,173,291
717,241,173,291
716,240,173,291
715,240,173,291
715,239,173,290
714,238,173,290
713,237,173,290
713,237,173,290
712,236,173,290
712,233,173,289
710,233,173,287
708,234,173,285
706,234,173,284
705,235,173,282
703,236,173,281
701,236,173,279
700,237,173,277
698,237,173,276
696,238,173,274
695,239,173,273
693,238,173,272
691,238,173,272
690,238,173,272
688,238,173,272
687,238,173,272
685,238,173,271
683,238,173,271
682,238,173,271
680,238,173,271
679,238,173,271
679,235,172,270
680,232,172,269
681,229,171,268
681,226,171,268
682,223,171,267
683,220,170,266
683,217,170,266
684,215,169,265
685,212,169,264
686,206,169,264
690,204,169,263
695,203,169,263
699,202,169,263
704,200,169,262
708,199,169,262
713,202,169,262
717,205,169,261
721,208,169,261
725,211,169,261
730,215,169,261
731,217,169,260
733,220,170,259
735,223,170,258
737,226,171,257
739,229,171,257
740,232,172,256
742,235,172,255
744,238,173,254
746,241,173,253
748,244,169,253
748,238,168,259
748,241,169,260
746,244,170,258
744,248,171,256
742,252,172,254
740,256,173,252
738,259,174,250
736,263,175,248
734,267,176,246
733,271,177,244
732,269,178,243
732,267,179,243
732,265,180,242
732,263,181,242
732,262,183,241
732,260,184,241
732,259,189,239
732,259,186,238
732,258,183,236
732,258,181,235
726,259,183,233
720,261,185,232
714,262,187,231
708,264,190,230
702,265,192,229
696,266,193,227
690,266,194,226
685,267,195,225
679,267,196,224
674,268,198,223
665,267,203,221
657,266,209,219
655,266,209,218
652,265,209,218
650,265,209,217
647,264,209,217
645,264,209,216
643,263,209,216
644,261,216,215
646,260,224,214
650,258,229,214
653,256,233,213
656,254,238,212
668,254,244,203
672,254,237,201
674,239,253,211
680,240,257,210
681,239,261,209
683,238,265,209
678,238,269,208
678,236,277,210
674,234,285,212
662,233,293,210
651,233,302,208
642,231,309,211
633,230,317,213
625,229,325,217
613,229,332,219
602,229,340,222
590,228,347,225
574,217,364,247
563,209,386,272
567,204,392,282
571,189,421,305
579,181,401,339
573,182,434,348
608,183,419,313
570,193,451,274
577,196,452,270
556,198,482,266
558,204,476,246
528,215,458,242
520,225,476,253
509,248,448,242
505,248,457,242
442,264,500,243
416,278,499,240
408,292,482,233
389,304,489,231
390,310,467,232
390,309,462,228
395,315,454,226
402,314,437,236
416,319,415,233
401,314,422,240
400,310,407,245
401,310,406,243
413,308,386,248
414,301,387,250
424,301,375,251
438,298,360,253
450,297,352,257
449,294,354,260
469,302,323,254
487,301,323,261
501,306,304,262
514,303,314,269
521,302,291,269
522,301,303,279
523,304,304,279
527,304,297,287
527,304,294,290
526,305,295,294
530,303,291,295
534,302,282,294
541,302,284,293
541,298,289,300
543,291,287,303
544,284,287,304
536,277,300,305
537,268,294,309
529,260,303,309
537,226,278,178
540,231,282,178
545,226,286,181
551,228,290,184
553,228,287,184
560,230,290,190
562,231,304,189
578,231,305,192
581,229,315,190
592,226,321,190
594,225,319,192
601,221,322,190
609,218,325,189
617,215,329,187
617,218,330,184
617,220,332,180
616,222,333,177
616,225,333,173
616,227,333,170
616,230,332,166
615,235,332,163
613,238,332,161
612,242,332,159
611,246,332,157
610,250,332,155
609,254,332,153
604,256,332,148
599,259,332,143
600,256,330,144
597,260,325,136
592,262,318,134
581,259,318,132
571,256,318,130
568,259,303,119
571,259,301,117
567,258,297,113
555,257,295,113
548,260,293,111
546,263,292,107
544,266,291,104
542,269,290,101
541,273,285,100
541,277,280,99
543,286,279,95
546,295,277,92
550,298,275,90
554,302,274,89
558,308,269,86
562,315,263,84
567,323,253,82
572,332,256,73
569,341,256,65
574,342,248,65
570,350,251,62
575,363,244,59
569,372,248,56
576,382,234,52
573,390,233,52
572,391,239,51
562,396,237,48
564,391,228,56
559,389,224,56
559,383,220,56
560,376,216,56
559,376,212,56
560,369,208,55
561,359,204,55
562,351,200,55
564,339,196,55
565,334,192,55
565,332,188,54
567,327,184,54
567,325,180,54
569,326,177,54
569,324,173,54
570,326,170,54
573,324,161,57
575,327,162,51
583,325,147,53
587,330,146,56
585,333,152,52
598,331,140,55
595,332,140,54
605,333,131,53
610,335,127,50
613,337,128,49
621,340,122,48
633,340,114,50
632,339,116,50
640,338,110,53
644,340,111,49
649,342,108,49
654,343,105,49
661,342,102,49
661,343,99,48
666,345,97,48
672,347,94,48
677,349,91,47
685,352,90,47
689,354,86,47
693,355,82,47
700,358,82,49
706,361,80,55
713,368,79,57
721,371,77,56
729,375,76,54
730,376,74,53
738,379,73,52
745,383,71,50
753,386,70,49
761,390,69,48
766,390,74,49
766,390,76,48
774,392,70,50
780,396,69,48
788,400,64,46
789,403,66,47
792,407,64,43
792,406,64,44
790,409,68,44
793,412,67,42
795,413,61,42
795,415,61,41
795,417,60,41
794,417,61,40
791,419,62,40
794,421,57,40
792,424,56,39
791,426,55,39
789,430,50,38
791,431,50,40
787,435,51,37
785,439,48,37
783,445,46,37
778,450,44,37
435,160,443,496
436,157,439,499
441,150,434,500
443,146,428,493
443,143,431,487
440,137,428,494
442,139,416,489
444,138,413,489
447,136,403,487
447,134,388,480
450,130,392,473
450,124,378,470
452,116,370,464
451,117,367,461
452,109,351,461
453,101,339,463
451,88,324,467
450,81,320,470
447,74,305,470
450,74,305,471
447,67,298,473
451,55,277,472
450,47,265,482
446,41,256,502
430,36,260,501
426,37,262,502
416,31,265,504
403,28,277,506
390,27,291,515
369,31,314,512
356,46,342,507
349,41,346,515
