729,0,321,718
730,4,316,709
725,3,319,711
715,10,335,710
703,26,341,685
693,41,352,677
692,41,347,669
672,65,367,646
658,93,378,624
638,114,393,595
628,131,404,588
607,174,392,537
616,176,378,537
600,208,374,503
596,237,362,480
578,252,363,466
556,314,374,405
536,349,384,366
536,307,391,412
532,333,389,386
539,362,358,357
534,383,344,336
531,401,331,318
530,422,317,297
529,419,307,300
524,435,293,284
519,448,278,271
517,452,263,267
504,454,272,264
513,469,236,250
513,469,233,249
509,472,235,247
506,484,217,235
500,470,183,247
493,476,175,242
492,477,162,241
490,481,157,236
487,483,138,230
484,490,143,212
481,494,121,195
479,502,120,180
471,502,118,169
473,502,115,167
478,502,103,160
469,503,103,154
468,503,96,143
469,503,89,137
476,503,76,130
477,503,75,126
477,504,72,120
478,504,69,114
480,504,68,106
482,503,65,103
485,503,60,98
484,503,61,95
487,503,59,91
490,503,56,88
493,502,54,84
496,502,51,81
500,502,51,75
501,502,49,74
505,500,43,70
509,497,41,67
512,497,40,64
516,498,38,61
520,496,36,60
519,496,37,59
523,496,36,57
526,497,35,53
529,495,34,52
530,495,35,50
534,494,31,49
534,495,31,48
536,493,30,47
539,493,28,45
541,493,27,44
542,492,26,43
543,492,24,41
543,491,24,40
543,491,25,38
545,491,25,38
545,491,23,37
547,490,23,36
546,489,22,35
547,489,22,34
548,488,22,34
753,145,238,280
742,153,248,280
740,156,246,282
737,159,251,283
736,160,251,282
734,164,253,286
732,168,259,288
730,176,256,287
730,181,258,289
730,187,259,289
736,185,251,298
721,191,258,299
721,197,259,300
721,201,262,302
722,207,263,301
722,212,265,300
723,214,267,300
725,219,269,304
729,225,272,306
733,232,275,306
739,238,276,314
741,243,275,315
740,244,278,314
743,250,278,318
746,257,280,322
748,263,281,321
750,270,283,320
752,276,284,320
754,283,286,319
757,289,287,318
759,296,289,317
761,303,291,311
761,308,296,311
757,307,297,309
758,308,296,309
759,311,296,305
757,314,301,306
760,318,304,306
758,317,311,305
757,316,314,297
760,314,311,306
754,318,319,306
757,313,323,306
758,313,328,304
758,312,332,303
759,311,337,302
758,311,340,301
756,312,344,300
755,312,348,299
754,312,352,298
747,315,353,297
740,315,356,295
734,316,360,294
728,317,359,292
722,318,357,291
716,319,355,290
700,321,366,289
684,323,377,288
677,325,379,284
671,327,381,281
652,329,395,278
653,329,392,275
635,330,407,274
614,330,425,268
606,330,430,267
598,330,435,266
590,331,440,266
582,331,445,265
576,332,448,264
577,333,446,262
581,333,439,259
575,326,448,266
569,324,456,268
571,320,466,262
572,317,467,264
564,309,477,273
564,311,478,272
555,307,489,272
546,290,498,287
537,274,509,309
526,258,522,332
522,241,530,343
523,238,528,353
490,224,566,372
473,196,581,421
464,178,606,454
478,162,597,441
463,145,621,387
470,144,610,387
467,138,622,385
485,132,604,394
486,133,615,390
508,127,604,407
533,130,594,404
528,131,600,399
534,126,607,406
549,120,610,409
556,110,617,411
548,106,626,414
541,108,632,411
546,115,628,407
527,110,638,413
516,108,639,415
495,105,661,414
486,98,661,411
481,93,671,409
479,90,674,409
473,89,690,405
490,76,675,402
481,79,691,387
480,77,684,380
464,71,686,375
466,76,679,375
442,82,675,373
415,85,684,374
396,94,670,376
376,102,664,378
357,110,658,379
352,109,658,381
340,110,648,379
331,122,629,386
328,128,618,375
311,131,616,388
307,132,611,390
303,133,606,392
300,135,601,394
856,306,187,135
845,302,190,130
832,293,193,136
828,290,193,135
825,287,194,135
821,284,194,135
810,278,201,133
808,273,200,132
798,270,213,134
801,268,211,134
797,266,213,131
793,264,216,129
797,263,217,128
791,263,223,127
788,263,228,126
784,260,240,127
788,260,236,129
786,257,240,127
784,253,243,125
783,249,247,123
781,246,250,121
781,239,248,116
784,241,246,114
776,236,253,117
771,232,254,114
757,228,260,111
749,224,261,110
742,223,260,111
740,224,264,110
735,225,265,108
727,224,269,106
720,220,271,105
721,216,269,103
719,209,268,101
721,209,266,102
717,204,270,98
716,199,271,95
719,195,267,91
715,191,267,89
712,188,270,82
711,189,268,84
713,187,264,81
715,187,259,77
714,190,255,73
713,195,247,71
706,202,249,75
707,202,249,72
704,210,245,71
698,217,245,72
694,225,242,72
686,233,242,75
691,240,236,73
691,240,237,72
688,245,233,74
686,250,230,75
685,255,228,82
686,260,224,83
687,266,220,84
688,272,216,85
689,280,212,90
691,287,209,90
693,296,205,94
695,301,199,95
698,310,194,94
700,315,188,95
703,319,183,96
705,323,177,97
708,329,172,102
708,335,170,101
708,341,168,100
708,339,166,99
709,344,159,106
711,350,153,113
712,355,146,120
714,361,140,128
718,367,131,122
718,368,129,124
713,376,130,118
712,383,129,108
710,387,124,107
708,390,124,108
709,388,121,109
709,388,121,109
710,389,118,107
711,392,114,104
713,397,111,103
713,399,109,101
715,403,105,98
715,403,105,98
717,407,99,95
717,412,92,94
717,416,92,90
718,418,87,90
717,420,85,89
717,420,86,89
716,423,84,86
715,427,84,85
714,431,79,82
712,434,78,80
710,435,76,81
709,437,76,80
703,435,74,79
702,436,70,77
458,87,371,471
471,110,339,461
461,141,378,463
474,138,358,452
469,161,375,469
476,180,370,467
472,192,374,464
480,195,375,464
474,203,389,455
474,201,384,465
472,204,396,465
482,195,390,462
478,185,404,468
482,174,403,474
476,171,413,481
482,173,405,472
473,164,415,487
470,160,421,493
467,156,406,496
452,158,443,496
449,158,446,506
446,155,446,506
441,149,453,532
437,145,459,518
436,144,466,527
435,141,469,535
427,152,478,539
433,150,473,542
433,156,473,548
422,172,489,548
415,202,489,517
410,210,497,508
406,218,505,500
401,227,513,491
397,235,521,483
392,244,529,474
391,237,535,481
389,229,541,489
388,222,547,496
387,215,553,503
386,208,560,511
383,193,568,526
379,189,576,530
374,185,584,534
370,180,592,538
365,176,601,542
361,172,609,547
356,167,617,551
352,163,625,555
347,159,633,559
343,155,642,564
342,153,642,566
