734,182,144,332
735,182,143,331
736,182,143,331
737,183,143,330
738,183,143,330
740,183,142,329
741,185,142,322
742,187,142,315
743,189,142,307
745,191,142,300
746,189,147,302
741,189,150,300
739,195,147,287
745,200,135,277
748,203,135,271
749,205,135,268
746,205,133,260
747,206,133,260
747,208,132,254
749,208,133,254
743,207,141,253
747,206,132,248
747,206,133,244
744,207,136,240
747,205,136,241
747,203,135,241
748,202,135,238
752,200,131,237
753,197,129,235
754,198,129,232
751,198,139,235
752,197,135,233
754,197,131,231
754,194,132,232
752,190,136,234
751,190,139,233
751,190,136,230
749,188,137,229
749,188,136,227
748,187,139,223
755,192,135,222
755,190,133,220
754,188,132,220
756,186,130,216
758,186,128,216
759,184,126,216
760,185,125,215
759,185,126,214
759,186,125,216
759,185,125,216
756,186,131,216
757,185,127,214
756,185,127,215
756,186,127,214
755,185,127,212
754,184,127,210
752,186,127,210
749,184,129,213
746,186,130,209
745,185,133,209
749,181,133,214
742,183,137,209
740,184,137,207
736,182,140,207
736,186,139,205
737,184,139,205
736,187,139,202
734,186,139,206
735,190,137,204
735,192,135,201
736,194,132,201
735,194,134,198
735,196,132,197
736,198,127,195
737,200,125,194
737,201,123,192
734,203,122,191
734,200,121,195
730,201,120,192
727,196,122,194
722,191,128,197
720,186,125,198
718,183,125,195
717,183,128,197
716,182,127,196
716,181,127,195
715,181,127,194
715,180,126,194
714,180,126,193
714,179,126,192
714,179,126,192
715,178,125,191
717,177,125,191
718,176,124,191
720,175,124,190
722,174,124,190
723,173,123,190
725,172,123,189
726,171,122,189
728,170,122,189
730,170,122,189
730,169,122,188
730,169,123,187
730,169,124,187
730,169,125,186
730,169,126,185
730,169,127,185
732,169,126,185
734,169,125,185
736,169,124,185
738,169,124,186
735,167,130,187
737,169,131,185
737,166,131,187
738,168,133,186
744,170,131,186
745,171,133,189
748,174,133,187
753,177,132,188
755,177,129,191
762,183,128,185
762,185,129,184
762,188,131,184
762,190,132,183
762,193,134,183
762,195,136,182
762,196,137,183
762,197,139,184
762,198,140,185
762,199,142,186
763,201,144,188
764,203,146,187
766,205,148,187
767,207,150,187
769,209,152,187
771,212,154,187
772,214,156,187
774,216,158,187
775,218,160,187
778,216,160,194
782,223,164,184
783,220,169,188
783,221,164,189
781,220,174,190
781,225,177,184
781,225,182,185
781,225,186,187
782,225,190,189
782,225,195,191
782,225,199,193
783,226,204,195
781,228,211,193
779,231,218,194
770,231,225,197
769,227,229,204
766,234,238,201
770,231,221,208
742,238,252,200
731,240,259,206
719,242,265,207
707,244,272,209
698,242,279,211
689,240,285,213
675,236,292,215
656,229,298,220
647,224,305,222
628,222,323,223
625,222,327,224
622,222,331,225
619,223,335,226
615,226,339,227
580,219,380,258
535,220,436,275
526,218,439,284
504,212,469,303
497,181,484,340
486,150,506,399
479,139,506,437
452,122,588,464
449,128,577,460
457,114,596,443
432,112,629,378
414,119,638,345
424,122,631,371
422,118,629,378
421,121,630,374
381,140,654,391
355,158,660,377
338,166,663,368
323,178,646,369
323,183,636,354
326,184,630,351
327,189,620,346
332,195,613,344
342,196,620,332
374,194,596,336
412,196,574,336
400,194,586,333
433,193,568,333
456,192,552,333
489,186,526,331
506,185,512,322
523,180,503,323
525,179,502,323
549,177,481,318
570,171,468,330
576,172,454,322
568,179,463,311
582,187,436,305
583,188,432,304
584,190,429,304
580,189,426,304
