363,110,254,494
369,105,256,488
373,105,251,490
374,107,249,488
375,111,248,486
374,120,247,476
378,126,248,470
384,132,250,465
385,142,252,458
384,140,256,458
387,157,259,447
388,156,254,444
392,163,252,437
392,165,252,430
402,169,247,420
401,170,246,413
399,169,250,411
405,162,247,404
411,166,246,390
411,170,248,386
408,171,249,372
411,169,246,374
419,169,239,373
423,169,238,367
427,169,238,361
432,166,238,363
435,164,240,360
436,164,239,360
437,165,240,357
437,158,237,358
436,158,241,358
429,155,241,358
423,152,243,359
416,149,244,359
410,146,245,360
404,145,253,356
398,145,261,353
398,150,259,352
390,154,264,350
383,158,269,348
376,158,275,347
372,152,270,342
364,147,272,340
356,148,274,342
353,148,272,342
350,148,270,342
347,148,268,342
344,149,267,342
343,151,265,341
343,153,265,340
343,156,264,340
343,157,266,341
343,158,268,343
343,160,270,344
341,161,271,343
340,162,272,343
338,164,273,342
337,165,274,342
335,166,275,341
334,168,276,340
336,163,271,338
334,160,271,336
333,157,271,335
331,154,271,334
330,151,271,333
328,148,272,332
327,145,272,331
325,142,272,330
324,139,272,329
322,136,272,328
321,134,273,327
322,123,275,335
323,112,278,344
311,107,286,342
315,108,284,339
317,109,281,339
323,112,282,338
331,113,280,342
336,111,290,338
349,115,287,333
355,125,299,316
354,123,298,323
358,131,303,311
363,139,302,308
368,148,302,306
360,146,325,322
340,139,332,329
335,137,339,336
281,121,393,366
233,111,445,402
186,101,494,449
109,98,614,508
30,96,777,619
26,96,784,615
0,115,942,604
22,180,1049,539
199,245,1002,474
348,282,892,437
496,319,783,400
508,322,771,397
604,324,587,346
667,325,431,300
691,328,335,246
700,335,258,213
701,339,216,196
703,344,209,187
704,348,183,177
706,355,161,168
702,362,149,160
699,369,138,153
703,371,124,148
706,370,123,142
703,370,116,146
700,366,113,148
695,360,111,148
690,355,110,147
682,350,111,148
680,349,113,151
674,343,107,150
663,332,111,155
652,326,116,162
641,321,122,168
628,319,127,174
629,319,126,174
616,315,132,180
599,312,141,187
594,309,143,197
592,315,151,206
590,319,156,218
591,318,154,221
579,320,168,221
568,314,168,231
562,307,171,241
561,308,175,248
565,304,175,270
563,303,178,274
555,297,186,291
563,281,171,308
572,272,162,330
584,253,161,354
593,234,155,371
587,229,161,379
585,215,162,379
585,212,159,375
572,215,179,396
541,209,210,390
521,206,231,396
528,207,221,393
512,204,247,398
496,206,262,399
487,202,274,391
468,195,281,382
458,190,283,389
460,189,282,390
451,187,288,392
447,187,291,386
445,191,295,384
446,178,293,387
441,182,307,375
445,177,301,376
447,181,318,368
455,172,326,361
463,157,327,359
462,159,333,353
458,167,339,351
456,167,343,348
446,173,347,350
438,187,350,344
434,194,355,351
452,211,352,356
459,219,348,353
452,219,354,347
455,223,350,349
456,226,358,357
443,225,363,347
435,214,366,353
480,150,309,210
480,150,310,209
488,150,311,207
495,150,311,205
502,150,312,204
509,150,313,202
523,149,314,200
524,150,315,199
542,152,315,198
560,153,316,196
578,155,317,194
595,158,310,189
604,164,317,187
601,164,317,184
600,173,327,180
607,184,317,177
603,193,316,174
600,202,315,172
591,216,312,163
585,217,318,163
573,231,317,159
555,243,316,150
526,257,324,146
503,272,323,141
484,286,328,139
480,284,335,138
468,300,318,131
446,317,322,124
433,336,322,120
414,353,330,112
410,368,323,102
408,371,322,101
406,374,321,101
419,374,312,97
433,375,304,94
451,373,295,89
457,370,300,85
463,368,305,81
492,361,291,78
521,354,277,76
533,357,288,69
567,359,263,70
605,370,242,70
610,369,235,67
630,382,232,64
647,395,223,63
665,412,215,56
673,423,212,56
682,434,209,56
687,437,202,53
694,448,196,51
695,456,188,50
696,465,181,53
691,472,177,55
687,479,174,58
686,480,172,57
680,486,168,59
675,492,163,60
671,496,158,60
667,501,154,61
668,505,151,59
666,505,155,59
669,506,149,58
673,508,144,57
677,510,138,56
681,510,132,52
689,508,132,55
690,509,132,55
696,506,131,54
702,510,132,53
717,507,122,55
727,507,120,60
739,515,116,57
738,517,116,54
752,518,115,60
767,523,107,58
783,523,105,60
797,521,98,59
816,516,91,60
815,517,92,60
827,512,88,65
843,505,89,72
856,504,81,70
880,499,73,64
900,493,68,67
901,494,66,62
912,487,70,63
932,484,66,59
947,478,65,59
964,474,65,58
981,469,66,61
981,467,64,61
998,464,63,61
1016,460,66,63
1035,460,65,61
1054,459,65,61
1076,457,64,62
1077,457,64,60
1098,455,63,61
1118,454,62,61
1136,454,66,59
404,132,626,587
411,119,614,601
412,119,611,601
419,106,601,613
415,111,604,609
409,112,595,608
398,113,590,607
383,112,584,608
386,106,582,613
364,117,585,603
353,134,578,585
338,144,566,576
330,157,555,554
322,180,557,540
325,182,542,538
319,196,560,524
328,206,554,514
340,200,533,512
346,203,548,517
356,196,544,524
353,199,553,520
355,186,550,532
357,173,547,545
359,160,545,558
361,147,542,571
363,135,539,584
360,131,541,588
358,128,542,591
356,125,544,594
350,123,548,595
345,122,553,597
332,113,561,600
328,111,570,609
335,98,552,618
326,82,552,627
329,63,551,657
322,50,545,670
316,29,553,691
317,27,546,693
311,11,549,709
298,2,553,717
301,0,550,720
300,2,545,718
305,12,541,708
307,8,533,712
297,36,532,684
301,53,511,667
304,75,498,645
297,107,486,613
280,129,474,590
281,126,468,593
265,144,464,575
247,166,490,553
