181,1,481,718
194,0,495,720
206,0,520,719
219,22,537,697
231,52,560,667
244,81,579,638
256,87,566,632
268,123,588,596
281,159,599,560
268,194,633,525
306,230,620,489
344,248,605,471
349,248,607,471
0,260,967,458
0,267,980,451
0,268,995,450
0,264,1014,455
9,264,1019,455
14,267,1014,452
71,267,962,452
144,272,895,446
202,272,838,447
245,266,799,452
313,264,730,455
312,264,732,454
394,274,655,445
433,275,620,444
472,276,584,443
511,277,547,437
588,278,472,409
589,279,474,408
628,278,433,382
659,277,410,358
695,277,372,327
722,276,342,307
747,277,323,281
755,275,312,274
772,274,290,257
789,273,269,240
807,272,248,223
824,270,226,206
841,269,204,186
841,273,204,185
850,264,189,179
858,262,175,167
867,260,162,155
875,258,148,143
884,257,134,130
881,256,136,131
887,252,123,124
893,247,114,115
893,243,109,108
895,239,103,102
897,234,96,96
897,233,98,97
898,229,93,90
900,225,86,88
901,220,82,84
903,215,76,79
903,210,72,75
903,209,71,77
900,205,70,72
908,200,61,69
329,138,189,270
333,129,187,275
337,121,185,280
341,113,184,285
348,117,180,278
354,121,177,271
360,123,173,265
366,126,170,259
373,128,167,254
374,130,164,251
371,131,168,253
372,133,165,246
371,136,166,241
369,139,168,238
367,142,172,233
369,140,172,237
367,145,168,233
368,146,167,234
365,143,167,235
365,142,166,235
363,143,165,234
363,143,168,237
361,138,167,237
360,134,164,239
355,131,163,236
350,129,166,230
346,130,166,229
345,129,164,231
343,130,163,226
341,131,159,226
341,133,162,221
339,133,158,220
338,131,155,222
338,129,159,220
335,128,158,223
332,126,159,225
327,128,164,224
323,127,171,225
320,128,165,229
320,128,165,229
320,132,166,221
320,128,169,231
316,125,171,221
308,120,170,219
301,111,172,222
300,109,172,227
291,104,171,224
282,100,173,223
271,100,176,222
260,102,179,223
253,108,186,225
253,109,182,225
254,111,182,222
255,112,185,228
259,118,188,229
263,123,192,231
267,129,195,232
271,134,199,234
275,140,203,236
276,147,214,237
277,155,225,239
272,153,242,254
262,151,258,264
262,152,256,261
255,150,279,275
251,151,301,282
236,147,334,295
222,144,375,319
207,141,431,346
201,138,433,346
174,132,508,397
111,107,626,476
0,71,833,587
4,62,992,656
14,71,1144,648
1,83,1165,636
16,126,1169,593
260,202,1019,517
516,274,763,441
747,354,532,365
820,394,459,325
828,387,452,332
871,417,408,302
914,448,365,271
954,470,325,249
1039,485,240,234
1125,499,154,220
1118,497,161,222
1148,511,130,208
1177,520,100,199
1191,533,88,186
1185,551,94,168
1163,545,116,174
1163,550,116,169
1129,533,150,186
1040,432,239,287
928,345,347,374
799,259,343,447
634,201,365,432
641,196,349,429
544,163,333,425
496,154,314,359
509,141,267,364
516,152,248,345
546,162,251,339
541,163,250,334
590,152,233,326
638,140,217,318
662,140,202,295
665,140,195,288
668,140,188,281
671,140,182,279
657,143,176,271
636,154,171,259
623,169,160,246
608,174,156,245
600,176,149,255
600,173,150,258
594,169,151,254
604,156,147,267
611,127,149,289
622,108,161,302
638,90,166,317
636,92,170,318
656,95,162,319
679,102,157,313
702,109,152,307
709,115,155,310
704,120,166,307
707,120,166,304
699,129,176,306
680,134,190,302
659,143,211,301
632,165,234,294
619,180,244,282
619,179,249,280
601,187,258,280
598,197,258,267
599,194,257,263
601,192,257,260
602,190,257,256
604,189,255,252
613,188,250,249
622,187,246,245
630,175,242,236
640,163,238,237
645,154,227,233
646,157,224,229
646,158,221,227
646,169,219,222
646,179,216,217
647,176,214,215
648,173,212,213
649,170,211,211
501,214,266,167
508,215,258,164
503,220,266,160
506,225,266,158
510,232,266,153
507,232,268,153
510,234,270,150
507,233,273,148
503,236,279,146
504,235,274,144
501,236,281,146
501,233,281,143
497,233,281,140
493,233,281,137
489,233,282,134
486,233,282,131
482,233,282,128
488,233,273,128
471,230,284,125
460,227,280,122
444,227,281,121
437,229,277,116
430,232,274,112
423,235,281,108
415,238,281,104
406,241,281,100
400,242,281,94
394,243,281,88
388,243,281,82
387,244,282,84
384,246,281,79
391,250,277,70
402,257,271,67
404,264,276,66
424,271,266,68
426,272,264,66
432,285,270,62
444,293,266,62
458,301,259,61
467,308,255,62
466,316,263,64
467,315,258,62
471,322,256,59
486,327,247,55
487,328,249,54
496,322,246,53
504,315,243,51
504,315,242,51
509,306,242,51
516,300,240,51
518,292,244,59
526,286,239,51
536,283,234,50
537,282,234,51
541,282,234,49
549,284,232,51
559,289,229,49
571,301,223,48
577,312,222,47
581,312,218,48
585,323,215,50
595,331,208,44
599,338,207,43
605,340,203,41
608,343,200,44
609,342,199,47
612,343,202,42
630,343,193,45
640,347,192,49
642,350,199,52
654,355,198,52
649,357,196,46
656,362,201,51
662,367,198,52
661,371,198,52
658,375,196,54
651,378,198,55
651,375,198,58
643,382,197,56
631,382,195,60
618,383,198,64
604,384,195,64
591,386,192,65
587,388,193,65
576,393,191,64
565,399,189,63
555,404,188,62
544,409,186,61
538,418,185,60
540,419,182,56
531,420,192,66
535,429,180,64
536,428,178,70
537,427,177,69
539,426,175,69
540,426,173,68
542,425,171,67
543,424,169,67
545,424,168,60
541,417,167,63
541,409,166,64
545,408,162,65
547,400,161,65
544,395,160,65
542,390,159,65
540,384,157,65
537,379,156,65
537,378,157,65
531,373,150,66
524,371,147,68
517,369,144,71
510,367,141,74
503,365,139,76
500,364,140,77
490,366,142,76
481,365,139,78
471,369,137,79
462,371,136,80
454,373,132,81
451,375,133,78
448,378,124,82
447,380,120,82
447,382,117,83
448,385,115,86
450,389,114,88
451,392,112,89
453,396,111,89
455,400,110,85
461,406,106,87
469,409,103,82
472,409,103,86
469,412,108,79
485,413,96,72
495,415,96,61
512,413,94,56
528,411,91,54
545,408,91,53
545,409,92,53
562,404,91,53
580,402,89,53
599,401,89,55
619,399,92,53
642,398,89,54
643,399,89,52
665,399,85,51
527,296,312,423
545,287,285,433
559,274,256,443
567,249,249,464
569,250,250,463
567,228,247,473
563,190,246,504
554,162,254,519
534,125,260,541
504,93,276,578
497,102,288,564
481,64,285,609
462,46,299,636
438,38,315,657
431,41,313,660
425,26,330,687
426,26,320,690
410,49,340,666
434,92,309,624
454,142,292,576
490,189,257,530
499,234,240,485
497,238,244,481
511,277,231,442
510,317,234,402
501,355,257,364
491,378,274,340
478,370,280,349
477,367,279,349
481,345,273,371
490,297,257,422
482,246,268,470
480,243,273,473
485,236,279,478
484,240,280,474
506,230,262,485
522,232,258,487
526,230,256,488
533,233,240,483
539,232,238,485
536,231,240,488
