595,213,205,355
593,217,204,350
592,226,204,341
591,236,204,332
590,245,203,323
588,255,203,313
588,255,204,311
588,255,205,309
587,255,206,307
587,253,207,308
587,251,208,308
589,243,205,310
591,236,202,312
593,229,200,314
592,219,200,320
591,211,205,321
593,203,205,321
588,195,216,323
589,190,215,324
591,185,214,324
593,180,214,325
598,178,206,313
600,176,210,313
600,176,213,309
600,173,217,315
599,175,217,313
599,177,214,313
599,181,215,308
602,183,217,304
603,191,221,296
602,198,223,283
602,197,224,283
603,196,225,283
603,195,226,283
604,192,227,285
605,189,229,286
605,187,229,284
605,185,229,282
606,178,230,284
606,171,230,287
607,164,231,290
607,158,232,294
607,152,233,298
607,146,235,302
607,140,236,306
607,134,238,311
607,128,239,315
607,122,240,319
608,116,242,323
608,110,243,328
605,105,244,328
603,103,245,333
601,101,246,338
599,99,247,344
597,97,248,349
595,98,251,351
593,100,253,353
592,101,256,355
590,103,258,357
588,105,261,359
591,105,258,363
590,103,260,365
590,102,262,368
589,101,264,370
589,99,266,373
588,98,268,375
588,95,269,378
587,91,270,380
587,88,271,383
586,85,272,385
586,82,274,388
586,77,276,389
586,73,279,391
587,69,282,393
587,64,285,395
588,62,288,397
589,59,291,399
591,56,294,401
592,53,297,403
593,50,300,405
591,49,301,403
592,48,302,404
593,48,304,405
594,48,305,406
595,48,307,408
596,48,309,409
598,50,310,408
601,53,312,408
603,55,313,407
605,57,315,406
608,60,317,406
611,64,317,404
615,68,318,402
619,73,318,401
623,77,319,399
627,82,319,398
631,86,320,396
635,91,320,395
639,95,321,393
643,99,321,391
646,103,317,385
649,105,318,382
652,107,320,380
656,109,321,377
659,111,323,375
663,113,325,372
666,115,326,370
670,117,328,367
675,119,322,365
677,122,326,358
680,126,330,352
685,130,333,355
690,134,336,352
695,139,339,349
700,143,342,346
700,145,344,346
701,153,345,340
701,161,347,335
701,168,349,329
696,180,346,326
690,190,357,324
689,192,362,321
680,209,368,317
676,225,372,308
671,240,376,299
669,253,378,291
667,265,380,283
664,278,382,275
662,290,384,267
660,303,386,259
658,315,388,251
656,320,391,248
651,327,396,241
650,325,397,241
649,323,399,239
645,321,402,233
642,319,406,228
639,317,410,222
630,318,420,217
627,318,423,213
624,319,426,210
630,315,424,214
622,311,436,228
613,307,449,242
605,303,461,256
600,299,470,260
584,280,484,304
568,260,498,348
552,251,525,379
536,242,551,411
525,251,553,359
527,249,552,365
512,255,550,311
503,258,541,328
483,266,538,320
468,271,522,329
460,277,510,327
456,279,515,321
441,281,514,320
416,284,514,320
392,287,515,320
363,279,511,324
341,270,503,329
341,269,503,334
322,265,494,328
306,262,482,332
301,254,463,341
293,249,457,341
286,246,449,344
287,247,445,343
289,249,441,342
289,246,433,355
