525,274,171,275
524,272,170,274
524,270,170,274
524,268,170,274
524,267,170,274
523,259,170,280
523,252,169,286
523,244,169,292
522,237,169,297
522,229,169,303
522,222,169,309
519,213,170,317
522,209,167,316
522,207,168,315
525,209,167,313
530,212,167,311
534,216,167,310
539,227,168,308
544,236,166,301
545,235,166,303
545,242,176,307
546,253,171,302
547,260,172,304
546,269,173,302
545,272,172,307
544,275,173,305
540,280,176,305
539,285,176,302
537,290,176,300
536,292,173,296
537,295,171,297
535,297,170,290
535,301,169,287
533,304,170,285
533,310,168,281
532,312,170,279
531,310,165,284
532,312,166,282
529,311,167,282
527,305,165,286
526,308,172,280
523,302,174,277
523,300,174,277
524,298,174,276
524,296,174,275
524,294,174,274
524,292,174,273
524,290,173,275
525,288,173,276
525,286,172,278
525,284,172,279
518,283,169,282
513,284,169,285
505,283,168,292
498,279,167,295
497,281,174,294
491,277,166,296
484,271,166,300
482,260,168,311
485,259,168,311
484,260,177,308
486,256,172,314
490,255,168,315
495,256,166,314
495,260,171,315
496,264,176,316
497,268,182,317
498,270,183,315
499,271,184,313
500,273,184,311
500,274,185,309
495,267,183,311
496,260,183,307
496,260,183,307
494,253,183,301
491,252,184,289
489,246,183,290
486,243,182,285
481,241,184,281
479,246,188,277
476,247,191,275
471,248,194,275
466,250,197,276
461,252,200,277
456,254,203,278
459,251,200,277
451,259,202,276
447,264,209,277
443,268,205,269
441,276,201,266
429,283,217,259
428,282,214,266
425,284,216,263
422,286,217,261
419,287,218,259
415,287,221,258
412,286,225,257
409,285,228,256
406,285,231,255
401,283,234,257
396,281,237,259
391,280,252,259
387,279,267,260
383,279,273,263
379,278,279,266
375,278,284,269
371,277,290,271
373,285,290,260
366,290,296,254
359,294,302,247
353,299,309,241
348,306,314,235
344,313,320,228
337,321,326,223
349,330,319,218
353,335,323,214
358,339,327,211
361,350,346,212
365,361,365,212
386,367,376,222
408,373,387,232
404,367,388,237
417,379,405,245
426,382,437,270
433,372,490,321
380,359,581,360
434,340,567,379
435,339,565,380
472,318,541,401
468,293,556,403
488,279,560,349
520,270,520,325
554,264,458,317
565,268,451,312
577,262,404,291
596,252,340,290
613,261,312,252
616,267,280,238
625,277,252,215
624,277,252,215
641,297,226,193
