704,158,152,409
701,167,149,391
701,176,151,392
701,176,150,391
701,186,152,380
700,196,151,369
698,203,154,364
696,208,155,352
693,211,159,345
691,212,160,342
690,215,161,340
690,219,151,332
689,221,152,321
693,225,144,309
691,231,144,294
687,227,148,299
690,232,142,288
694,232,146,283
692,232,142,282
686,239,155,274
679,240,161,273
680,244,161,267
685,246,153,259
685,248,156,255
687,246,151,254
684,242,156,255
681,238,159,254
682,237,160,255
679,235,167,250
676,232,169,247
680,224,161,260
681,218,162,259
682,212,163,258
683,207,164,257
684,201,165,256
685,196,167,255
686,190,168,254
687,185,169,253
688,179,170,253
691,180,167,249
694,175,161,252
702,168,158,246
703,166,161,255
704,161,164,252
711,158,159,250
715,154,159,252
718,149,159,254
725,144,155,251
723,140,161,247
727,134,160,249
728,134,165,250
729,136,160,249
731,135,160,249
733,134,161,249
734,134,161,249
736,133,162,249
738,131,162,249
739,130,163,249
741,128,163,249
743,127,164,250
744,125,165,250
750,125,159,245
752,124,159,244
753,123,159,244
755,122,159,243
757,121,160,243
758,120,160,242
760,119,160,242
761,118,160,241
763,117,160,241
765,117,161,241
766,118,160,240
767,120,159,239
768,121,159,238
769,123,158,238
771,124,158,237
772,126,157,236
773,127,156,236
774,129,156,235
775,130,155,234
777,132,155,234
775,131,153,231
774,136,153,231
773,141,153,231
772,146,153,232
771,151,153,232
770,156,154,232
769,161,154,233
769,165,154,233
768,170,154,233
768,175,155,234
771,175,155,234
774,175,155,233
777,175,155,234
780,176,155,233
783,176,155,234
786,176,155,234
789,174,155,234
792,172,155,233
795,170,155,234
799,168,155,234
804,167,154,233
809,166,154,232
815,165,154,231
818,165,155,229
821,165,155,227
827,166,155,225
834,166,156,223
840,166,156,221
846,166,156,219
853,167,157,217
855,168,157,216
857,169,158,215
859,171,159,214
862,172,159,213
864,174,160,212
866,175,161,211
869,177,161,209
871,176,162,209
873,175,163,208
875,174,164,207
880,170,163,205
888,169,163,204
889,172,164,202
891,176,165,200
892,179,166,198
894,183,167,196
891,187,169,194
888,190,170,192
885,194,171,190
882,198,173,189
880,201,175,188
878,204,178,188
876,207,180,188
876,210,181,188
876,214,182,187
876,217,183,187
876,220,183,186
876,223,184,186
867,223,197,192
863,230,202,189
865,231,201,187
855,238,207,190
847,245,214,192
836,253,220,194
826,261,226,197
816,270,233,200
809,267,239,202
796,276,245,204
784,286,252,207
774,296,258,209
764,301,266,208
753,305,274,207
755,304,265,206
742,309,283,205
725,319,293,197
718,325,295,193
705,330,305,194
681,338,324,193
673,336,332,196
666,342,339,198
661,339,348,206
657,331,352,226
653,318,350,247
649,300,356,273
648,302,359,271
639,277,384,322
645,257,393,369
657,243,393,382
595,243,465,352
589,242,501,298
587,242,506,301
586,242,510,312
584,250,532,305
569,261,546,321
546,270,576,321
531,288,562,319
532,289,562,317
473,304,582,323
418,320,593,312
383,329,582,317
356,337,556,315
336,339,524,314
337,340,517,312
330,340,480,299
327,340,435,284
319,345,407,271
309,341,377,255
