672,118,218,358
669,116,217,353
667,115,216,349
662,116,225,347
661,114,229,345
661,115,227,345
663,113,225,346
665,112,223,347
667,110,221,348
669,108,218,349
671,107,216,350
675,104,208,345
675,107,208,340
674,108,208,338
675,109,206,336
674,104,207,341
674,106,205,344
675,105,206,345
674,113,210,338
673,114,211,338
672,118,218,337
673,110,215,342
673,109,216,344
673,106,217,343
673,104,217,342
673,101,217,341
674,99,217,340
674,97,217,339
674,94,217,338
674,92,217,337
675,90,218,337
674,93,216,334
670,93,218,333
660,92,222,334
652,94,220,328
661,92,221,332
650,95,230,331
650,95,232,330
652,98,227,333
650,98,230,330
650,101,233,328
657,99,222,328
659,96,222,329
661,92,222,329
663,88,221,329
665,84,221,329
666,80,221,330
668,76,220,330
670,72,220,330
672,68,220,330
674,65,220,331
683,54,214,334
681,52,217,334
681,52,216,333
679,51,217,333
681,51,216,331
678,56,220,325
675,60,220,324
671,64,221,323
668,70,219,321
663,75,218,325
661,78,217,324
659,81,216,324
657,84,215,324
655,87,214,323
653,90,214,323
651,93,213,323
649,96,212,322
647,99,211,322
645,103,211,322
641,109,218,325
642,110,216,323
643,111,214,322
644,112,212,321
643,114,213,321
643,117,214,322
643,119,215,322
642,121,216,323
642,123,217,323
642,125,218,324
642,128,219,325
636,128,213,323
634,133,217,323
634,135,216,325
635,138,216,335
635,138,215,335
638,144,216,326
640,148,214,325
642,156,217,329
645,160,221,328
648,162,225,324
654,164,226,319
658,157,230,321
663,156,234,320
667,156,234,323
672,155,233,323
672,157,234,317
672,157,235,315
670,158,240,314
670,163,239,310
671,169,239,309
671,171,236,302
671,169,240,302
671,167,244,302
670,165,248,302
673,163,249,299
676,162,250,297
678,160,250,294
681,159,251,292
684,158,252,289
694,152,247,287
698,152,258,283
696,147,263,277
701,154,260,270
702,150,259,274
699,149,263,277
702,149,261,280
701,145,259,283
700,152,257,272
697,157,258,269
694,163,259,266
691,168,261,263
688,174,262,260
685,180,264,257
684,186,267,253
686,192,268,251
682,202,271,250
680,207,274,249
667,212,292,248
676,216,287,247
685,221,283,247
685,227,286,244
685,232,288,241
684,238,291,237
684,243,293,234
683,249,296,231
683,254,311,222
686,260,310,220
684,269,310,215
686,272,309,215
681,276,309,215
676,276,313,216
670,277,317,218
665,282,321,208
660,284,326,208
655,283,330,206
653,280,334,205
651,290,338,193
643,287,342,199
635,288,347,209
627,279,351,228
623,283,358,221
612,275,371,234
596,258,393,279
579,248,399,297
567,244,412,326
559,241,447,363
555,235,458,362
542,230,471,353
536,239,479,289
527,240,490,302
524,241,496,308
511,249,494,297
513,249,492,296
503,251,479,306
498,253,463,294
469,250,475,285
458,245,453,279
447,247,452,268
440,247,460,265
430,248,449,267
422,246,429,262
411,246,412,254
415,243,390,248
416,241,372,236
415,242,370,235
420,243,356,227
420,249,344,218
426,250,330,210
433,254,319,200
434,252,318,200
435,252,314,197
444,255,305,191
