238,96,350,622
237,99,350,618
236,103,350,614
235,115,350,603
235,127,350,591
234,139,350,579
233,152,350,568
232,161,349,558
231,170,348,548
230,179,347,538
229,189,346,529
225,196,351,521
222,204,357,513
218,194,363,524
212,196,372,522
205,198,381,521
199,199,390,519
193,201,399,518
180,210,418,510
163,210,444,505
167,202,435,517
139,199,483,514
127,193,520,527
115,177,563,543
103,197,592,523
86,189,619,531
89,191,617,529
92,201,627,519
113,216,624,484
135,232,621,449
167,246,601,401
197,263,600,359
197,260,601,367
239,281,586,320
303,303,545,284
348,322,516,246
412,331,475,227
457,342,443,212
459,340,441,215
512,343,402,205
549,339,381,215
596,344,343,210
629,338,317,201
653,333,293,200
666,328,281,198
688,320,254,192
711,312,227,186
733,304,200,179
735,295,186,171
744,287,166,167
745,291,168,164
748,281,159,158
747,277,150,153
745,275,129,147
740,272,122,141
741,274,114,131
745,274,108,130
741,276,100,124
737,278,92,118
733,281,84,112
729,283,75,106
722,290,70,95
724,289,69,98
719,293,65,95
713,298,62,86
709,299,58,87
704,302,52,83
695,305,52,79
694,308,52,75
689,312,47,71
684,315,42,67
674,319,42,60
668,322,40,58
663,326,38,54
664,326,38,55
656,329,37,53
651,334,37,48
647,339,35,48
644,344,35,46
643,349,31,45
645,348,30,46
641,352,31,43
642,355,30,43
641,359,29,42
638,363,28,40
638,369,27,39
638,369,27,38
636,372,26,36
636,377,25,34
636,381,23,32
635,384,23,30
634,387,22,31
634,389,21,29
632,393,20,28
631,397,19,28
629,401,19,27
627,405,19,26
626,408,18,27
626,409,19,26
623,414,20,26
514,187,155,216
510,190,158,220
507,193,162,224
504,196,165,229
501,200,169,233
497,204,172,239
492,208,176,244
487,212,179,250
483,216,183,255
478,221,186,260
478,225,188,258
469,214,205,279
468,212,204,286
469,221,211,282
465,219,215,286
461,218,219,291
458,216,224,295
449,213,231,302
439,209,239,308
430,205,246,314
421,202,254,321
405,199,270,337
398,200,273,341
391,201,276,345
385,202,280,352
374,194,284,358
369,203,283,368
350,216,303,377
344,220,308,376
339,225,314,376
335,237,330,385
329,247,346,387
334,252,350,399
323,257,375,405
323,259,383,405
320,256,396,416
318,252,409,428
316,248,423,439
313,241,441,450
311,233,454,455
311,234,456,458
301,220,480,471
292,207,505,485
283,194,530,499
274,180,555,513
265,160,599,534
278,156,577,540
259,154,610,541
259,145,649,540
260,132,665,553
262,120,681,566
254,115,711,569
253,112,720,575
253,109,730,581
259,107,758,592
263,107,774,608
257,113,793,606
252,119,798,600
247,125,803,594
242,131,808,588
253,144,796,571
240,154,799,562
228,163,803,553
217,180,798,540
204,181,809,536
192,198,812,519
180,206,816,512
167,214,819,504
155,221,822,497
143,229,826,490
131,236,829,483
142,241,809,470
152,246,791,473
163,251,771,459
127,254,798,465
96,261,855,458
92,265,878,454
112,270,835,449
154,275,768,427
196,280,701,394
255,273,620,366
268,272,583,357
270,270,579,354
270,249,573,372
266,225,570,414
252,210,590,454
236,215,591,421
222,232,615,346
220,232,621,338
208,248,631,339
199,255,639,335
186,274,635,328
192,294,636,328
192,309,625,315
187,310,628,316
193,318,625,314
207,328,629,315
224,334,634,317
242,338,657,315
279,343,650,326
279,347,646,321
303,346,645,319
319,344,635,321
336,342,626,324
336,351,632,311
273,148,170,183
275,144,169,183
277,140,173,184
280,136,176,185
282,132,180,186
285,128,184,187
294,124,184,181
293,123,185,182
299,120,185,178
305,117,186,174
311,114,186,173
317,111,186,173
323,109,186,172
323,108,184,170
324,107,182,167
324,106,181,165
325,105,179,162
325,104,178,160
327,106,176,156
329,108,174,153
332,111,172,150
335,110,173,151
338,112,171,148
341,115,169,147
345,117,167,145
348,120,165,143
351,122,166,141
355,125,167,139
358,127,167,137
362,130,168,135
370,135,168,133
370,136,171,131
378,139,169,133
386,142,167,135
395,145,166,137
399,144,170,136
402,146,174,126
402,148,173,124
409,145,166,128
415,143,167,127
413,142,168,126
420,142,165,120
420,140,165,119
421,138,166,118
422,136,166,117
423,134,167,116
424,132,168,115
421,129,169,114
418,126,171,113
416,123,173,112
412,121,171,111
405,118,169,107
398,115,167,102
392,113,159,99
380,113,170,93
381,112,167,96
372,109,175,94
364,105,168,96
358,104,166,88
348,102,168,90
338,105,171,87
340,103,171,87
334,101,171,91
334,104,162,84
325,108,173,81
323,109,171,79
322,111,170,77
321,112,168,75
320,114,167,73
316,118,177,70
317,124,171,72
322,132,165,61
322,134,165,62
323,136,166,64
325,143,167,64
327,150,167,63
329,157,168,63
331,164,168,56
333,174,165,55
336,176,163,53
340,179,160,53
343,182,158,54
344,189,166,48
348,193,164,45
351,196,160,45
350,196,160,44
352,201,155,42
352,207,154,41
352,213,153,41
352,219,153,40
352,225,152,40
351,229,151,39
350,234,151,38
349,242,149,40
349,250,147,43
349,258,145,46
352,267,144,44
349,269,143,43
350,278,143,41
350,286,142,40
350,294,141,39
353,299,139,40
357,305,138,42
360,305,136,44
365,312,135,46
369,318,133,47
373,324,132,49
376,327,132,50
379,330,132,51
382,333,132,52
384,340,130,49
388,344,131,49
390,348,132,46
395,352,131,49
395,359,131,50
395,359,130,48
397,364,129,48
396,368,130,50
399,372,129,50
399,377,127,50
402,377,125,55
400,377,126,55
405,380,121,54
403,381,126,55
411,382,119,55
415,382,117,57
419,382,114,57
421,382,117,57
425,382,113,55
429,379,111,56
442,375,105,55
448,374,103,55
452,370,103,55
452,370,104,55
456,368,102,56
459,366,100,55
464,365,99,52
469,362,95,52
475,360,92,52
474,360,94,52
479,360,90,51
484,359,86,51
487,359,86,49
489,358,87,50
494,362,82,47
494,361,83,49
496,362,81,48
499,364,80,49
500,367,77,50
504,371,76,50
508,377,74,47
505,375,73,47
506,379,73,48
508,382,71,47
512,386,68,47
514,387,66,48
516,389,66,48
515,388,66,48
519,391,63,49
523,393,62,48
526,397,63,47
534,397,59,49
539,402,57,48
540,401,56,49
544,404,57,49
549,408,56,45
554,411,55,43
561,414,52,44
564,418,53,45
563,418,53,46
571,423,51,45
578,425,50,44
586,428,49,44
594,431,48,43
601,433,47,43
602,434,46,43
610,437,44,42
620,440,44,43
630,443,43,43
639,442,43,44
647,446,49,45
647,446,49,42
656,451,48,44
665,454,48,44
674,458,48,44
683,461,48,44
693,462,49,44
695,462,47,44
706,465,47,45
717,470,47,44
726,476,47,43
734,481,47,42
748,489,42,41
748,486,42,41
757,490,41,40
766,496,40,42
776,499,39,42
785,502,37,42
794,509,38,40
793,507,39,42
803,513,38,40
812,517,38,40
820,520,38,39
828,523,37,39
836,526,36,36
836,527,37,38
843,528,37,38
849,529,37,37
856,529,36,37
862,530,36,36
869,531,36,36
869,530,36,36
873,528,36,36
877,526,36,36
880,526,39,32
888,522,36,32
892,518,37,33
893,517,36,36
384,178,470,471
381,166,466,485
387,153,465,489
388,136,466,504
398,116,461,523
392,112,477,508
403,94,465,536
417,80,454,538
411,84,470,528
408,98,476,511
413,123,486,498
418,117,480,510
425,128,484,517
431,144,481,517
430,151,479,512
433,150,475,513
435,153,478,506
432,151,482,507
434,150,480,504
434,140,479,509
440,144,486,491
437,136,487,484
429,132,492,498
426,132,487,495
430,130,491,497
421,140,490,489
425,144,486,494
422,141,498,497
424,138,482,496
418,140,490,494
427,130,490,505
424,127,485,506
419,125,495,507
414,131,502,503
409,124,510,514
414,126,508,514
405,120,515,513
411,115,521,513
408,116,522,511
418,114,519,516
423,106,526,521
422,107,525,522
414,102,530,535
424,98,525,537
420,86,535,548
422,75,534,553
419,63,538,562
406,64,549,560
417,63,545,556
409,59,556,552
417,67,560,560
