555,76,716,642
555,80,711,638
555,76,705,642
555,87,713,631
555,85,711,633
555,98,703,620
555,112,694,606
555,126,685,592
555,140,676,578
555,166,651,552
555,168,650,550
545,189,630,526
535,224,611,495
526,258,602,461
516,287,582,433
507,305,547,412
508,308,548,411
496,326,520,393
483,348,503,369
471,363,479,341
459,378,456,314
452,387,434,297
446,387,450,293
439,387,415,288
435,397,387,269
426,390,362,261
419,389,339,250
413,388,325,240
407,387,334,240
400,386,294,233
394,386,255,226
389,386,231,218
384,387,225,210
379,380,219,203
377,381,213,196
372,382,207,188
362,382,210,178
360,385,192,169
342,379,193,169
338,384,182,156
343,389,176,151
334,384,176,148
328,383,170,144
322,382,148,135
316,381,144,132
306,377,141,130
308,378,139,131
301,378,134,126
295,377,128,121
288,377,123,116
281,376,117,111
274,376,115,106
272,375,117,106
268,372,111,107
264,371,104,105
259,370,101,103
255,369,98,100
251,369,96,97
246,368,93,94
242,367,90,91
238,367,88,89
231,366,85,88
228,365,83,85
223,364,79,82
224,364,77,84
220,363,74,79
217,363,71,76
214,363,71,75
211,362,70,71
209,362,70,71
209,363,69,71
207,361,68,68
204,360,65,67
201,358,65,65
198,357,63,63
194,355,63,60
195,355,62,61
191,353,62,59
188,351,61,61
186,349,59,60
182,347,55,59
178,345,54,57
178,344,53,58
175,342,53,58
171,341,53,56
169,338,50,57
165,337,48,55
