761,108,164,288
766,111,163,284
771,114,162,281
777,118,161,278
782,121,161,275
788,119,161,277
793,118,161,279
798,116,162,282
801,111,162,284
804,107,162,286
808,103,163,288
810,100,163,287
813,98,164,286
816,96,165,285
819,94,166,287
822,92,167,288
825,89,168,289
828,87,169,290
831,90,172,291
834,93,170,296
838,94,168,293
838,96,177,291
846,102,172,288
853,100,173,294
861,103,175,293
868,100,175,302
866,99,177,303
869,100,181,302
874,97,181,307
879,97,183,304
887,98,175,302
890,95,175,304
889,95,177,306
893,92,177,308
897,95,178,307
902,98,177,304
906,99,178,306
911,101,179,311
911,100,181,313
916,103,182,315
926,114,182,310
933,114,187,318
940,122,190,318
949,125,191,320
948,129,193,314
958,133,193,325
966,139,197,325
975,141,197,330
985,144,195,331
993,147,188,330
997,150,184,331
994,148,187,334
988,149,190,331
975,156,194,332
957,164,200,331
937,169,200,327
935,175,199,329
912,177,203,328
896,186,204,323
877,195,202,320
855,215,202,308
834,226,209,310
833,225,209,310
827,235,209,310
824,246,209,306
814,255,216,295
813,262,208,293
805,265,212,294
803,268,213,285
803,271,213,284
805,268,210,291
801,264,210,293
800,263,213,292
799,262,217,290
797,261,221,288
798,261,222,282
800,260,223,276
801,259,224,271
802,258,224,265
806,258,219,261
804,259,225,264
799,253,235,267
794,256,237,267
787,259,241,266
781,262,245,265
774,265,248,264
768,268,252,263
761,271,256,262
754,274,259,261
751,278,258,262
742,290,267,248
733,290,278,253
727,293,281,253
719,296,283,255
707,298,299,252
698,301,307,248
688,298,314,252
678,300,321,248
669,300,328,248
660,299,336,248
650,296,343,251
653,286,358,259
655,276,373,267
658,270,387,269
661,273,390,264
663,262,407,273
666,256,424,276
669,235,440,295
671,223,475,305
674,194,491,331
677,195,491,328
672,161,519,377
672,122,544,432
665,104,585,477
654,75,624,539
641,60,638,503
630,55,648,508
639,54,639,435
596,70,683,442
571,87,708,460
566,106,712,434
546,138,694,440
541,134,673,429
530,159,680,433
506,187,686,388
476,201,668,402
467,203,649,392
459,205,629,382
458,207,613,376
458,209,596,370
470,212,547,355
482,206,531,359
515,209,463,331
