721,87,219,341
719,94,218,342
718,102,218,343
717,109,218,344
716,117,218,345
718,118,216,347
720,118,213,350
716,124,219,355
712,129,224,360
708,134,229,365
703,148,233,362
702,153,237,360
701,158,241,357
698,161,247,359
695,164,252,360
693,167,257,362
690,171,263,363
687,174,268,364
684,177,274,366
681,180,279,367
679,184,285,369
680,185,289,371
681,185,293,372
682,185,298,374
683,186,302,376
684,186,306,377
685,187,310,379
686,187,314,381
687,187,319,383
688,188,323,384
688,188,327,383
687,193,332,383
686,198,337,384
692,193,342,384
689,195,347,389
686,197,352,388
684,205,357,388
681,208,368,392
679,218,371,390
677,228,374,388
674,237,377,386
675,238,376,390
676,244,377,387
676,251,379,384
677,257,381,382
678,264,381,397
679,276,383,390
679,275,385,390
680,282,387,382
680,289,389,374
680,296,391,367
678,301,395,360
676,300,399,360
673,298,403,359
671,304,407,350
667,306,411,357
666,294,416,357
664,293,420,357
651,289,429,342
662,290,424,341
654,289,434,336
647,288,437,320
635,287,446,305
610,286,466,304
601,286,462,290
591,287,472,291
562,289,459,304
536,305,482,289
531,296,479,288
489,286,507,301
447,276,535,315
442,272,544,320
468,285,548,287
458,277,554,285
449,266,562,292
441,246,570,315
432,227,583,342
438,226,582,344
434,189,609,387
416,150,619,437
397,111,629,488
391,76,644,544
388,71,668,583
390,67,675,587
377,74,682,558
446,110,632,454
397,139,692,423
414,152,669,397
416,165,688,400
415,176,698,391
399,187,728,382
415,203,709,365
418,213,688,359
441,238,662,339
428,237,681,337
428,233,680,342
424,243,695,326
439,239,696,320
452,240,699,308
470,237,685,308
477,245,685,290
490,237,669,294
488,237,643,285
494,233,614,280
482,230,586,269
456,228,570,261
453,236,537,250
455,238,535,246
461,246,501,239
467,254,486,231
475,262,473,228
514,268,420,222
529,270,404,219
531,269,400,220
538,272,387,222
531,275,389,223
532,274,382,225
538,275,368,229
550,278,349,226
549,276,347,230
541,281,358,228
559,276,344,233
582,273,334,236
599,273,324,235
607,270,324,238
605,271,329,236
600,268,335,238
595,268,337,235
591,265,340,236
587,261,338,238
583,267,341,227
584,262,340,234
583,257,345,238
586,253,346,242
592,250,347,244
589,252,364,242
