172,0,734,720
162,0,761,720
152,0,789,720
142,0,802,720
133,0,816,720
123,0,829,720
113,0,843,720
97,0,847,720
68,0,874,720
0,0,957,720
0,0,961,707
0,5,961,692
0,0,954,703
0,5,950,702
0,0,951,704
0,0,961,712
0,0,962,704
0,6,965,703
0,0,966,703
0,0,954,720
0,0,954,720
0,0,954,720
0,0,955,720
0,0,958,720
0,0,960,720
0,0,980,720
0,0,1000,720
0,0,1020,720
0,5,1029,698
0,0,1026,720
75,3,962,629
232,0,898,565
356,0,763,524
467,0,658,476
553,0,613,456
550,0,619,457
619,0,550,431
673,0,491,425
719,13,440,402
755,35,386,372
782,72,331,323
783,73,324,327
808,98,299,298
821,112,293,278
843,142,274,241
854,153,256,228
868,174,235,203
872,181,224,194
885,188,205,184
897,195,185,175
901,201,175,168
904,210,169,158
913,217,157,148
915,220,153,144
921,225,144,138
923,230,140,131
931,235,131,125
936,241,125,119
941,245,119,114
945,249,114,110
949,253,108,106
953,257,103,102
952,259,102,99
954,262,99,96
957,265,95,92
959,268,91,88
961,271,88,85
963,274,84,81
965,276,80,77
967,279,77,74
970,281,73,71
972,282,69,69
974,284,66,67
972,287,67,64
973,289,64,62
974,291,61,59
975,293,58,57
976,295,55,54
977,296,52,52
978,298,50,49
981,300,46,48
982,301,44,47
981,302,45,45
982,301,44,46
982,301,42,45
981,302,42,43
982,303,41,42
982,304,40,41
982,304,39,41
982,304,38,40
982,305,37,39
982,306,36,38
982,307,35,37
982,308,34,36
982,309,33,35
982,309,32,34
459,132,276,408
459,129,277,409
459,127,277,411
459,125,277,413
459,123,277,414
459,121,278,416
457,119,279,418
455,116,280,419
454,114,281,421
452,112,283,422
451,110,279,421
447,108,283,424
443,106,282,425
439,104,281,427
435,102,281,429
432,100,280,431
428,98,280,433
425,97,280,435
423,96,280,437
421,94,280,439
418,93,281,430
415,89,280,438
413,85,280,447
412,85,280,443
409,85,281,445
407,85,281,448
404,84,282,450
404,85,282,452
404,85,283,454
404,86,283,456
403,94,285,452
400,97,286,457
398,101,287,462
396,105,288,467
394,109,290,472
395,113,291,473
396,117,292,474
396,120,294,476
397,124,295,477
398,127,296,478
399,131,298,480
402,131,300,478
405,131,302,476
408,131,304,474
412,131,306,471
415,132,309,469
418,132,311,467
421,128,311,468
424,125,312,469
427,121,313,470
430,118,313,470
429,117,314,469
428,116,314,467
427,115,315,466
426,114,316,464
424,113,316,462
423,115,318,461
421,117,320,459
419,119,322,458
417,121,324,456
415,124,326,454
412,126,328,453
408,128,331,452
405,131,334,450
401,133,337,449
398,135,339,447
397,141,341,447
396,146,343,447
395,152,344,447
394,157,346,447
393,163,347,446
395,164,349,444
396,171,356,441
398,179,358,436
395,186,362,432
394,190,367,428
390,192,373,426
392,192,369,424
389,191,372,421
386,188,377,420
378,190,387,412
376,183,385,407
371,172,386,410
369,170,388,411
363,163,392,411
351,158,402,411
340,153,412,412
335,150,419,409
330,147,426,405
325,144,433,402
321,141,441,399
314,139,459,403
316,139,478,397
314,138,487,392
311,137,495,395
309,136,503,394
306,135,511,393
304,134,519,384
301,133,527,391
299,132,534,383
288,135,550,383
282,136,559,383
293,137,569,387
305,138,576,407
321,147,572,415
321,139,576,435
334,122,568,471
331,118,568,477
334,100,562,506
346,87,511,544
294,99,593,548
268,99,613,503
241,100,621,410
238,101,622,405
227,102,624,375
194,102,652,365
144,102,692,361
103,100,721,369
61,103,755,360
58,97,767,367
29,104,793,373
15,120,813,368
11,129,816,367
353,272,146,165
355,263,155,167
354,265,156,165
353,262,166,169
353,258,175,172
347,252,190,176
341,247,205,180
335,241,219,184
336,240,221,186
329,234,233,186
317,225,260,200
302,217,286,204
288,210,312,209
274,203,338,214
275,197,344,218
259,191,363,216
240,186,394,215
222,180,425,214
204,174,457,213
185,169,488,212
181,166,490,215
179,165,509,213
183,163,535,215
201,161,547,216
218,159,559,217
248,159,582,211
254,160,587,209
287,161,565,203
330,166,548,189
367,182,517,165
402,190,484,156
440,201,430,142
445,203,420,142
451,205,410,142
465,207,379,135
479,209,348,128
489,209,322,123
508,208,288,115
507,209,287,113
512,206,261,116
518,202,248,119
532,201,222,109
540,203,211,111
548,205,200,113
557,207,190,115
574,215,180,108
592,224,170,102
617,239,142,96
386,171,313,235
387,172,316,235
389,173,320,235
391,174,328,234
396,172,333,235
400,169,338,236
402,170,340,236
404,170,343,235
406,170,345,234
408,170,347,233
410,171,349,232
412,171,351,232
415,171,353,231
411,177,361,227
407,178,369,226
403,180,377,226
399,181,385,225
396,181,387,225
393,181,389,225
390,182,391,225
387,182,392,226
380,181,395,224
373,181,401,222
368,181,406,216
367,181,408,213
366,181,410,209
364,182,412,206
363,182,413,203
362,182,415,200
356,186,428,197
357,195,433,192
359,198,436,189
361,201,440,187
363,204,443,185
365,207,447,182
367,210,451,180
369,213,454,178
371,216,458,176
373,219,462,173
373,219,469,166
384,227,471,161
393,229,469,161
399,236,475,156
406,239,477,158
405,241,475,156
397,246,494,157
399,251,495,154
397,255,498,151
389,257,495,149
388,256,501,147
383,255,509,151
383,260,498,133
365,260,509,132
371,262,505,128
377,260,507,124
392,263,500,119
393,261,500,123
399,266,496,124
414,263,489,129
424,261,488,129
431,259,492,141
438,259,479,138
437,260,482,135
446,256,467,142
443,255,455,141
441,255,443,139
438,255,431,137
436,255,420,135
433,254,420,136
431,253,408,135
429,253,396,132
421,256,385,125
420,253,379,126
419,251,373,128
418,248,367,129
417,246,361,131
420,243,351,131
424,241,341,131
428,238,331,131
432,236,321,131
435,234,314,132
442,227,305,136
445,223,296,138
447,221,288,137
456,219,279,136
459,216,267,133
459,217,269,133
465,217,256,132
473,217,248,134
478,216,241,132
487,221,232,128
494,221,223,132
494,221,223,130
498,219,220,133
505,219,210,132
512,219,200,130
519,218,191,131
528,217,180,130
531,216,181,130
534,215,182,129
538,214,184,129
548,209,174,127
553,208,168,127
558,208,163,128
557,209,165,125
563,206,166,125
570,207,162,123
574,211,160,123
579,214,157,123
583,218,153,119
583,215,154,122
591,221,149,121
594,223,146,123
597,228,145,120
600,234,146,115
601,239,138,115
604,240,137,115
604,244,137,115
604,248,135,115
605,252,134,115
606,254,134,114
609,257,131,117
608,259,132,114
608,263,125,115
609,265,125,116
608,269,125,116
606,272,126,115
603,275,121,117
603,275,124,116
601,278,124,115
597,280,126,114
599,281,115,114
596,283,113,113
593,285,111,112
592,285,110,111
593,288,107,111
592,288,107,111
587,289,106,112
587,289,105,113
586,291,105,114
585,291,106,114
585,293,104,115
586,295,101,116
586,298,97,116
587,300,93,117
589,303,88,118
588,303,89,118
591,305,84,120
591,307,82,120
592,310,78,120
587,311,84,121
590,315,75,116
590,315,75,116
588,320,78,120
587,326,82,117
588,331,85,108
587,338,90,97
586,340,91,94
586,341,92,93
588,342,93,92
586,346,99,90
589,345,93,92
590,345,94,93
592,347,92,93
591,347,92,94
592,346,92,96
592,346,93,98
593,346,94,100
592,347,95,101
592,349,94,101
593,350,97,102
592,349,95,105
597,351,89,107
597,351,90,105
596,350,92,106
595,349,90,107
596,348,89,108
597,347,90,108
594,346,91,108
595,343,92,110
596,344,95,106
595,335,92,111
595,336,93,108
594,332,92,110
593,330,94,108
591,326,96,110
591,323,94,110
591,320,93,109
592,320,95,110
404,12,347,381
403,7,341,376
405,2,330,377
420,1,309,377
429,4,279,378
430,0,277,390
434,9,258,385
437,24,246,378
436,43,231,374
438,63,211,375
433,84,198,381
421,80,210,384
403,104,224,382
386,130,237,369
367,150,262,354
350,165,287,347
336,168,309,346
335,166,306,350
