318,55,374,466
319,56,369,454
327,37,368,462
334,18,369,479
345,15,367,483
354,13,368,485
364,13,367,481
367,11,364,484
381,13,359,486
398,15,349,492
416,22,342,498
447,30,306,507
465,46,298,505
467,47,296,501
486,61,279,499
496,78,271,503
503,87,265,513
507,114,259,510
511,132,253,511
510,134,254,511
513,159,256,508
524,171,242,510
525,180,239,520
531,197,227,515
528,204,227,508
528,206,225,507
529,210,221,503
529,214,221,494
526,211,224,492
522,204,250,492
523,199,254,492
527,190,243,496
534,184,222,490
537,183,224,481
544,176,221,476
549,166,224,479
552,162,227,480
552,161,229,482
550,160,235,475
539,161,264,470
528,156,275,479
527,152,256,477
526,149,238,475
526,146,240,482
517,138,245,480
508,131,251,479
500,124,256,477
488,116,265,475
477,109,273,472
485,102,263,477
459,89,268,479
456,78,254,494
452,71,253,503
451,69,250,505
438,74,268,513
438,73,270,514
