738,71,220,343
735,72,222,343
733,74,224,344
730,76,226,345
728,77,228,346
725,79,230,347
723,81,232,348
720,82,234,349
718,84,236,350
715,86,238,351
713,88,240,352
712,89,239,353
711,91,239,355
710,93,239,356
710,95,238,358
709,97,238,360
708,98,238,361
708,100,237,363
707,102,237,364
706,104,237,366
706,106,237,368
705,109,238,369
705,112,239,371
705,116,240,372
704,119,242,374
702,123,243,375
700,127,244,377
697,131,246,378
695,135,247,380
693,139,248,381
691,143,250,383
687,148,249,384
684,154,249,386
680,159,248,388
677,165,248,390
674,168,247,391
671,170,247,393
668,173,246,395
665,176,246,397
661,181,248,398
654,196,260,393
652,200,264,387
651,204,265,382
649,202,267,383
648,200,270,384
647,198,272,385
645,197,274,385
644,195,277,386
642,193,279,387
641,191,281,388
640,190,284,389
642,188,286,387
645,186,288,385
647,184,291,383
650,183,293,381
652,181,296,379
655,176,303,380
657,171,310,381
660,166,317,382
662,161,324,383
665,157,332,385
667,156,332,384
669,156,333,383
672,156,333,383
674,156,334,382
675,155,339,383
676,153,344,383
677,152,349,383
678,150,354,384
679,149,359,384
680,148,364,385
672,153,369,385
664,153,383,390
663,150,380,394
648,158,391,396
640,165,395,394
631,172,398,393
623,179,402,391
615,190,405,389
607,194,409,387
599,201,412,385
581,202,421,385
563,204,429,385
545,205,437,385
527,207,445,384
519,201,454,384
496,203,462,384
477,206,470,384
458,209,479,384
458,213,468,377
420,216,495,384
419,215,494,373
419,214,494,363
418,212,493,352
418,211,492,342
417,210,491,331
417,209,490,321
416,208,489,310
416,207,489,300
415,206,488,290
415,205,487,279
409,200,500,286
411,193,511,292
413,180,516,306
424,186,512,299
446,173,527,320
469,156,505,342
455,118,535,381
478,105,529,409
481,98,514,421
475,84,536,455
466,94,515,458
455,110,537,415
424,127,572,357
404,138,575,365
393,132,584,367
416,156,547,340
427,172,537,322
432,188,544,305
456,193,527,285
485,198,509,265
479,198,522,267
499,198,523,257
520,199,526,244
528,195,527,238
530,197,536,232
520,199,559,229
519,199,558,232
531,202,558,222
538,201,547,216
542,211,535,202
535,201,537,209
538,202,519,203
540,204,500,197
543,205,481,191
546,207,462,184
542,208,451,180
538,209,440,176
534,211,429,171
537,210,427,172
536,208,417,177
529,203,420,182
532,205,410,184
532,202,409,189
538,201,409,192
543,200,408,195
553,199,404,198
562,198,399,201
572,197,395,204
580,191,394,206
588,186,393,209
590,181,397,212
592,177,401,216
594,172,405,220
596,168,409,224
599,163,413,227
612,160,412,231
617,158,411,235
622,156,411,240
