459,132,276,408
459,129,277,409
459,127,277,411
459,125,277,413
459,123,277,414
459,121,278,416
457,119,279,418
455,116,280,419
454,114,281,421
452,112,283,422
451,110,279,421
447,108,283,424
443,106,282,425
439,104,281,427
435,102,281,429
432,100,280,431
428,98,280,433
425,97,280,435
423,96,280,437
421,94,280,439
418,93,281,430
415,89,280,438
413,85,280,447
412,85,280,443
409,85,281,445
407,85,281,448
404,84,282,450
404,85,282,452
404,85,283,454
404,86,283,456
403,94,285,452
400,97,286,457
398,101,287,462
396,105,288,467
394,109,290,472
395,113,291,473
396,117,292,474
396,120,294,476
397,124,295,477
398,127,296,478
399,131,298,480
402,131,300,478
405,131,302,476
408,131,304,474
412,131,306,471
415,132,309,469
418,132,311,467
421,128,311,468
424,125,312,469
427,121,313,470
430,118,313,470
429,117,314,469
428,116,314,467
427,115,315,466
426,114,316,464
424,113,316,462
423,115,318,461
421,117,320,459
419,119,322,458
417,121,324,456
415,124,326,454
412,126,328,453
408,128,331,452
405,131,334,450
401,133,337,449
398,135,339,447
397,141,341,447
396,146,343,447
395,152,344,447
394,157,346,447
393,163,347,446
395,164,349,444
396,171,356,441
398,179,358,436
395,186,362,432
394,190,367,428
390,192,373,426
392,192,369,424
389,191,372,421
386,188,377,420
378,190,387,412
376,183,385,407
371,172,386,410
369,170,388,411
363,163,392,411
351,158,402,411
340,153,412,412
335,150,419,409
330,147,426,405
325,144,433,402
321,141,441,399
314,139,459,403
316,139,478,397
314,138,487,392
311,137,495,395
309,136,503,394
306,135,511,393
304,134,519,384
301,133,527,391
299,132,534,383
288,135,550,383
282,136,559,383
293,137,569,387
305,138,576,407
321,147,572,415
321,139,576,435
334,122,568,471
331,118,568,477
334,100,562,506
346,87,511,544
294,99,593,548
268,99,613,503
241,100,621,410
238,101,622,405
227,102,624,375
194,102,652,365
144,102,692,361
103,100,721,369
61,103,755,360
58,97,767,367
29,104,793,373
15,120,813,368
11,129,816,367
