448,223,151,135
455,217,160,132
461,209,160,134
462,212,159,134
470,207,161,133
470,202,168,134
474,198,171,131
474,196,177,129
476,194,177,130
478,192,177,132
481,191,178,134
483,189,180,135
485,188,182,135
487,187,184,137
489,185,186,138
491,184,188,138
493,183,190,140
493,184,193,141
494,185,197,143
495,186,200,144
496,187,204,146
494,188,208,147
493,190,212,148
491,192,216,149
490,194,220,151
488,193,219,155
482,193,224,155
477,193,229,156
472,194,235,157
463,195,239,157
454,197,244,158
445,195,247,158
436,193,250,158
427,191,253,158
418,189,256,159
399,179,265,160
382,173,266,163
367,167,276,163
355,166,278,158
351,164,280,159
336,163,284,158
326,150,287,172
314,146,294,170
307,144,296,169
301,142,299,168
295,140,305,167
288,138,310,166
282,136,315,165
276,134,321,164
269,132,329,163
263,130,337,162
261,130,342,160
260,130,348,159
261,130,354,156
263,130,360,153
265,130,366,150
266,130,372,147
268,130,378,144
270,130,384,142
277,133,390,142
280,141,396,143
286,146,397,137
289,152,408,138
285,150,413,138
296,159,408,133
290,168,419,133
285,179,425,133
301,187,407,135
296,200,417,129
295,198,421,130
296,214,418,122
289,219,416,117
283,225,415,113
277,231,414,101
273,232,405,97
276,232,402,96
269,233,396,95
266,234,391,93
251,234,387,89
246,239,376,80
237,239,379,84
238,240,374,82
238,242,364,79
234,245,355,82
235,245,346,82
240,249,340,79
251,259,327,73
250,258,330,75
260,265,324,77
277,278,313,78
295,289,308,82
316,300,291,91
325,309,285,90
333,318,279,88
346,331,274,87
359,345,268,85
365,353,260,84
371,362,252,83
377,370,244,83
380,374,237,76
383,378,230,69
381,379,222,71
380,380,214,73
379,381,206,75
378,382,203,73
376,384,200,72
375,385,197,70
374,386,194,68
373,387,191,67
375,386,182,68
377,385,180,69
375,386,181,69
377,386,184,68
380,386,182,68
384,385,175,68
386,385,169,69
387,384,166,70
389,383,163,72
391,382,160,73
393,381,157,75
395,380,154,77
397,380,151,78
399,379,148,80
401,378,145,82
403,377,142,83
405,376,139,85
407,376,137,87
409,378,137,85
416,380,135,85
415,382,137,83
422,387,126,78
424,387,117,82
428,389,115,83
437,390,113,85
445,393,107,84
444,395,107,83
451,400,108,78
462,403,107,77
467,408,109,74
478,411,106,78
492,413,99,77
491,414,102,78
494,422,99,70
502,426,99,71
510,432,96,67
518,435,92,69
525,439,94,69
526,438,93,70
533,442,86,69
540,446,79,67
548,451,73,67
553,453,73,69
555,456,73,68
555,455,73,68
559,459,70,67
564,461,68,67
567,464,67,66
570,465,65,66
576,468,63,65
577,468,64,64
580,471,63,61
586,471,60,61
590,472,60,62
595,474,58,63
600,475,60,62
601,474,62,62
606,476,60,59
607,478,59,59
614,479,56,59
618,479,54,60
625,478,51,59
626,478,48,58
630,480,45,57
633,481,46,55
637,483,45,54
641,483,43,54
645,482,42,55
645,483,43,55
648,483,42,54
651,481,41,55
654,484,41,54
658,486,38,53
661,488,39,53
661,488,39,52
665,489,39,50
665,489,41,51
670,489,38,50
673,489,39,48
675,489,40,44
676,489,38,45
678,489,39,45
681,488,38,40
682,487,38,38
684,485,37,37
686,484,37,36
688,483,37,36
690,481,38,37
693,480,37,38
695,480,38,38
698,480,37,36
702,479,37,37
702,479,37,36
705,478,36,35
708,478,35,34
711,478,34,33
713,478,34,37
715,478,34,37
717,479,34,37
719,479,34,37
721,479,34,37
724,480,34,37
727,479,32,36
728,479,33,36
728,479,33,36
730,480,33,36
734,479,32,37
735,479,32,36
737,479,32,36
738,480,32,36
738,479,32,36
741,480,31,36
