560,195,9,11
561,196,8,11
562,198,8,11
563,198,8,11
564,199,8,11
565,201,8,11
566,202,8,11
567,204,8,11
569,205,8,11
569,205,7,11
570,206,7,11
570,207,9,10
570,208,10,10
571,210,8,9
572,209,10,12
573,211,10,13
573,210,10,13
573,211,10,14
574,213,10,12
575,215,10,13
576,215,10,16
576,217,10,16
577,218,10,16
577,219,10,15
578,221,10,15
579,222,10,15
579,223,10,15
579,225,10,15
581,226,10,15
581,227,10,15
581,229,10,15
581,227,10,17
582,229,10,18
583,230,10,18
582,230,10,18
582,231,10,19
582,232,10,19
582,232,11,20
582,233,11,20
582,234,11,20
582,235,11,20
582,237,12,20
580,236,12,21
578,236,12,21
577,236,13,21
575,238,12,20
574,238,12,20
574,239,12,21
571,240,13,21
568,240,13,22
565,241,14,22
562,242,14,23
560,241,15,23
559,241,15,24
555,242,16,25
552,242,17,25
550,243,18,26
547,244,17,25
548,244,17,26
545,243,17,27
543,242,16,27
539,241,17,28
535,239,18,28
531,237,21,30
530,236,22,31
526,235,23,32
522,233,23,33
518,231,24,34
514,229,24,35
506,225,28,37
507,226,25,37
499,224,28,40
493,223,30,42
486,221,32,43
479,220,35,45
472,219,37,47
472,217,40,49
461,216,43,52
451,212,47,57
440,208,51,61
429,205,55,66
414,203,69,80
412,204,72,75
403,208,77,79
399,208,88,91
396,210,103,103
395,208,123,128
393,212,156,149
394,211,155,152
394,209,203,186
394,208,302,266
381,196,496,395
367,189,785,530
417,202,862,517
437,207,842,503
572,236,707,439
705,276,574,286
735,296,343,223
728,294,228,185
698,302,173,175
696,299,180,177
655,299,166,175
632,279,145,199
603,253,160,227
588,217,156,267
582,178,160,315
581,177,160,316
590,132,183,377
604,89,204,404
615,26,234,502
635,0,271,560
620,1,343,560
628,4,351,560
619,0,382,589
591,0,404,593
572,0,404,564
524,0,420,569
492,2,423,562
488,0,430,569
484,0,418,569
487,10,420,559
489,33,429,510
513,41,409,480
515,52,405,464
516,57,400,457
514,66,390,432
511,72,379,408
514,73,365,387
511,73,354,361
516,72,342,349
514,70,342,353
521,75,332,332
526,88,323,313
