532,227,226,166
530,228,223,164
529,224,228,165
524,221,234,166
519,215,240,165
513,211,248,165
507,207,253,165
504,207,254,163
496,206,260,163
493,203,262,165
486,210,270,163
480,209,278,170
487,217,273,163
484,214,276,165
480,219,281,163
477,224,287,158
477,228,291,159
475,232,300,160
473,235,298,159
470,236,301,158
458,240,311,158
455,241,317,156
443,243,329,150
431,242,342,150
425,244,341,151
426,245,338,150
418,250,346,146
412,253,356,141
415,257,350,141
415,260,356,139
421,262,351,140
414,261,355,137
414,267,357,135
409,271,368,138
411,277,366,126
411,280,362,115
411,282,372,121
414,282,364,119
414,287,367,118
418,292,364,112
425,300,369,108
434,307,358,103
430,311,381,95
431,312,365,95
433,317,363,90
424,322,366,90
423,328,353,86
424,334,343,84
421,340,343,82
419,340,349,84
427,347,340,83
429,350,336,87
437,349,326,87
441,349,316,83
438,345,316,79
438,345,314,79
446,340,306,81
450,338,303,81
459,339,294,79
465,340,287,85
470,346,284,86
474,344,279,86
480,348,272,93
488,352,268,92
496,354,261,92
505,357,254,92
514,360,247,93
519,363,244,89
530,364,239,86
541,365,235,84
551,366,230,81
561,368,225,75
579,370,214,73
578,371,219,72
590,367,212,75
601,365,208,71
616,360,200,71
630,357,193,67
643,354,187,67
643,354,187,67
659,353,181,64
679,350,165,63
688,346,161,64
699,338,159,63
711,331,157,63
714,328,157,68
724,320,156,68
735,312,156,68
745,305,155,69
755,297,155,69
766,290,155,70
767,289,152,71
780,285,148,71
793,281,144,72
807,277,141,72
820,273,133,73
830,268,129,74
829,267,131,74
839,269,128,74
848,278,120,73
853,287,117,70
867,296,98,71
876,308,89,71
876,308,90,71
883,316,79,68
875,325,83,70
872,334,86,62
875,342,82,61
876,346,79,61
876,346,79,61
877,348,78,66
880,352,77,62
880,358,75,61
881,362,75,62
880,368,70,61
880,366,69,62
877,374,67,62
872,379,67,62
865,387,68,61
861,394,67,59
854,397,68,66
853,398,69,65
847,406,68,62
844,410,66,64
839,417,66,63
835,423,65,63
831,427,65,62
831,426,65,62
830,429,63,62
828,431,61,66
829,433,57,69
829,436,55,67
828,440,54,66
829,440,54,66
829,445,53,66
830,447,51,67
828,450,50,65
827,452,49,65
826,454,49,65
825,454,49,66
822,454,51,69
821,455,48,68
818,457,50,69
816,459,51,68
813,458,51,70
813,458,50,71
814,462,50,69
809,463,53,69
807,465,52,70
809,467,47,68
805,467,51,69
802,468,51,67
800,466,54,68
797,466,54,66
792,464,49,67
790,462,51,69
