782,289,106,117
749,285,118,118
727,280,127,117
706,276,125,116
707,277,127,117
681,274,131,119
662,272,133,119
642,270,135,119
622,267,137,119
603,265,139,119
605,267,134,115
589,266,139,114
573,264,144,113
557,262,148,112
541,261,153,110
525,259,158,109
530,260,152,109
520,260,155,108
509,260,158,107
499,260,161,106
487,259,169,107
482,258,170,107
476,258,170,106
471,257,171,105
466,256,172,104
460,256,172,103
455,255,173,102
449,254,174,102
444,253,174,101
434,253,180,103
423,252,186,105
418,252,188,106
412,251,190,106
407,251,192,106
401,251,194,107
396,251,196,107
390,250,198,107
385,250,201,107
379,250,203,108
374,249,205,108
368,249,207,108
370,247,210,107
372,246,213,107
383,245,216,106
394,244,219,105
405,243,222,104
412,241,222,100
420,240,222,96
438,236,223,95
456,232,223,93
477,227,225,91
503,223,223,90
500,222,219,91
516,217,219,89
532,213,220,86
548,209,220,84
565,205,221,81
581,201,221,79
589,198,218,77
596,195,216,75
604,192,213,72
614,191,211,71
624,190,210,70
635,188,208,69
641,189,207,68
648,191,205,67
655,192,204,66
668,192,198,65
681,192,196,64
693,191,193,63
691,195,196,61
705,197,191,61
720,200,186,60
734,202,181,59
749,204,175,59
763,207,170,58
769,209,165,57
774,211,160,57
781,214,155,56
789,216,154,59
796,216,149,58
801,219,148,58
806,221,147,57
811,223,147,56
816,226,146,55
821,228,145,54
826,230,145,54
831,233,144,53
835,236,143,52
847,238,143,51
853,240,149,51
870,243,143,50
881,246,138,50
892,249,133,50
893,250,136,50
901,253,135,50
909,257,134,50
914,260,132,50
908,262,133,55
910,264,130,52
909,266,132,53
908,270,127,52
907,274,121,51
897,279,122,51
888,283,122,50
879,287,123,50
878,289,120,49
876,291,117,48
875,293,114,48
874,297,111,47
874,300,108,47
874,302,107,47
874,304,107,48
874,307,106,48
874,309,105,49
876,313,104,49
877,317,104,50
878,321,103,50
879,325,102,51
880,328,102,51
880,335,101,52
875,342,102,52
870,349,102,53
866,355,103,54
862,356,103,55
858,363,104,53
854,370,104,52
849,379,98,52
845,387,92,52
833,394,91,52
836,395,90,52
823,404,90,52
811,413,90,53
799,422,89,54
787,431,89,55
774,441,89,55
778,441,89,56
768,450,84,56
759,460,79,55
747,468,78,56
737,476,73,62
725,480,71,59
723,485,68,57
722,490,66,54
714,497,66,51
707,504,66,47
699,510,66,44
693,511,65,45
692,513,64,43
682,516,66,41
677,521,65,39
668,522,65,39
660,523,64,39
651,524,64,39
644,525,63,39
637,525,63,39
630,525,62,40
623,525,62,40
616,525,61,40
