541,205,181,119
554,211,178,118
554,209,178,121
564,213,186,122
575,217,189,121
586,222,192,121
596,226,195,121
600,227,195,120
604,227,195,120
613,233,196,120
618,234,198,116
620,235,202,110
626,234,205,111
627,228,209,107
626,231,208,106
631,226,209,102
631,225,214,98
634,223,224,95
640,223,221,95
645,222,226,91
646,219,226,97
655,220,225,89
660,220,227,88
668,219,232,88
679,217,230,90
684,215,234,87
684,216,236,92
697,217,235,89
707,216,240,91
718,218,243,88
731,218,246,93
739,218,253,87
739,218,256,89
751,216,254,87
756,211,258,86
761,207,262,86
766,202,263,84
771,198,264,82
771,196,266,86
772,194,269,80
770,191,274,79
775,188,277,75
778,189,278,70
783,188,276,70
784,188,277,70
784,189,280,70
783,191,282,69
778,195,280,67
773,199,289,65
767,199,292,67
765,198,299,72
767,199,293,69
761,195,299,71
758,186,295,73
754,173,298,78
754,160,299,79
753,160,297,81
752,151,307,83
757,149,297,81
760,148,304,87
755,154,317,89
775,167,307,85
774,169,305,81
785,177,307,82
796,186,310,84
808,194,312,81
819,203,315,79
831,211,317,76
836,213,317,75
841,215,317,74
847,218,317,73
850,222,313,68
848,222,312,67
846,222,311,67
845,222,311,66
843,222,305,65
842,222,302,63
841,218,301,64
840,214,299,63
839,210,297,63
835,210,305,65
836,205,297,63
828,201,298,65
825,196,294,64
818,191,293,66
809,188,283,66
806,189,288,65
798,189,282,68
785,193,286,68
775,198,277,66
769,202,273,68
751,209,270,71
751,209,273,70
744,215,257,69
737,220,248,66
728,225,238,63
723,228,220,62
716,234,208,58
721,234,204,58
713,238,201,55
709,241,180,53
704,245,166,53
704,249,155,51
702,257,146,48
702,259,147,46
703,265,136,42
707,267,138,45
712,273,134,44
718,279,134,45
722,285,138,49
720,288,139,46
731,298,132,47
742,309,126,48
749,323,125,50
756,336,124,53
765,349,122,53
769,349,119,53
778,363,117,53
788,372,117,53
798,379,108,55
803,385,108,59
816,389,97,57
816,390,96,58
821,396,97,57
826,402,93,59
830,406,95,59
829,412,99,64
836,418,95,66
835,417,100,67
840,422,95,71
843,427,87,77
843,434,89,73
835,439,84,64
831,442,82,62
832,441,84,61
825,443,83,60
817,442,79,59
809,441,78,64
802,440,74,60
793,438,73,61
791,434,75,69
781,435,75,61
770,434,78,56
764,431,75,55
754,427,76,57
746,423,76,51
746,424,77,48
742,421,71,46
736,420,70,44
730,419,66,43
724,420,70,42
721,418,68,42
721,418,69,42
716,417,70,41
713,415,70,41
712,412,71,42
713,407,68,43
713,402,67,42
712,402,69,42
714,397,65,43
715,392,68,46
719,386,63,43
722,379,61,44
724,373,60,45
724,372,59,46
727,364,59,48
729,357,57,49
730,349,57,52
730,341,58,54
729,334,58,55
727,336,63,54
727,329,53,53
725,322,52,54
721,318,51,54
716,313,54,56
713,308,53,56
712,309,53,57
708,306,53,57
704,304,52,57
702,303,50,58
695,303,54,62
692,303,52,60
691,303,54,60
688,304,53,60
684,305,52,60
