322,294,87,83
321,293,87,81
330,288,86,84
334,283,89,84
339,278,93,85
343,273,96,86
348,268,95,88
346,265,99,88
344,262,102,89
343,259,105,90
341,257,108,91
338,251,113,95
336,249,115,94
334,247,118,94
331,242,120,94
327,237,122,94
317,227,124,97
313,221,126,97
308,216,128,97
304,210,131,96
299,205,133,96
295,200,135,96
291,194,137,96
288,188,141,96
286,181,144,97
285,176,147,98
284,170,151,99
283,165,154,100
282,159,158,101
281,154,161,102
280,149,165,103
284,148,157,107
283,148,162,108
282,147,168,108
282,147,174,108
281,147,180,108
281,147,186,108
285,147,182,106
289,148,178,104
284,152,196,106
288,160,198,103
295,161,201,104
298,168,202,101
299,167,201,101
301,170,213,105
304,174,225,102
308,175,214,101
308,178,236,103
309,178,239,103
311,178,242,102
315,178,247,103
317,178,256,103
318,177,257,104
320,178,266,102
322,180,267,106
322,181,270,103
321,184,275,106
323,188,274,107
319,194,283,104
318,199,290,100
320,203,287,103
317,202,292,105
316,204,298,105
314,207,304,104
312,210,310,104
310,213,316,102
311,212,321,100
311,211,326,98
311,210,331,96
312,210,337,94
320,207,330,93
326,205,330,89
321,204,338,87
324,205,334,87
333,204,329,80
338,204,327,77
343,203,319,77
350,204,312,76
352,204,310,74
352,205,309,72
358,209,298,69
359,217,293,71
364,219,282,74
366,225,276,73
373,231,260,71
368,229,264,72
378,234,252,70
389,233,234,69
386,236,233,69
388,238,228,65
395,239,215,64
390,238,222,63
393,240,210,61
393,242,206,60
397,242,200,61
401,243,194,59
404,244,190,58
405,243,189,59
413,247,179,57
420,250,174,55
427,252,171,53
432,252,161,51
441,252,154,51
441,252,154,52
448,254,148,51
453,253,143,54
459,254,134,51
462,255,134,50
464,253,128,50
465,253,129,50
467,252,131,53
463,248,114,56
462,248,111,55
459,247,110,57
456,243,106,59
456,243,106,59
456,246,100,55
453,249,101,55
450,249,105,59
453,257,98,58
450,261,101,61
448,258,100,64
447,263,101,61
447,268,98,63
449,275,96,62
447,281,97,62
450,296,85,60
448,295,87,59
452,302,83,61
456,313,81,58
460,325,79,61
462,335,74,60
467,345,73,61
465,349,72,60
474,357,64,55
477,365,65,55
489,371,54,52
494,377,56,54
496,383,58,51
495,383,59,52
502,389,58,51
508,394,54,48
513,398,53,48
518,401,54,49
527,406,54,48
528,406,53,49
535,410,53,48
541,414,53,48
550,418,53,48
558,422,53,47
567,425,52,49
567,424,51,48
575,426,49,48
582,430,49,46
591,430,48,48
596,431,47,48
602,432,46,47
602,431,46,48
608,432,44,48
614,431,42,49
619,432,42,49
622,429,42,50
627,425,43,54
627,426,43,53
632,424,43,53
636,423,41,53
641,421,41,52
644,418,41,52
647,416,40,52
647,416,40,52
650,413,39,52
