832,177,39,60
829,180,39,60
826,183,39,61
824,186,39,62
821,189,40,62
819,192,40,63
817,193,40,64
814,194,41,64
812,195,41,65
810,196,41,66
807,197,42,67
805,197,42,67
803,198,42,68
799,201,42,69
796,203,43,69
793,205,43,70
790,207,44,70
786,210,44,71
783,212,44,72
782,214,44,72
778,217,46,74
774,220,47,75
770,223,49,76
768,223,51,78
765,222,52,79
763,221,53,80
760,219,54,82
758,217,55,83
755,216,56,84
754,215,56,86
753,214,56,87
752,213,57,88
750,214,58,90
748,215,58,92
747,216,59,94
745,217,60,96
746,220,61,98
748,223,62,100
750,226,63,102
751,229,64,104
753,232,65,106
753,234,69,108
753,235,73,110
753,237,75,112
756,240,74,113
759,243,73,114
762,243,75,115
765,243,78,116
768,243,80,116
770,243,82,117
776,243,84,118
783,240,86,120
789,236,88,122
796,233,90,124
803,229,92,126
804,227,94,128
815,225,96,130
825,222,98,132
836,219,101,134
843,220,102,137
857,224,102,136
857,221,104,138
863,224,112,141
869,227,117,144
874,230,122,147
880,233,127,149
879,237,131,152
879,241,135,155
878,245,139,158
878,249,143,161
876,252,147,164
873,258,154,167
867,265,161,171
864,267,163,170
861,270,171,174
859,272,178,178
859,277,185,181
862,277,189,190
856,282,198,198
854,280,206,199
845,284,214,199
831,286,229,207
817,287,244,216
803,289,259,225
772,296,289,234
773,294,287,232
752,293,312,243
742,294,324,248
719,296,347,268
703,297,365,267
717,298,351,263
715,288,365,274
708,287,382,271
675,285,428,283
643,259,510,316
619,233,517,349
583,196,557,405
578,194,572,410
545,141,588,468
510,99,653,550
465,56,718,631
438,36,790,605
427,31,823,554
420,28,829,554
396,38,870,623
378,56,901,641
358,87,921,632
333,133,901,586
323,169,853,550
320,175,859,544
300,209,757,510
244,248,700,471
216,281,673,438
205,298,668,421
209,303,672,416
214,299,680,420
238,293,677,426
266,287,659,432
289,269,619,435
343,249,554,405
372,242,507,379
369,241,507,378
389,226,460,344
427,227,425,328
448,229,394,305
