833,103,139,309
835,99,140,310
837,95,141,312
839,96,143,309
841,97,144,306
843,98,145,303
842,100,146,298
841,105,147,291
838,114,155,284
834,121,161,288
827,133,171,281
824,136,177,281
821,139,183,281
812,149,186,282
808,154,191,287
803,150,195,298
799,159,199,300
795,168,204,303
794,165,207,306
788,168,224,317
783,173,234,335
775,180,251,348
770,175,281,373
759,182,297,385
762,182,289,392
751,183,309,415
742,194,328,425
732,205,347,451
723,216,371,459
707,227,402,473
704,233,405,469
689,251,436,468
683,264,469,455
666,277,490,442
633,296,534,424
619,322,556,397
625,320,554,399
607,345,564,374
588,371,553,348
570,396,541,323
552,422,530,297
525,441,517,268
526,449,521,260
507,452,490,223
490,453,445,220
481,453,403,215
474,441,368,218
474,426,325,219
468,426,328,222
470,411,294,215
473,396,261,207
474,379,224,204
474,363,203,194
474,352,181,186
474,350,172,179
476,336,154,171
477,326,143,162
478,309,130,157
479,301,120,147
483,288,107,135
485,288,101,135
485,276,96,130
485,271,91,124
485,266,81,109
488,254,73,108
488,246,69,103
490,249,65,102
489,244,60,96
489,238,56,90
486,234,51,84
484,230,47,78
481,228,45,73
480,225,46,76
476,224,45,72
471,222,45,67
468,219,43,65
465,216,42,66
462,215,39,61
461,215,40,61
460,215,37,57
459,216,33,52
456,214,32,49
455,213,31,48
452,212,31,47
452,212,31,46
451,212,29,45
450,211,28,43
450,211,27,40
450,211,25,39
450,213,24,37
451,214,24,38
450,214,24,38
