740,306,176,183
728,295,174,194
712,285,173,186
698,275,180,189
676,270,187,184
675,268,188,186
664,261,189,187
653,255,190,188
642,248,194,189
631,242,198,190
620,236,202,191
620,234,201,191
616,226,202,191
615,220,203,192
614,211,203,197
611,207,206,198
607,200,214,201
606,201,215,198
607,196,218,200
601,193,223,198
592,192,233,200
588,190,235,197
579,190,243,201
582,189,239,200
575,189,244,201
569,190,246,200
562,192,251,200
557,194,255,200
552,195,258,199
547,197,261,198
543,199,265,197
538,201,266,195
533,203,268,194
528,205,270,192
523,207,272,191
518,210,274,190
513,212,275,188
508,214,275,187
503,216,276,186
498,218,276,184
494,220,278,182
491,223,279,180
488,226,281,177
485,228,283,175
482,231,284,173
479,234,286,170
476,237,288,168
473,239,289,166
470,242,291,163
467,245,293,161
464,248,295,159
469,249,291,152
467,252,294,153
468,255,289,151
478,256,284,146
488,258,280,142
497,259,276,138
507,260,272,133
516,261,268,129
512,263,274,127
509,266,280,126
508,265,280,121
507,268,279,117
506,271,277,114
506,274,274,111
505,277,272,108
504,280,270,105
501,281,270,104
493,289,270,99
497,292,262,101
503,299,252,102
505,300,249,101
498,309,253,102
508,315,240,103
515,323,231,101
521,327,225,103
525,336,221,96
527,336,219,96
533,343,211,94
545,344,202,96
552,352,203,94
561,348,196,103
572,350,196,102
578,352,194,101
585,355,192,100
591,357,190,99
606,359,184,105
609,363,183,108
639,363,160,126
642,361,159,129
642,363,159,120
643,360,147,115
644,359,145,106
645,354,142,105
654,352,132,102
654,351,132,102
662,348,124,97
666,345,119,102
664,344,117,97
663,346,113,99
661,350,107,96
662,350,108,94
663,355,103,92
664,360,100,89
663,366,96,89
661,374,89,86
658,380,84,84
658,381,84,82
658,385,80,82
657,387,80,83
656,389,81,84
657,393,74,82
658,395,72,81
657,396,71,80
657,394,68,81
657,392,67,81
653,389,66,80
652,390,63,80
649,392,62,77
648,392,64,77
645,392,62,78
640,392,60,76
637,393,58,75
637,395,56,76
636,402,55,70
635,402,56,69
636,407,55,66
638,413,52,63
639,416,50,62
641,421,48,61
644,424,47,63
642,423,49,63
643,426,45,58
643,430,47,58
