376,43,903,675
347,68,932,651
318,92,960,627
289,116,989,603
259,140,1017,579
230,165,1046,554
201,189,1074,530
172,213,1103,506
146,241,1103,478
119,269,1103,450
119,267,1103,452
108,283,1061,436
97,299,1020,420
103,301,976,418
109,304,932,415
113,300,885,419
118,295,839,424
139,281,812,438
161,266,786,453
194,248,719,471
226,229,653,490
259,209,584,510
262,209,585,510
301,198,516,521
340,188,446,531
363,188,396,512
401,174,331,493
417,177,301,460
423,180,288,452
441,184,257,424
460,188,226,396
474,198,211,368
483,200,197,353
491,201,184,338
500,203,171,323
511,211,158,307
522,219,145,290
533,227,132,274
537,234,125,260
541,241,118,247
545,248,110,234
549,256,106,223
554,264,102,212
559,272,98,201
563,278,93,193
568,284,89,184
572,289,85,176
576,295,80,168
581,301,76,160
585,306,72,151
590,312,67,143
593,316,66,139
596,319,65,134
599,322,64,130
602,326,63,125
605,329,62,121
608,332,61,116
611,336,60,112
614,339,59,107
617,343,58,103
621,346,57,98
622,348,55,95
624,350,54,91
626,351,52,88
628,353,51,84
630,355,49,81
632,357,48,78
634,358,46,74
860,182,10,17
860,182,10,17
860,183,10,17
859,183,9,17
859,184,9,17
859,184,9,17
858,184,9,17
858,184,9,17
858,184,9,17
858,184,9,17
858,184,9,17
857,185,10,17
857,186,9,17
856,186,10,17
856,187,9,17
856,188,10,17
855,188,9,17
855,189,10,17
854,189,9,17
854,190,10,17
854,191,9,17
853,191,10,18
853,192,10,18
852,192,10,18
852,193,10,18
851,193,10,18
851,194,10,18
850,194,10,19
850,195,10,19
849,196,10,19
849,196,10,19
849,196,10,19
849,197,11,20
850,197,11,20
850,198,11,20
851,199,12,20
852,199,12,21
853,200,12,21
854,201,13,21
855,202,13,21
856,202,13,22
856,203,13,22
856,204,14,23
857,205,14,24
857,206,14,24
858,207,14,25
858,207,15,25
858,208,15,26
859,209,15,27
859,210,16,27
860,211,16,28
859,211,17,29
859,211,18,31
859,211,18,32
859,211,19,33
859,211,20,35
859,211,21,36
859,211,22,37
859,210,23,39
859,208,24,40
860,206,25,41
858,203,28,43
856,200,30,46
854,198,33,48
852,195,36,50
851,192,39,52
849,189,42,55
847,186,45,57
845,183,47,59
843,178,50,63
842,173,53,68
840,166,63,74
837,159,72,81
835,151,82,88
833,147,86,92
830,134,103,104
827,127,130,116
820,119,154,137
809,111,192,162
791,98,262,196
786,94,270,202
750,63,389,257
690,31,546,326
556,0,723,389
361,0,918,405
212,5,1067,429
215,2,1064,430
188,9,880,444
222,46,632,377
301,71,446,300
381,101,328,247
451,122,257,222
461,126,247,212
509,147,215,195
552,162,178,181
587,178,162,169
613,186,144,168
626,197,139,162
622,194,140,165
631,200,142,163
639,202,127,160
642,192,130,178
645,181,133,196
648,171,137,215
651,160,133,224
645,141,145,250
646,118,148,279
653,94,133,341
612,86,169,364
597,89,168,395
595,92,170,393
570,97,190,454
541,83,211,471
498,70,243,488
474,41,269,520
436,21,325,531
433,18,332,533
422,14,373,555
782,289,106,117
749,285,118,118
727,280,127,117
706,276,125,116
707,277,127,117
681,274,131,119
662,272,133,119
642,270,135,119
622,267,137,119
603,265,139,119
605,267,134,115
589,266,139,114
573,264,144,113
557,262,148,112
541,261,153,110
525,259,158,109
530,260,152,109
520,260,155,108
509,260,158,107
499,260,161,106
487,259,169,107
482,258,170,107
476,258,170,106
471,257,171,105
466,256,172,104
460,256,172,103
455,255,173,102
449,254,174,102
444,253,174,101
434,253,180,103
423,252,186,105
418,252,188,106
412,251,190,106
407,251,192,106
401,251,194,107
396,251,196,107
390,250,198,107
385,250,201,107
379,250,203,108
374,249,205,108
368,249,207,108
370,247,210,107
372,246,213,107
383,245,216,106
394,244,219,105
405,243,222,104
412,241,222,100
420,240,222,96
438,236,223,95
456,232,223,93
477,227,225,91
503,223,223,90
500,222,219,91
516,217,219,89
532,213,220,86
548,209,220,84
565,205,221,81
581,201,221,79
589,198,218,77
596,195,216,75
604,192,213,72
614,191,211,71
624,190,210,70
635,188,208,69
641,189,207,68
648,191,205,67
655,192,204,66
668,192,198,65
681,192,196,64
693,191,193,63
691,195,196,61
705,197,191,61
720,200,186,60
734,202,181,59
749,204,175,59
763,207,170,58
769,209,165,57
774,211,160,57
781,214,155,56
789,216,154,59
796,216,149,58
801,219,148,58
806,221,147,57
811,223,147,56
816,226,146,55
821,228,145,54
826,230,145,54
831,233,144,53
835,236,143,52
847,238,143,51
853,240,149,51
870,243,143,50
881,246,138,50
892,249,133,50
893,250,136,50
901,253,135,50
909,257,134,50
914,260,132,50
908,262,133,55
910,264,130,52
909,266,132,53
908,270,127,52
907,274,121,51
897,279,122,51
888,283,122,50
879,287,123,50
878,289,120,49
876,291,117,48
875,293,114,48
874,297,111,47
874,300,108,47
874,302,107,47
874,304,107,48
874,307,106,48
874,309,105,49
876,313,104,49
877,317,104,50
878,321,103,50
879,325,102,51
880,328,102,51
880,335,101,52
875,342,102,52
870,349,102,53
866,355,103,54
862,356,103,55
858,363,104,53
854,370,104,52
849,379,98,52
845,387,92,52
833,394,91,52
836,395,90,52
823,404,90,52
811,413,90,53
799,422,89,54
787,431,89,55
774,441,89,55
778,441,89,56
768,450,84,56
759,460,79,55
747,468,78,56
737,476,73,62
725,480,71,59
723,485,68,57
722,490,66,54
714,497,66,51
707,504,66,47
699,510,66,44
693,511,65,45
692,513,64,43
682,516,66,41
677,521,65,39
668,522,65,39
660,523,64,39
651,524,64,39
644,525,63,39
637,525,63,39
630,525,62,40
623,525,62,40
616,525,61,40
835,157,269,297
834,156,265,293
833,156,262,288
832,156,258,284
832,155,255,279
831,155,251,281
830,154,248,283
829,154,244,285
827,157,245,288
824,160,246,292
823,160,244,295
821,166,245,292
820,173,246,289
819,179,247,286
818,186,248,283
816,192,249,280
815,199,250,277
814,203,251,276
813,202,252,280
811,205,253,278
809,208,254,277
807,206,252,274
806,204,250,272
804,203,248,270
803,201,247,270
801,199,247,270
800,198,246,270
798,196,246,270
799,199,245,273
798,198,244,275
797,197,243,277
798,197,241,276
805,198,228,276
813,199,215,276
820,199,202,275
831,200,186,276
843,200,170,278
842,201,166,278
855,206,155,274
868,211,144,270
876,213,138,270
873,208,142,270
871,203,147,271
868,199,151,271
866,194,149,272
863,189,147,273
861,185,149,277
858,180,150,281
856,175,153,282
853,170,155,284
851,166,157,286
848,162,161,290
846,159,164,294
844,156,168,299
842,153,171,303
839,149,175,307
837,146,178,311
835,143,176,316
832,139,175,320
830,139,177,324
827,138,179,329
