605,219,207,276
600,239,194,284
597,242,197,272
605,263,192,268
601,273,201,263
595,280,196,265
597,281,192,266
582,292,208,263
571,303,223,261
575,314,203,256
572,314,207,261
577,315,197,266
577,318,200,263
578,322,198,267
587,323,189,275
586,328,183,278
591,333,175,285
589,335,185,288
592,333,179,293
606,334,141,295
602,334,136,302
602,337,131,303
601,340,116,304
603,343,109,300
603,343,108,301
603,345,103,299
601,344,99,297
597,345,98,293
593,349,101,280
592,345,98,283
591,344,99,285
590,346,99,282
593,351,100,279
594,357,100,275
596,362,101,272
600,369,101,264
599,368,101,266
611,375,103,260
624,378,103,258
631,374,102,258
634,367,104,263
637,356,107,270
637,356,106,270
639,344,109,278
644,327,110,289
646,312,116,300
648,298,119,311
647,283,126,323
643,283,136,320
645,266,138,338
643,262,142,341
