447,198,61,99
447,198,60,99
448,199,60,100
449,200,60,100
450,201,60,101
451,202,60,102
452,202,60,102
453,203,60,103
455,204,61,103
457,206,61,102
459,207,61,102
461,208,62,101
463,208,62,101
465,209,62,101
467,210,62,101
469,211,63,101
471,211,63,100
473,212,63,100
475,213,63,100
477,213,63,100
477,214,64,100
481,214,61,102
480,215,64,102
480,214,63,104
480,215,63,102
480,213,66,102
481,213,66,105
482,211,66,109
483,212,66,108
483,209,67,108
483,211,70,108
484,210,71,109
484,209,71,110
485,208,72,110
485,207,73,111
485,205,74,112
486,204,75,112
486,203,76,113
487,202,76,113
487,201,77,114
488,200,78,115
488,198,81,118
488,196,85,122
488,194,88,125
488,193,92,127
492,191,94,127
494,194,93,125
493,191,101,131
491,188,108,138
484,184,124,150
486,181,120,153
469,176,144,168
464,167,165,197
452,156,189,222
430,149,238,266
393,137,328,340
392,137,331,342
342,127,434,444
269,124,605,590
159,135,775,584
33,165,851,554
0,215,980,504
0,218,980,501
155,286,1119,433
312,323,967,396
445,292,674,427
486,274,484,371
496,262,359,302
504,258,342,309
506,253,274,255
520,250,209,217
538,260,173,180
558,268,159,161
591,269,139,144
594,274,130,138
616,264,112,132
639,259,95,127
655,254,93,119
672,252,89,109
698,243,79,105
700,245,74,104
712,233,82,107
735,223,75,105
744,212,80,105
761,197,76,112
773,189,77,110
775,184,78,113
786,172,83,118
799,155,88,136
807,129,97,156
824,101,89,187
834,76,107,217
836,69,109,227
827,47,131,262
825,22,147,299
815,9,159,309
794,4,175,341
767,5,196,392
764,6,204,390
747,17,222,400
