420,142,225,181
419,137,233,183
418,134,239,180
416,129,243,180
419,125,241,176
422,125,238,176
422,119,242,175
426,118,245,176
430,117,241,173
432,117,237,156
427,118,243,154
423,117,249,151
419,118,246,149
416,120,244,147
412,122,242,145
409,124,240,143
405,126,238,141
402,128,235,139
399,130,233,138
393,132,230,137
395,138,233,130
392,139,232,127
390,140,232,124
388,142,232,121
385,143,232,119
383,145,232,116
381,146,231,113
378,147,231,111
376,149,231,108
374,150,231,105
372,152,231,102
367,151,225,94
369,152,217,92
359,150,217,91
352,148,220,91
352,147,220,93
348,151,214,86
345,152,212,83
336,155,218,84
331,160,217,82
327,164,218,82
324,166,221,82
318,171,219,79
315,176,215,74
310,179,215,71
305,180,217,68
299,181,216,64
298,181,219,64
293,184,218,61
293,184,214,61
296,186,214,64
301,189,210,62
308,190,210,64
310,189,209,63
324,192,204,63
317,194,219,65
339,197,208,64
346,203,212,63
351,206,211,64
350,207,212,65
354,212,214,67
353,215,214,67
352,219,213,68
349,226,213,68
344,232,216,69
345,232,215,68
343,239,216,69
343,246,217,71
341,255,218,74
344,261,214,74
342,270,214,78
343,271,210,75
349,280,208,74
357,289,204,71
364,295,203,72
370,302,201,67
380,308,200,73
380,305,198,77
391,313,197,75
402,322,196,72
413,325,198,76
426,324,196,79
438,332,191,78
436,333,191,79
450,337,189,78
460,340,183,79
467,349,176,80
474,354,173,81
481,357,166,81
481,356,168,83
483,364,165,80
485,366,159,76
482,368,157,77
477,371,158,76
477,374,150,76
476,374,152,75
474,381,144,70
471,380,144,73
467,382,142,76
465,385,139,76
461,385,139,76
460,384,138,77
459,384,137,77
458,383,136,78
457,383,135,79
456,382,134,79
455,381,133,80
454,381,132,80
453,380,132,81
453,379,131,82
457,382,122,80
460,384,120,81
462,389,118,80
462,388,118,81
463,393,117,81
467,397,116,82
470,400,115,83
472,404,117,85
474,410,115,83
475,409,113,84
480,415,111,81
486,418,107,81
489,421,104,83
493,426,102,83
496,429,100,83
498,428,99,84
503,433,96,84
507,438,97,82
512,444,91,81
517,447,91,81
519,453,89,78
525,455,87,77
532,458,85,77
538,460,83,76
545,463,81,76
555,465,75,75
566,468,69,73
564,468,74,74
572,473,72,74
583,478,71,73
594,484,70,72
600,489,70,71
607,494,73,73
606,493,73,75
618,498,68,75
629,503,65,78
636,510,67,75
646,516,65,70
657,522,59,66
658,522,58,66
671,526,57,58
681,529,55,51
691,533,55,46
699,531,59,45
707,530,59,46
707,530,59,45
716,528,60,46
726,525,58,46
733,523,60,47
745,521,58,46
756,519,56,48
755,519,55,47
765,519,52,47
775,520,52,46
784,521,51,46
795,521,50,46
804,521,49,45
803,521,50,46
812,521,49,45
822,521,48,45
