230,73,509,463
238,74,517,463
245,74,525,463
252,75,527,462
260,75,530,462
267,78,535,460
275,80,540,458
282,83,545,456
290,85,550,453
297,88,556,451
305,90,561,449
310,92,568,445
312,93,579,442
314,94,589,438
317,95,599,434
319,96,609,431
322,100,620,438
325,104,631,445
327,113,641,437
330,122,652,430
333,130,662,423
332,134,671,421
332,138,679,419
331,141,688,417
330,145,697,415
329,148,706,414
329,152,709,412
328,156,711,410
327,159,714,402
327,163,717,395
326,166,720,387
326,172,716,382
326,177,712,377
326,182,709,372
326,199,706,356
326,215,702,340
323,224,702,331
319,234,702,321
316,244,702,312
312,254,702,302
309,263,703,293
299,271,702,285
288,280,702,278
278,288,702,270
268,296,702,262
257,304,702,254
247,312,691,246
237,321,680,239
227,329,668,231
216,337,657,223
206,345,646,215
203,345,653,214
200,346,645,212
196,346,637,211
193,346,629,209
192,347,623,204
190,347,617,199
187,347,616,196
184,348,614,194
182,348,613,191
179,348,612,188
188,342,604,185
197,336,596,182
202,330,591,188
232,333,573,181
263,335,556,175
294,342,554,170
323,341,533,171
353,340,513,171
351,339,518,169
377,338,500,167
397,338,487,170
417,338,467,172
436,339,447,175
456,339,426,177
455,339,429,180
459,339,408,182
458,339,407,184
456,339,375,183
454,338,343,182
450,338,339,182
447,336,340,182
438,334,324,182
424,333,325,182
415,331,304,182
397,329,304,182
380,327,304,182
379,325,298,182
364,323,286,182
349,320,274,182
334,317,262,182
323,320,257,179
312,323,251,176
310,326,246,173
309,329,240,170
304,339,236,172
298,349,232,174
299,360,228,177
300,371,223,181
302,377,211,175
299,395,205,175
306,409,200,171
314,423,194,166
321,437,189,162
328,451,184,157
331,453,183,156
343,465,178,162
350,477,180,159
363,489,172,154
375,500,164,149
387,512,155,144
385,515,159,144
398,518,149,143
411,520,138,143
419,523,133,140
427,526,127,138
435,529,121,135
438,529,120,136
445,526,115,137
452,524,110,137
460,521,105,137
462,518,106,136
463,515,107,134
465,513,108,133
467,510,109,132
469,507,110,130
471,505,111,129
473,506,110,123
475,507,108,118
477,506,105,116
479,504,102,113
480,503,102,109
480,499,101,108
481,495,100,107
482,490,99,106
483,486,98,105
484,482,98,104
485,478,97,103
486,473,96,101
487,469,95,100
488,465,94,99
487,462,93,98
487,458,92,98
486,455,90,97
486,452,89,96
485,448,88,95
485,445,87,94
484,442,85,93
484,439,84,92
483,435,83,91
483,432,81,90
481,429,80,88
478,426,78,85
476,423,79,86
474,419,78,85
472,415,77,85
470,410,77,85
468,406,76,85
466,402,75,85
464,397,74,85
462,393,73,84
462,387,72,86
