250,148,108,158
250,148,108,160
250,149,111,164
249,151,112,165
248,150,112,164
248,150,113,165
248,150,116,167
247,146,119,170
250,141,120,171
254,134,121,173
254,137,120,170
254,126,120,174
253,119,127,176
253,114,127,181
248,111,134,180
245,113,137,181
243,114,140,182
241,115,142,183
238,116,145,184
236,117,148,185
234,119,151,187
228,115,152,190
224,114,154,190
220,113,155,190
216,112,158,190
211,111,160,190
207,110,162,191
203,110,164,191
198,109,166,191
194,108,168,191
191,112,170,192
188,113,173,193
186,115,177,194
184,117,181,194
182,119,185,195
180,121,189,196
182,122,193,198
185,123,197,199
187,125,201,201
189,126,205,202
192,128,209,203
195,134,212,205
200,134,219,207
207,138,230,210
212,141,234,214
217,143,239,218
216,147,243,220
216,150,248,221
213,153,253,220
210,156,259,220
207,160,276,227
201,162,281,225
195,164,287,224
189,167,295,227
183,169,302,228
176,171,308,228
170,173,315,228
160,175,321,227
156,176,324,227
139,176,341,229
123,177,357,231
86,178,373,240
45,183,394,234
29,190,402,232
26,190,403,233
23,190,404,234
0,190,408,238
2,196,415,249
0,206,428,247
6,209,442,264
0,211,443,256
3,221,455,266
3,217,457,281
3,212,478,310
3,208,482,332
3,196,497,364
0,196,504,366
3,190,500,418
4,179,510,442
1,175,519,386
4,182,528,358
0,191,562,344
0,191,567,352
0,200,602,345
42,209,620,357
105,223,604,334
169,233,583,315
229,237,557,315
229,237,556,312
272,238,535,305
302,258,526,288
325,264,515,287
334,270,504,287
344,277,493,287
347,277,489,287
348,282,478,280
350,281,466,281
