423,135,109,189
423,137,108,187
424,140,108,185
425,143,108,183
425,146,108,181
426,149,108,179
427,152,108,178
427,155,108,177
428,158,108,175
427,161,109,172
426,165,111,170
429,167,110,171
431,169,110,172
432,169,110,172
433,168,110,173
434,168,110,173
435,166,110,172
435,165,110,171
436,163,110,170
436,161,110,169
437,160,111,169
436,162,110,168
435,164,110,168
435,166,110,167
434,168,110,167
433,170,110,166
433,172,110,166
432,174,109,165
432,177,109,165
432,179,109,164
433,183,111,163
435,183,111,164
438,184,112,165
441,184,112,166
443,185,113,167
446,186,114,169
449,186,114,170
451,187,115,171
454,187,115,172
457,188,116,173
460,189,117,175
466,189,108,175
469,192,108,175
471,194,109,176
472,197,109,176
471,197,109,176
472,201,111,176
473,202,111,179
473,203,114,180
472,205,117,181
472,210,122,180
471,209,123,180
471,208,124,181
470,207,125,182
470,206,126,183
470,205,127,184
469,204,128,184
469,203,129,185
468,202,130,186
468,201,131,187
468,200,133,188
470,200,133,188
472,200,134,188
474,201,135,188
476,201,136,188
479,202,137,189
481,202,137,189
483,202,138,189
485,203,139,189
487,203,140,189
490,204,141,190
491,203,143,192
493,202,145,194
495,201,147,196
496,200,148,198
498,199,151,200
500,198,153,202
501,197,155,204
503,196,157,206
505,195,158,208
507,195,161,211
504,196,164,211
501,198,165,213
498,200,167,214
495,202,168,216
492,204,169,218
489,206,170,219
485,208,171,220
481,209,172,220
477,211,173,220
474,213,174,221
468,205,177,230
468,205,179,231
468,205,180,233
468,207,184,234
471,209,184,236
474,212,187,241
477,215,188,242
480,221,190,243
483,221,192,245
481,226,196,248
483,227,206,258
484,217,216,269
491,220,219,269
497,226,224,266
495,229,229,266
501,232,234,269
510,228,236,271
514,229,237,271
518,226,239,276
524,231,234,268
524,235,237,268
524,238,239,268
523,232,243,268
524,246,245,267
524,249,247,267
524,253,250,266
524,256,252,266
524,260,255,266
525,264,258,266
527,270,260,263
517,270,264,254
521,279,266,250
517,276,268,249
512,273,262,253
499,266,266,253
481,263,264,252
460,244,270,246
431,230,274,252
435,231,267,252
407,224,276,251
385,214,285,250
368,200,278,259
361,206,281,248
348,206,285,247
346,206,289,246
345,206,294,245
345,201,289,254
350,211,299,242
354,216,301,241
365,221,311,240
369,222,306,240
374,226,310,238
380,231,315,237
391,240,322,237
402,250,329,237
421,263,335,237
423,267,340,234
440,275,348,235
457,284,355,236
477,294,363,237
491,299,371,233
513,303,370,230
515,301,373,237
524,307,384,227
528,306,388,226
506,297,403,223
511,298,397,223
500,299,401,222
494,300,418,223
489,301,410,220
488,296,413,217
489,294,411,213
491,293,409,210
490,297,412,201
492,295,402,201
489,300,391,195
486,295,386,201
484,281,377,210
482,267,362,225
480,253,348,239
477,253,351,232
472,253,346,242
471,245,327,240
469,238,339,214
475,241,339,215
489,245,331,225
489,241,333,232
503,248,324,216
519,252,317,218
534,258,309,213
545,258,302,202
556,256,291,197
556,255,290,198
562,251,283,192
574,242,273,178
580,241,264,178
579,239,256,167
576,238,246,153
579,240,243,151
579,241,227,152
573,239,218,141
570,239,209,135
567,241,199,132
566,246,190,126
567,245,191,126
563,250,182,121
561,253,174,117
560,255,167,111
559,259,160,108
555,265,160,104
557,264,155,104
