860,139,13,16
859,139,13,16
859,139,13,17
859,140,13,17
858,140,13,17
858,140,13,17
858,140,13,17
858,141,13,17
857,141,13,17
857,141,13,17
857,142,13,17
857,143,13,18
857,144,13,18
857,145,13,19
857,145,13,20
857,146,13,20
857,147,13,21
857,148,13,22
857,149,13,22
857,150,13,23
857,151,13,24
857,153,13,23
857,154,13,23
857,155,13,23
857,157,13,24
857,158,13,24
858,159,13,25
858,161,14,26
858,162,14,26
858,164,14,27
858,165,14,27
858,166,15,28
857,168,16,29
857,169,17,30
857,170,17,30
857,171,18,31
856,173,18,32
856,174,18,32
856,175,19,33
856,176,19,33
856,178,20,34
856,178,21,35
855,178,23,37
855,178,24,38
855,178,26,40
855,178,27,42
855,178,29,43
855,178,30,45
854,178,32,46
854,178,33,48
854,178,35,49
853,178,36,52
852,179,38,54
848,179,42,56
845,180,46,58
841,180,50,61
839,179,52,65
836,177,54,69
834,176,56,73
825,175,64,78
822,175,65,81
809,171,76,89
797,167,88,96
785,163,99,104
782,158,102,111
764,153,122,121
753,143,136,138
741,131,163,157
725,118,200,186
713,88,283,230
719,88,287,230
717,44,414,301
715,0,564,394
630,0,649,479
395,0,884,529
125,19,1154,521
125,20,1154,543
10,15,1265,589
0,79,972,503
39,88,704,423
124,86,511,375
215,100,379,325
208,100,379,320
300,119,310,292
366,140,270,265
429,162,243,251
486,188,214,238
527,205,205,234
534,211,197,227
558,227,190,229
574,246,184,229
588,244,180,233
603,228,175,252
617,197,170,279
616,196,174,280
618,162,176,317
604,131,185,349
586,103,188,386
572,82,187,404
565,79,176,404
564,78,175,406
556,84,200,433
547,89,225,422
545,94,251,417
548,99,266,421
544,105,288,408
540,108,289,407
536,122,308,398
532,134,321,383
531,145,327,372
529,157,333,361
