391,176,219,438
391,177,214,432
393,200,204,407
391,215,209,388
394,230,207,372
393,234,213,367
398,237,207,366
399,236,207,367
400,236,210,370
401,233,214,372
389,225,223,375
378,217,233,379
367,209,242,383
368,205,243,387
367,201,244,387
380,198,233,388
377,192,235,386
374,187,237,385
372,182,239,384
369,177,241,383
373,171,241,382
375,168,239,382
377,166,238,382
379,164,236,382
382,161,235,382
384,159,233,382
386,157,232,382
389,155,230,382
391,152,229,382
393,150,227,382
395,155,226,382
393,158,225,381
392,162,225,380
390,165,225,379
389,169,225,378
385,169,226,376
380,170,227,374
376,170,229,373
372,171,230,371
368,171,231,369
364,172,233,368
362,171,232,367
361,171,232,367
359,170,231,366
358,170,231,366
357,166,231,366
356,162,230,365
355,159,230,365
354,155,230,365
354,147,232,367
354,152,233,361
353,148,231,361
352,144,230,361
351,140,229,361
350,139,228,361
349,138,228,361
348,136,227,361
347,135,227,360
346,133,227,360
345,132,226,360
344,130,226,360
343,126,226,360
343,130,226,360
343,135,226,361
343,140,226,362
343,140,226,362
343,140,226,363
342,141,226,364
342,141,226,364
342,141,226,365
342,142,227,366
343,141,228,366
345,141,229,367
346,141,230,368
348,140,231,369
349,140,233,370
351,140,234,371
352,140,235,372
354,139,236,373
355,139,237,374
357,139,239,375
357,137,239,376
358,136,239,376
358,135,239,377
358,133,239,378
359,132,239,378
359,130,240,379
359,129,240,379
360,127,240,380
360,126,240,380
360,125,240,381
360,123,240,382
360,121,241,383
360,119,241,384
359,119,241,386
359,120,242,387
358,120,242,388
358,121,242,390
357,122,243,391
356,128,243,392
355,134,244,394
354,139,244,395
353,145,245,396
352,151,246,398
351,157,246,399
350,163,247,400
343,171,252,399
341,175,253,396
338,178,254,393
336,182,255,390
334,186,256,387
330,186,260,386
326,186,264,386
324,186,265,384
323,186,266,382
322,185,267,381
323,183,263,383
323,182,265,382
323,181,267,381
323,180,269,380
324,180,271,380
321,174,274,387
323,173,276,387
325,172,278,386
327,171,280,385
329,170,281,384
330,169,283,383
332,168,285,383
334,167,287,382
335,173,291,381
336,179,295,379
336,184,299,378
336,192,307,375
338,195,302,381
335,197,309,374
329,200,311,386
322,202,316,387
316,203,321,382
316,196,320,376
316,200,321,378
325,202,316,374
323,205,327,371
328,208,339,368
330,211,339,365
332,214,340,363
335,217,341,360
346,222,349,368
365,212,353,388
337,217,370,361
341,215,368,358
322,211,390,360
323,216,391,355
316,212,395,354
311,211,407,350
314,211,401,348
315,211,404,346
317,211,407,344
318,211,410,342
319,211,413,339
321,211,417,337
315,214,421,333
325,218,425,329
331,222,436,320
329,225,440,313
340,229,443,309
352,233,447,306
364,236,451,303
375,240,454,300
391,242,472,296
395,243,469,293
410,251,466,290
411,249,478,293
443,247,459,299
476,236,428,321
475,231,422,330
486,231,410,328
477,213,404,378
463,217,437,402
431,218,475,367
397,224,499,310
360,232,531,318
358,235,535,321
312,240,562,330
291,241,573,346
275,248,584,358
272,246,591,352
283,248,596,352
279,250,601,351
292,254,606,351
316,256,611,345
339,258,616,351
371,252,594,350
383,237,579,349
390,234,570,354
404,233,551,338
396,229,536,322
383,221,515,324
377,233,484,308
372,244,456,301
375,249,453,299
371,274,431,300
364,307,405,279
354,329,380,276
350,360,365,265
344,385,340,248
339,389,347,245
