358,198,293,521
353,193,295,525
349,189,297,529
344,185,299,533
340,181,301,538
336,177,303,542
331,173,305,546
327,169,308,550
323,166,317,553
318,163,326,555
314,161,335,558
303,155,357,564
299,156,366,563
296,157,374,562
293,158,382,561
290,158,391,561
287,159,399,560
284,160,407,559
281,160,416,559
275,169,422,550
267,178,435,541
266,194,444,525
256,203,425,516
249,220,438,499
246,222,436,497
237,232,457,487
225,252,479,467
233,274,492,445
231,300,527,419
256,338,529,381
257,341,530,378
281,369,579,350
313,404,600,315
365,435,579,284
410,461,563,252
472,477,520,206
471,481,529,207
525,482,494,179
569,465,454,180
611,443,418,186
641,414,385,195
669,390,354,192
673,390,350,197
692,362,321,207
714,339,281,208
724,319,251,209
731,304,220,209
738,293,190,193
736,294,191,192
737,287,170,185
735,276,147,184
729,274,134,175
724,274,123,167
721,279,109,158
718,280,110,156
715,288,99,146
712,296,89,137
709,306,83,127
708,313,79,120
707,321,74,114
706,319,75,117
704,329,70,107
701,337,68,103
700,344,64,98
700,351,62,94
700,357,60,89
700,357,59,89
703,363,55,85
706,370,52,81
708,376,51,77
710,383,50,74
711,387,49,71
713,391,48,69
714,395,47,67
716,399,46,65
717,403,45,62
720,407,40,59
720,409,40,58
721,411,39,56
722,413,38,55
723,415,38,54
723,415,38,52
734,180,11,17
734,181,11,17
734,183,11,17
733,183,11,17
733,185,11,17
733,186,11,17
733,187,11,17
732,188,11,17
732,189,11,17
732,190,11,17
732,191,11,17
732,192,11,18
731,193,11,18
731,194,11,18
731,194,11,18
730,195,11,20
730,196,11,20
729,197,11,21
729,198,11,21
728,199,11,21
728,200,11,21
727,200,11,21
727,201,11,21
726,202,11,21
725,202,11,21
725,203,11,20
725,204,11,19
723,205,11,20
723,206,11,19
723,207,12,20
722,207,11,24
721,207,11,24
720,208,11,24
719,209,12,24
718,210,12,25
716,210,12,25
715,211,13,25
714,212,13,25
714,212,13,25
713,213,13,25
712,213,13,25
712,214,14,25
711,214,14,25
711,215,14,25
710,215,14,25
709,216,14,25
708,215,15,25
707,214,15,26
706,214,16,26
704,213,17,27
703,213,17,28
701,212,17,28
699,210,17,28
696,211,18,30
693,210,18,30
690,210,19,31
687,209,19,32
685,208,20,33
683,208,20,34
680,207,21,35
678,206,22,35
676,206,22,36
675,205,22,37
672,204,23,37
669,202,24,38
665,200,25,39
662,199,25,39
659,197,26,40
657,196,27,41
653,194,28,42
648,192,29,43
644,190,30,44
639,188,32,45
635,186,33,45
633,186,34,47
628,183,36,48
621,179,38,51
617,173,40,54
610,166,42,56
604,157,44,59
604,159,45,58
598,149,49,63
587,139,54,67
572,131,59,71
557,120,64,76
549,109,68,80
549,109,70,80
541,98,78,89
535,87,87,97
529,68,95,108
516,53,110,117
493,29,141,138
497,31,137,140
490,11,168,158
468,0,208,166
423,0,265,178
319,0,360,211
172,0,515,306
173,0,510,305
0,0,792,430
0,0,1034,678
0,77,1280,640
149,163,1130,556
460,267,819,452
495,266,784,453
672,292,555,406
751,292,388,347
755,284,303,317
740,275,256,296
706,257,219,303
704,259,226,302
677,243,202,315
664,224,186,334
652,212,173,350
642,201,179,347
628,199,184,376
623,198,195,379
614,203,203,390
589,200,232,392
579,200,252,394
570,199,271,396
555,196,289,382
551,193,297,384
527,183,315,384
509,180,332,366
504,181,337,345
502,181,343,347
492,181,349,342
494,180,343,344
487,178,342,346
485,171,347,349
486,164,348,346
496,151,342,353
488,139,351,363
489,142,349,358
487,140,348,354
486,142,347,358
487,144,344,357
474,146,352,356
461,144,355,363
467,149,347,360
457,141,355,358
465,131,353,362
468,118,357,361
473,105,363,351
365,89,148,179
369,87,141,183
382,83,144,184
396,81,146,178
410,80,147,178
423,81,148,174
433,75,146,174
435,77,146,172
443,72,146,174
452,69,145,173
459,65,148,176
466,63,149,174
475,65,144,171
474,64,147,171
481,69,145,168
485,73,142,167
490,74,142,166
494,77,143,165
495,80,144,163
496,80,143,163
495,82,148,163
495,80,145,161
494,78,147,160
495,77,148,159
495,75,148,160
495,73,147,161
496,72,148,157
494,71,148,155
492,71,149,153
490,71,149,151
489,71,150,149
487,71,152,146
482,72,155,145
478,72,154,146
473,74,153,145
471,77,152,144
468,78,151,144
467,80,152,144
465,81,150,144
461,82,151,143
456,80,153,146
452,80,153,143
444,79,153,142
443,79,154,142
436,79,152,141
429,78,151,141
424,76,148,142
417,75,147,142
411,76,146,140
410,76,148,139
404,77,147,141
398,77,147,138
395,76,147,137
393,76,148,135
390,75,148,134
388,75,149,132
386,75,150,129
384,75,149,128
383,80,148,123
383,85,148,120
382,84,149,121
380,82,151,121
384,88,148,121
385,89,148,119
386,90,147,118
387,90,147,117
388,91,146,116
387,91,147,115
387,92,148,114
386,92,148,113
386,93,149,112
385,93,148,111
384,93,147,111
384,92,150,111
383,92,150,111
385,89,149,112
383,90,153,109
389,89,143,105
387,91,146,98
387,91,147,98
383,92,146,97
380,94,145,96
377,96,144,95
374,98,143,94
370,100,141,94
370,101,143,93
365,103,143,91
365,108,142,89
364,112,141,87
363,116,136,88
358,121,142,84
356,125,141,83
354,129,140,82
352,132,139,80
350,136,138,79
349,140,137,77
347,143,136,76
345,147,136,74
339,151,139,73
333,155,142,71
328,157,138,70
324,159,135,69
318,161,137,68
318,160,136,69
312,164,139,67
308,166,138,65
305,169,138,64
301,172,138,63
298,175,137,62
295,178,137,61
294,180,142,59
296,180,139,57
297,180,136,57
298,181,132,55
300,182,133,53
302,184,134,51
304,185,136,49
307,187,137,48
309,188,139,46
311,190,140,44
314,192,142,41
315,194,140,40
317,196,139,40
319,198,138,40
321,201,136,39
323,203,135,39
325,205,134,39
327,207,133,38
324,212,133,39
320,216,133,40
317,221,133,41
311,229,125,39
302,239,126,38
299,243,127,38
293,251,129,39
287,260,131,39
281,268,132,40
275,277,134,40
269,285,136,41
268,285,138,40
265,291,139,41
264,298,142,38
266,304,140,40
271,311,138,39
276,321,134,42
272,321,137,42
274,330,140,42
276,338,143,42
278,346,146,43
286,352,141,42
289,357,139,46
287,358,140,44
287,364,139,46
287,370,139,47
288,377,138,49
287,386,138,50
287,396,137,52
287,394,136,53
297,402,126,53
298,414,127,58
299,426,129,63
297,437,135,64
296,449,141,65
294,449,140,65
304,459,136,64
314,469,132,64
323,479,128,63
333,489,128,63
345,500,127,64
345,501,127,66
357,511,127,67
370,522,127,69
383,531,123,67
397,541,119,64
410,547,117,61
410,547,117,63
420,551,116,63
431,554,116,63
444,557,113,67
461,559,110,68
473,561,110,66
474,560,108,67
487,564,101,66
498,565,105,69
506,566,105,73
521,567,97,72
532,567,93,70
543,567,88,68
554,567,85,65
566,567,82,62
578,567,79,60
592,567,75,54
605,566,72,51
610,565,66,51
616,565,68,46
629,565,65,43
643,565,63,40
656,566,61,37
670,566,58,35
671,566,58,35
683,566,60,33
697,565,55,29
709,566,54,26
721,567,53,26
733,569,53,26
733,568,53,26
744,572,53,26
759,575,48,26
770,579,48,26
781,581,47,27
794,582,44,30
793,584,43,27
806,585,40,27
818,585,40,27
829,586,41,27
841,586,39,28
851,587,41,28
851,587,40,28
862,587,38,28
871,586,38,29
882,585,36,30
891,582,34,29
899,579,34,29
899,579,34,28
908,575,34,28
917,569,32,29
370,289,129,200
384,293,124,192
396,295,121,193
397,294,120,193
412,297,114,183
425,300,108,179
437,306,100,171
445,313,94,164
450,320,90,161
449,319,90,160
455,326,86,159
448,334,87,159
432,338,91,170
413,341,96,179
399,347,108,190
400,346,108,192
392,354,117,209
389,371,157,234
394,394,182,255
401,422,212,255
430,441,240,269
428,439,245,267
462,456,269,257
509,479,271,237
580,507,266,210
640,514,288,205
730,518,323,201
720,512,328,207
