792,171,272,316
793,173,274,318
794,176,276,320
795,178,278,321
795,181,280,323
796,183,281,325
797,186,283,327
798,188,285,328
799,191,287,330
807,187,286,332
816,184,285,334
815,182,288,336
814,180,291,337
814,178,293,338
813,176,296,339
813,174,298,340
814,177,301,342
815,180,304,343
817,183,306,344
818,186,309,345
820,190,311,346
821,192,314,351
821,195,316,355
821,203,318,357
821,210,320,359
821,218,321,361
821,225,323,363
820,233,325,365
820,240,327,367
820,248,329,369
820,255,330,371
815,261,337,370
810,267,344,369
805,272,350,368
800,278,357,366
795,283,364,365
792,284,367,367
790,284,370,368
787,284,373,370
784,284,376,371
782,284,379,372
777,285,384,372
773,285,388,372
768,285,393,372
763,286,397,372
759,286,402,371
754,286,406,371
749,287,411,371
752,283,415,371
754,279,420,371
756,276,424,370
753,273,433,366
750,271,442,362
743,268,448,363
736,266,453,364
728,264,459,365
721,262,465,366
714,260,471,366
707,258,477,367
700,256,482,368
693,254,488,369
683,251,492,378
673,252,506,380
656,253,521,381
636,258,535,383
622,260,549,385
631,260,536,388
607,261,557,389
589,260,578,390
574,262,587,392
535,264,620,393
520,266,630,388
503,272,639,381
508,275,628,361
506,274,635,358
486,277,646,354
461,280,660,351
436,282,675,347
412,286,683,344
381,283,699,346
383,280,705,349
372,281,712,349
354,273,717,365
352,269,710,368
345,249,714,392
326,221,738,432
317,213,747,444
326,191,740,470
332,166,711,499
347,144,751,551
358,134,781,493
349,123,778,431
357,123,778,435
366,123,779,440
371,128,770,445
375,133,761,449
380,139,752,454
372,148,746,461
363,156,755,451
354,165,753,440
345,174,751,430
337,183,753,416
328,191,756,402
319,195,753,395
310,199,749,389
300,202,745,382
269,206,763,375
247,210,747,369
225,214,730,362
203,219,714,355
211,221,698,348
190,223,685,339
