358,198,293,521
353,193,295,525
349,189,297,529
344,185,299,533
340,181,301,538
336,177,303,542
331,173,305,546
327,169,308,550
323,166,317,553
318,163,326,555
314,161,335,558
303,155,357,564
299,156,366,563
296,157,374,562
293,158,382,561
290,158,391,561
287,159,399,560
284,160,407,559
281,160,416,559
275,169,422,550
267,178,435,541
266,194,444,525
256,203,425,516
249,220,438,499
246,222,436,497
237,232,457,487
225,252,479,467
233,274,492,445
231,300,527,419
256,338,529,381
257,341,530,378
281,369,579,350
313,404,600,315
365,435,579,284
410,461,563,252
472,477,520,206
471,481,529,207
525,482,494,179
569,465,454,180
611,443,418,186
641,414,385,195
669,390,354,192
673,390,350,197
692,362,321,207
714,339,281,208
724,319,251,209
731,304,220,209
738,293,190,193
736,294,191,192
737,287,170,185
735,276,147,184
729,274,134,175
724,274,123,167
721,279,109,158
718,280,110,156
715,288,99,146
712,296,89,137
709,306,83,127
708,313,79,120
707,321,74,114
706,319,75,117
704,329,70,107
701,337,68,103
700,344,64,98
700,351,62,94
700,357,60,89
700,357,59,89
703,363,55,85
706,370,52,81
708,376,51,77
710,383,50,74
711,387,49,71
713,391,48,69
714,395,47,67
716,399,46,65
717,403,45,62
720,407,40,59
720,409,40,58
721,411,39,56
722,413,38,55
723,415,38,54
723,415,38,52
