808,145,165,156
811,146,165,151
813,147,171,147
816,148,176,147
820,150,176,143
821,150,176,143
824,152,180,142
828,155,184,140
832,157,185,140
829,162,191,139
838,167,187,141
835,166,191,137
841,169,190,138
850,169,186,134
846,169,198,134
863,168,187,134
861,169,201,132
861,169,201,132
872,170,203,131
882,172,205,127
890,173,217,129
915,171,206,123
923,169,207,121
924,168,208,122
924,166,216,119
927,165,220,116
933,164,215,116
928,165,220,113
915,169,225,112
915,169,225,109
908,174,222,112
893,176,225,111
878,178,228,110
854,182,237,108
830,186,246,106
833,186,238,106
826,190,234,101
808,192,238,100
791,193,242,96
771,197,247,93
752,202,249,90
753,204,248,90
742,211,247,89
722,222,249,90
699,236,251,89
676,250,253,88
653,265,256,88
648,265,258,87
631,277,261,87
611,292,265,87
599,310,264,90
594,325,266,90
590,340,276,90
591,338,277,90
588,352,286,90
611,360,282,90
620,375,286,90
635,383,292,90
652,395,292,90
652,398,290,90
667,407,300,90
686,418,295,88
699,429,300,85
711,438,304,91
715,439,301,90
719,441,298,89
724,440,309,86
732,434,303,84
729,422,309,85
731,407,304,86
725,394,306,84
729,393,303,89
726,377,300,85
731,359,298,93
729,341,300,90
730,326,293,90
725,314,296,86
722,311,299,90
722,302,295,84
712,295,293,86
708,291,291,90
694,293,291,92
680,295,292,94
677,290,292,99
659,301,293,104
640,311,293,110
627,324,294,111
613,337,294,112
599,349,295,113
598,354,298,104
588,364,301,105
584,377,308,103
586,386,297,108
592,397,304,103
604,403,301,103
602,407,296,105
617,409,296,99
634,407,293,101
643,404,299,110
659,404,296,108
676,405,294,106
684,405,283,106
692,406,282,106
700,406,282,107
708,407,282,107
718,408,277,105
714,403,276,111
715,403,275,112
713,402,278,113
708,405,282,109
702,404,277,107
700,395,271,110
699,386,265,113
699,380,266,116
707,369,254,120
698,360,259,115
696,349,254,116
695,338,250,117
692,327,250,119
693,327,248,114
694,324,249,115
700,314,243,120
704,309,239,121
720,303,225,122
717,308,235,123
719,304,235,127
736,311,222,127
746,320,222,127
757,325,221,134
772,331,216,137
788,341,207,134
787,342,206,134
798,349,201,129
805,353,196,134
805,358,189,134
799,362,192,134
791,355,184,136
790,356,184,134
781,354,182,134
770,353,174,134
758,350,176,139
741,342,186,144
728,339,170,144
725,341,170,141
709,337,165,132
701,336,151,119
681,332,149,110
667,326,136,102
647,320,131,94
647,318,134,94
628,311,132,92
610,298,127,88
587,287,134,89
562,275,130,88
535,264,129,90
535,265,131,89
503,255,128,93
468,243,128,96
432,233,126,98
393,223,127,100
353,216,123,94
354,214,117,98
314,205,118,98
274,196,122,97
235,186,123,102
