400,201,42,93
404,204,38,92
404,209,38,87
404,208,38,88
407,210,38,86
407,209,38,86
409,210,38,86
412,209,38,86
412,210,39,84
413,213,39,81
413,213,39,83
414,216,37,82
415,216,37,82
415,216,37,82
414,217,39,78
413,217,39,76
412,215,38,77
412,214,38,77
411,213,38,76
411,214,38,73
414,214,38,77
420,217,34,74
424,221,34,73
423,222,35,72
427,224,35,74
431,224,36,72
433,225,37,73
433,225,37,73
432,225,38,73
432,224,38,73
428,223,39,75
425,222,37,72
423,220,37,72
421,218,36,73
418,218,37,73
417,219,38,72
416,221,38,71
415,220,39,71
413,221,40,71
413,223,40,73
412,227,41,71
412,228,41,70
410,228,42,70
407,228,43,71
405,228,44,71
403,228,45,71
401,229,46,72
401,230,46,71
400,230,44,72
401,231,44,73
401,235,44,75
402,237,43,72
402,241,44,71
402,241,43,71
402,245,44,71
402,248,43,71
403,252,44,73
404,256,45,74
405,260,46,74
405,261,45,74
407,265,46,75
407,267,47,78
408,272,48,79
408,275,48,80
409,276,49,80
409,276,48,79
409,278,47,80
409,281,48,82
408,284,50,82
408,286,50,84
409,290,48,85
406,289,50,85
406,290,51,85
406,289,50,86
407,288,50,86
409,289,51,87
408,287,51,88
408,287,52,89
408,285,52,89
409,282,53,91
410,280,53,94
410,275,53,95
410,271,54,96
410,267,55,97
410,263,56,98
406,254,56,99
403,246,57,101
399,237,57,103
396,229,58,105
395,227,58,105
391,220,57,112
384,216,58,114
377,212,59,116
370,208,60,118
363,204,62,119
362,200,63,122
361,197,64,124
355,194,66,126
349,190,67,128
343,187,68,130
334,181,70,132
333,181,70,132
330,174,71,133
326,166,72,134
322,158,72,135
318,150,73,136
313,144,74,137
311,143,74,138
310,141,75,139
308,139,76,140
307,136,78,141
306,134,78,139
306,131,78,140
306,132,78,140
308,130,77,138
311,131,75,134
312,132,75,130
314,131,73,127
316,135,73,122
316,134,74,125
319,143,76,120
329,145,70,117
334,150,70,114
339,154,69,111
341,157,67,109
341,156,68,109
341,159,68,109
337,162,68,107
333,167,68,104
331,171,69,104
328,181,71,100
330,176,70,103
329,180,71,106
332,188,70,103
319,187,82,107
301,185,87,112
280,179,99,122
280,176,102,123
256,165,112,140
231,155,133,154
203,139,157,179
187,127,187,203
171,117,245,242
177,117,236,242
162,102,318,305
160,91,458,399
147,72,716,595
113,46,1142,673
168,53,1095,666
165,55,1098,664
286,51,993,668
539,132,740,587
734,171,545,545
697,196,566,400
582,236,411,282
597,247,387,273
470,282,284,228
408,300,222,193
375,303,192,188
355,308,166,185
335,306,169,198
334,304,166,200
316,285,159,226
304,267,151,245
297,245,154,262
320,227,129,273
337,208,138,264
337,211,135,265
361,203,133,266
391,196,130,267
421,190,128,268
430,183,142,281
434,183,151,282
433,185,153,280
421,179,170,277
412,166,184,287
394,154,209,286
388,153,226,284
377,148,251,299
380,149,253,292
377,143,261,299
367,135,273,308
341,126,297,311
334,114,313,326
316,109,323,329
318,97,324,328
306,96,336,341
287,81,352,353
