555,204,126,250
556,208,126,248
557,211,126,246
559,214,125,243
560,221,125,238
562,228,124,232
563,234,124,227
564,240,124,223
566,245,123,218
567,251,123,213
569,257,122,208
570,261,123,202
572,265,123,196
574,269,124,190
575,273,124,184
577,270,125,183
579,268,125,183
581,267,126,183
582,265,126,182
584,264,127,181
586,262,127,180
588,256,129,183
590,250,130,185
592,244,131,188
594,238,133,190
596,232,134,193
598,226,135,195
601,220,137,198
607,211,134,199
613,203,132,201
616,196,132,199
616,193,134,201
616,190,135,202
616,186,136,204
616,183,137,205
616,180,138,207
616,176,140,208
616,173,141,210
616,172,142,209
616,172,143,207
616,171,144,206
612,173,144,206
608,175,144,206
604,177,144,206
600,179,144,206
596,181,144,206
592,183,144,206
588,185,144,206
584,186,144,206
580,188,144,206
576,190,144,206
574,191,145,207
572,191,146,208
570,192,146,209
568,192,147,209
567,193,148,210
565,193,149,211
563,194,149,212
561,194,150,213
559,195,151,213
558,195,151,214
556,193,153,215
554,191,155,217
552,189,156,218
550,186,158,219
548,184,160,220
546,182,162,221
544,180,163,223
542,178,165,224
540,175,167,225
538,173,168,226
537,173,169,226
535,173,170,226
534,173,171,226
533,173,172,227
532,173,172,227
531,173,173,227
529,173,174,227
528,173,175,227
527,173,176,227
526,173,176,227
524,174,177,227
523,175,177,227
521,175,177,226
519,176,177,226
518,176,177,226
516,177,178,225
515,178,178,225
513,178,178,225
511,179,178,224
510,179,178,224
508,177,178,224
505,175,178,224
503,173,178,224
501,171,178,224
499,169,178,224
497,167,178,224
494,165,178,224
492,163,178,224
490,161,178,224
488,159,178,224
487,158,182,224
485,156,185,224
484,155,189,224
483,153,192,224
482,151,192,223
481,150,191,222
479,148,190,223
478,147,188,223
477,145,187,224
476,143,178,224
474,146,183,219
480,147,187,221
486,149,191,223
492,150,196,224
498,152,200,226
504,153,205,226
510,155,209,226
516,156,213,227
522,158,218,227
528,159,222,227
523,160,225,226
518,160,228,225
513,161,231,224
493,167,235,224
479,169,244,223
468,171,246,224
457,173,248,225
446,175,249,226
445,175,253,226
430,178,256,226
422,178,263,226
413,178,270,226
405,178,277,226
397,178,284,225
389,178,291,225
380,178,298,225
372,178,305,225
378,178,298,225
384,178,290,224
386,178,294,224
384,175,299,225
389,179,301,222
393,183,303,219
398,188,305,214
403,192,318,217
408,196,331,219
413,200,343,222
417,205,356,224
422,209,368,227
427,213,381,229
436,219,381,224
445,225,381,218
454,231,382,213
464,237,382,208
464,239,387,210
471,240,376,206
460,242,374,202
457,244,356,193
455,245,353,193
438,247,357,188
422,244,351,193
410,241,363,198
418,239,354,210
426,236,361,216
432,233,354,221
461,225,338,244
472,221,354,267
483,218,358,272
501,222,375,231
513,219,372,231
524,220,364,235
536,220,356,240
547,221,347,244
559,221,339,249
564,222,334,244
570,222,328,239
575,223,322,234
580,223,317,229
586,224,311,224
594,224,299,211
597,224,293,205
600,224,287,199
603,225,281,193
606,225,275,187
610,225,265,181
613,225,255,175
616,225,245,169
619,225,235,164
617,225,230,159
616,224,225,154
616,224,225,154
230,73,509,463
238,74,517,463
245,74,525,463
252,75,527,462
260,75,530,462
267,78,535,460
275,80,540,458
282,83,545,456
290,85,550,453
297,88,556,451
305,90,561,449
310,92,568,445
312,93,579,442
314,94,589,438
317,95,599,434
319,96,609,431
322,100,620,438
325,104,631,445
327,113,641,437
330,122,652,430
333,130,662,423
332,134,671,421
332,138,679,419
331,141,688,417
330,145,697,415
329,148,706,414
329,152,709,412
328,156,711,410
327,159,714,402
327,163,717,395
326,166,720,387
326,172,716,382
326,177,712,377
326,182,709,372
326,199,706,356
326,215,702,340
323,224,702,331
319,234,702,321
316,244,702,312
312,254,702,302
309,263,703,293
299,271,702,285
288,280,702,278
278,288,702,270
268,296,702,262
257,304,702,254
247,312,691,246
237,321,680,239
227,329,668,231
216,337,657,223
206,345,646,215
203,345,653,214
200,346,645,212
196,346,637,211
193,346,629,209
192,347,623,204
190,347,617,199
187,347,616,196
184,348,614,194
182,348,613,191
179,348,612,188
188,342,604,185
197,336,596,182
202,330,591,188
232,333,573,181
263,335,556,175
294,342,554,170
323,341,533,171
353,340,513,171
351,339,518,169
377,338,500,167
397,338,487,170
417,338,467,172
436,339,447,175
456,339,426,177
455,339,429,180
459,339,408,182
458,339,407,184
456,339,375,183
454,338,343,182
450,338,339,182
447,336,340,182
438,334,324,182
424,333,325,182
415,331,304,182
397,329,304,182
380,327,304,182
379,325,298,182
364,323,286,182
349,320,274,182
334,317,262,182
323,320,257,179
312,323,251,176
310,326,246,173
309,329,240,170
304,339,236,172
298,349,232,174
299,360,228,177
300,371,223,181
302,377,211,175
299,395,205,175
306,409,200,171
314,423,194,166
321,437,189,162
328,451,184,157
331,453,183,156
343,465,178,162
350,477,180,159
363,489,172,154
375,500,164,149
387,512,155,144
385,515,159,144
398,518,149,143
411,520,138,143
419,523,133,140
427,526,127,138
435,529,121,135
438,529,120,136
445,526,115,137
452,524,110,137
460,521,105,137
462,518,106,136
463,515,107,134
465,513,108,133
467,510,109,132
469,507,110,130
471,505,111,129
473,506,110,123
475,507,108,118
477,506,105,116
479,504,102,113
480,503,102,109
480,499,101,108
481,495,100,107
482,490,99,106
483,486,98,105
484,482,98,104
485,478,97,103
486,473,96,101
487,469,95,100
488,465,94,99
487,462,93,98
487,458,92,98
486,455,90,97
486,452,89,96
485,448,88,95
485,445,87,94
484,442,85,93
484,439,84,92
483,435,83,91
483,432,81,90
481,429,80,88
478,426,78,85
476,423,79,86
474,419,78,85
472,415,77,85
470,410,77,85
468,406,76,85
466,402,75,85
464,397,74,85
462,393,73,84
462,387,72,86
648,201,311,356
650,207,311,353
652,214,310,350
653,220,310,348
655,226,309,345
656,233,309,342
658,239,309,339
660,245,304,335
661,252,299,330
663,258,295,325
664,264,287,320
661,259,271,325
658,254,255,331
654,249,240,340
651,245,232,334
647,240,240,344
644,235,248,340
641,230,250,330
637,225,252,319
634,220,254,309
630,215,256,298
628,206,256,305
625,197,256,298
618,184,264,299
615,166,266,305
606,154,272,305
595,143,276,307
592,140,273,305
590,136,269,303
582,136,266,298
582,129,252,300
574,124,248,305
573,124,236,308
574,124,228,307
575,124,219,307
