514,187,155,216
510,190,158,220
507,193,162,224
504,196,165,229
501,200,169,233
497,204,172,239
492,208,176,244
487,212,179,250
483,216,183,255
478,221,186,260
478,225,188,258
469,214,205,279
468,212,204,286
469,221,211,282
465,219,215,286
461,218,219,291
458,216,224,295
449,213,231,302
439,209,239,308
430,205,246,314
421,202,254,321
405,199,270,337
398,200,273,341
391,201,276,345
385,202,280,352
374,194,284,358
369,203,283,368
350,216,303,377
344,220,308,376
339,225,314,376
335,237,330,385
329,247,346,387
334,252,350,399
323,257,375,405
323,259,383,405
320,256,396,416
318,252,409,428
316,248,423,439
313,241,441,450
311,233,454,455
311,234,456,458
301,220,480,471
292,207,505,485
283,194,530,499
274,180,555,513
265,160,599,534
278,156,577,540
259,154,610,541
259,145,649,540
260,132,665,553
262,120,681,566
254,115,711,569
253,112,720,575
253,109,730,581
259,107,758,592
263,107,774,608
257,113,793,606
252,119,798,600
247,125,803,594
242,131,808,588
253,144,796,571
240,154,799,562
228,163,803,553
217,180,798,540
204,181,809,536
192,198,812,519
180,206,816,512
167,214,819,504
155,221,822,497
143,229,826,490
131,236,829,483
142,241,809,470
152,246,791,473
163,251,771,459
127,254,798,465
96,261,855,458
92,265,878,454
112,270,835,449
154,275,768,427
196,280,701,394
255,273,620,366
268,272,583,357
270,270,579,354
270,249,573,372
266,225,570,414
252,210,590,454
236,215,591,421
222,232,615,346
220,232,621,338
208,248,631,339
199,255,639,335
186,274,635,328
192,294,636,328
192,309,625,315
187,310,628,316
193,318,625,314
207,328,629,315
224,334,634,317
242,338,657,315
279,343,650,326
279,347,646,321
303,346,645,319
319,344,635,321
336,342,626,324
336,351,632,311
