418,84,233,332
422,81,226,337
424,96,228,339
426,110,229,341
428,125,230,342
435,133,232,344
442,141,233,346
441,144,236,346
450,151,235,346
459,157,234,346
468,164,234,346
476,162,234,349
484,161,234,352
489,162,234,349
494,163,234,346
499,156,234,350
504,149,235,355
504,144,235,353
505,139,236,351
506,134,236,349
505,121,235,347
506,103,228,348
501,99,239,354
500,92,239,353
500,86,239,352
497,83,238,355
495,80,237,358
491,87,239,355
488,94,241,352
484,101,242,349
482,102,236,350
482,100,240,354
477,100,239,350
471,102,241,354
466,104,243,357
461,106,245,361
462,108,247,364
463,110,249,368
465,112,251,371
466,114,253,374
468,126,254,368
470,134,252,370
477,145,251,375
474,143,260,379
483,152,254,373
490,160,256,377
489,161,260,375
488,162,263,373
487,163,267,371
483,157,267,373
480,151,268,376
477,145,268,378
473,139,268,380
468,140,270,380
462,142,273,381
457,143,275,381
451,144,277,381
444,146,277,384
434,152,279,385
424,159,282,386
414,165,285,388
415,169,288,388
399,174,290,389
383,180,293,391
367,185,296,392
349,190,297,391
331,194,298,390
324,194,300,388
318,193,301,387
310,197,303,384
302,201,305,381
292,203,305,380
290,208,310,379
289,209,311,381
295,219,311,368
294,222,318,366
300,232,319,361
306,243,322,359
312,262,328,355
314,256,330,357
319,271,336,357
316,275,346,358
316,278,353,364
316,280,359,370
316,283,366,376
316,286,372,382
316,288,378,388
310,291,390,393
304,295,401,397
298,298,413,399
292,301,420,391
284,295,427,392
276,290,434,393
269,284,441,394
261,278,448,395
253,272,455,396
245,267,462,397
237,261,469,398
229,256,476,399
221,250,483,399
213,245,493,395
214,242,501,393
207,234,508,391
205,232,516,389
207,229,523,387
207,228,530,385
210,225,538,383
213,222,545,381
216,220,553,379
219,217,560,377
221,210,572,379
228,206,583,381
239,206,595,383
230,205,614,378
226,199,625,381
226,198,623,382
207,195,647,379
199,196,657,375
175,192,667,384
148,197,677,393
127,185,687,401
121,174,696,420
90,156,710,449
72,123,722,492
56,79,726,547
61,52,735,600
62,26,747,637
51,24,757,653
77,35,778,567
71,78,805,489
102,120,789,448
101,126,799,405
95,145,803,415
93,138,811,421
92,152,809,422
92,166,807,414
100,176,805,429
108,181,800,421
116,188,798,414
115,191,797,412
133,197,803,411
143,198,797,403
160,191,822,405
166,187,832,404
175,176,831,399
175,175,829,397
172,164,835,400
165,155,830,401
153,144,828,403
122,139,842,405
99,136,843,409
111,130,832,413
66,139,858,420
44,130,853,428
23,121,849,437
4,116,855,443
0,119,845,439
6,121,837,434
3,120,845,447
17,122,852,460
38,134,843,457
85,127,846,483
104,129,866,488
116,133,859,483
173,132,828,483
220,132,794,478
257,135,770,461
271,132,753,467
