400,47,421,670
399,48,421,669
401,49,418,668
407,50,411,667
405,50,412,667
408,51,408,666
412,52,403,665
410,52,405,665
414,53,400,664
279,54,534,663
278,55,534,663
277,60,542,657
276,57,531,660
275,62,535,656
286,60,517,655
283,64,534,655
280,67,561,652
283,77,570,642
278,90,597,628
273,86,609,632
268,105,621,612
260,127,640,591
247,154,650,564
224,177,667,541
214,205,659,514
209,207,663,512
180,225,672,495
151,243,678,476
121,262,676,457
92,252,674,467
63,236,674,483
62,238,675,482
41,226,681,493
20,214,687,505
0,202,693,517
0,184,697,536
0,161,719,559
0,169,724,551
0,149,770,571
0,142,828,577
0,135,886,584
2,136,959,584
0,131,1041,589
2,131,1039,589
0,128,1159,592
0,137,1138,583
5,137,1103,582
0,155,1136,565
0,168,1127,552
4,133,1127,587
0,181,1102,509
0,195,1077,469
0,216,1058,460
43,239,992,450
120,260,903,423
118,270,901,414
212,280,797,406
264,290,735,384
337,300,644,339
386,309,594,335
447,319,524,311
450,316,520,315
505,323,456,289
544,331,419,270
583,338,375,245
622,344,334,231
652,348,302,220
666,352,287,213
681,356,273,206
706,361,252,191
731,366,232,176
753,368,208,169
778,370,193,159
776,369,193,159
798,372,178,151
817,374,163,143
834,377,153,133
849,379,142,126
862,381,132,121
861,381,133,120
874,384,124,112
883,381,113,108
890,382,109,103
897,382,103,98
905,382,97,93
905,381,97,95
913,382,92,90
922,381,87,85
929,379,84,83
939,380,79,78
948,383,74,72
949,380,71,76
958,378,66,74
966,378,64,69
974,377,61,67
982,376,58,65
990,375,56,63
989,375,57,65
996,373,55,63
1003,374,53,59
1009,373,53,59
1013,373,54,56
1015,372,53,53
1016,372,53,53
1020,373,51,52
1023,373,51,53
403,170,19,23
404,172,19,23
406,172,17,25
406,173,19,24
408,172,17,25
409,174,19,25
410,174,19,25
411,174,19,26
413,175,20,27
413,175,19,27
414,175,20,28
414,175,19,29
414,176,19,31
413,174,21,33
412,174,21,34
412,174,21,34
411,174,23,35
411,173,23,36
410,173,24,37
410,174,26,39
411,176,29,41
412,175,28,39
413,177,29,41
416,179,30,43
417,183,33,44
422,185,34,47
424,188,37,50
424,188,37,50
426,189,40,56
430,191,45,60
430,195,52,63
432,196,57,70
434,200,62,76
434,199,62,76
435,203,72,86
436,205,86,103
439,208,98,113
442,212,120,125
445,211,142,153
446,212,145,153
444,209,180,196
427,215,250,244
416,216,345,339
405,226,481,477
399,274,588,446
404,272,570,445
446,344,577,374
571,418,707,301
738,472,538,247
839,458,440,258
873,431,394,200
875,431,394,196
861,405,271,160
827,384,199,133
786,373,152,118
753,360,125,105
721,348,98,93
721,350,100,92
693,339,93,89
673,333,80,81
659,330,68,72
646,329,62,67
634,325,57,69
633,326,58,68
622,322,53,66
612,322,52,64
606,325,50,60
603,326,45,59
599,322,49,61
599,321,46,61
600,319,42,57
598,312,40,60
596,308,41,62
591,305,43,63
587,303,45,64
583,301,47,65
579,299,44,66
574,295,46,69
569,291,48,72
564,287,50,75
562,282,51,82
563,280,49,85
563,279,52,87
565,278,53,91
566,280,54,98
566,277,59,106
565,278,63,114
565,278,64,115
564,262,69,137
556,250,82,157
551,230,99,177
542,213,110,202
538,195,113,227
538,190,115,236
525,183,126,236
519,174,122,250
505,169,119,274
483,165,140,282
466,170,162,296
456,170,176,300
446,172,189,305
441,176,199,290
439,176,216,292
442,287,80,84
452,285,82,86
454,283,84,89
462,279,85,90
470,275,87,90
478,271,88,91
480,267,92,92
482,263,95,93
484,259,99,94
486,255,102,95
489,252,106,96
495,250,104,93
495,245,107,95
496,243,109,95
498,241,111,96
499,240,113,96
501,238,115,97
502,237,118,97
503,235,119,97
504,233,121,97
505,231,122,97
505,229,124,97
506,227,125,97
507,225,126,97
508,223,128,97
509,221,131,97
508,221,135,97
507,220,140,97
506,220,144,97
505,219,148,97
504,219,153,96
502,218,156,96
500,218,159,96
498,218,162,96
499,219,165,96
493,218,169,96
491,218,172,96
491,218,175,96
488,218,178,96
486,218,181,96
484,218,185,94
481,220,183,94
474,222,184,92
468,222,189,90
463,223,194,89
457,223,199,88
452,224,205,87
445,223,207,87
435,224,212,86
425,222,222,86
427,223,219,84
420,225,224,80
414,227,230,77
407,229,235,74
401,231,241,71
398,232,248,71
395,232,249,72
392,241,248,65
391,244,250,67
385,250,257,69
385,250,261,73
389,255,263,78
391,253,261,76
396,263,258,71
407,265,260,74
419,267,267,80
435,271,263,84
454,273,263,91
454,272,264,92
471,280,262,93
488,289,262,94
498,298,261,96
509,302,263,101
519,308,261,102
520,312,263,99
530,317,263,100
531,321,264,105
537,326,265,107
545,331,264,105
545,333,263,104
547,334,261,102
551,335,260,105
555,337,258,103
560,339,256,101
564,341,254,99
569,338,250,102
573,335,246,105
580,332,243,105
588,329,239,106
595,326,236,106
602,324,232,105
605,322,227,105
608,320,223,106
611,318,219,106
614,317,215,107
612,316,216,108
610,312,208,108
606,309,202,103
604,308,198,101
602,307,193,100
593,303,192,102
590,295,180,108
582,290,165,113
574,292,164,112
573,294,165,107
566,291,164,115
561,293,148,116
559,294,142,130
553,299,134,132
549,305,128,135
551,305,128,136
549,312,121,135
555,324,112,130
555,339,108,124
549,354,113,119
537,365,122,109
543,368,116,106
538,373,123,102
539,382,117,96
539,384,114,93
543,386,114,91
544,388,109,87
545,387,110,88
548,387,107,87
550,386,108,87
554,387,105,86
558,388,105,84
560,389,103,81
561,389,103,81
563,389,99,81
568,389,98,83
571,392,92,77
573,391,93,76
575,391,91,77
577,391,89,76
580,391,87,77
583,390,86,76
587,391,84,76
591,393,82,76
594,394,82,79
595,395,83,78
600,393,80,82
605,397,79,80
611,400,77,78
617,403,75,78
622,407,74,76
623,407,73,76
628,410,75,75
632,412,76,76
634,414,75,77
638,419,75,76
642,424,72,75
644,425,71,75
647,430,71,73
654,433,67,72
662,436,64,71
668,437,62,69
672,437,62,70
671,437,63,70
675,437,61,69
678,436,65,70
685,437,64,65
